bat	flyst.	alt	vx	vy	vz	theta	phi	psi	px	py
0	0	0	0	0	0	0	0	0	0	0
0	0	0	0	0	0	0	0	0	0	0
0	0	0	0	0	0	0	0	0	0	0
0	0	0	0	0	0	0	0	0	0	0
0	0	0	0	0	0	0	0	0	0	0
0	0	0	0	0	0	0	0	0	0	0
0	0	0	0	0	0	0	0	0	0	0
0	0	0	0	0	0	0	0	0	0	0
0	0	0	0	0	0	0	0	0	0	0
0	0	0	0	0	0	0	0	0	0	0
0	0	0	0	0	0	0	0	0	0	0
0	0	0	0	0	0	0	0	0	0	0
0	0	0	0	0	0	0	0	0	0	0
0	0	0	0	0	0	0	0	0	0	0
0	0	0	0	0	0	0	0	0	0	0
0	0	0	0	0	0	0	0	0	0	0
0	0	0	0	0	0	0	0	0	0	0
0	0	0	0	0	0	0	0	0	0	0
0	0	0	0	0	0	0	0	0	0	0
0	0	0	0	0	0	0	0	0	0	0
0	0	0	0	0	0	0	0	0	0	0
0	0	0	0	0	0	0	0	0	0	0
0	0	0	0	0	0	0	0	0	0	0
0	0	0	0	0	0	0	0	0	0	0
0	0	0	0	0	0	0	0	0	0	0
0	0	0	0	0	0	0	0	0	0	0
0	0	0	0	0	0	0	0	0	0	0
0	0	0	0	0	0	0	0	0	0	0
0	0	0	0	0	0	0	0	0	0	0
0	0	0	0	0	0	0	0	0	0	0
0	0	0	0	0	0	0	0	0	0	0
0	0	0	0	0	0	0	0	0	0	0
0	0	0	0	0	0	0	0	0	0	0
0	0	0	0	0	0	0	0	0	0	0
0	0	0	0	0	0	0	0	0	0	0
0	0	0	0	0	0	0	0	0	0	0
0	0	0	0	0	0	0	0	0	0	0
0	0	0	0	0	0	0	0	0	0	0
0	0	0	0	0	0	0	0	0	0	0
0	0	0	0	0	0	0	0	0	0	0
0	0	0	0	0	0	0	0	0	0	0
0	0	0	0	0	0	0	0	0	0	0
0	0	0	0	0	0	0	0	0	0	0
0	0	0	0	0	0	0	0	0	0	0
0	0	0	0	0	0	0	0	0	0	0
0	0	0	0	0	0	0	0	0	0	0
0	0	0	0	0	0	0	0	0	0	0
0	0	0	0	0	0	0	0	0	0	0
0	0	0	0	0	0	0	0	0	0	0
0	0	0	0	0	0	0	0	0	0	0
0	0	0	0	0	0	0	0	0	0	0
0	0	0	0	0	0	0	0	0	0	0
0	0	0	0	0	0	0	0	0	0	0
0	0	0	0	0	0	0	0	0	0	0
0	0	0	0	0	0	0	0	0	0	0
0	0	0	0	0	0	0	0	0	0	0
0	0	0	0	0	0	0	0	0	0	0
31	0	0	0	0	0	0	0	0	0	0
31	0	0	0	0	0	0	0	0	0	0
31	0	0	0	0	0	0	0	0	0	0
31	0	0	0	0	0	0	0	0	0	0
31	0	0	0	0	0	0	0	0	0	0
31	0	0	0	0	0	0	0	0	0	0
31	0	0	0	0	0	0	0	0	0	0
31	0	0	0	0	0	0	0	0	0	0
31	0	0	0	0	0	0	0	0	0	0
31	0	0	0	0	0	0	0	0	0	0
31	0	0	0	0	0	0	0	0	0	0
31	0	0	0	0	0	0	0	0	0	0
31	0	0	0	0	0	0	0	0	0	0
31	0	0	0	0	0	0	0	0	0	0
31	0	0	0	0	0	0	0	0	0	0
31	0	0	0	0	0	0	0	0	0	0
31	0	0	0	0	0	0	0	0	0	0
31	0	0	0	0	0	0	0	0	0	0
31	0	0	0	0	0	0	0	0	0	0
31	0	0	0	0	0	0	0	0	0	0
31	0	0	0	0	0	0	0	0	0	0
31	0	0	0	0	0	0	0	0	0	0
31	0	0	0	0	0	0	0	0	0	0
31	0	0	0	0	0	0	0	0	0	0
31	0	0	0	0	0	0	0	0	0	0
31	0	0	0	0	0	0	0	0	0	0
31	0	0	0	0	0	0	0	0	0	0
31	0	0	0	0	0	0	0	0	0	0
31	0	0	0	0	0	0	0	0	0	0
31	0	0	0	0	0	0	0	0	0	0
31	0	0	0	0	0	0	0	0	0	0
31	0	0	0	0	0	0	0	0	0	0
31	0	0	0	0	0	0	0	0	0	0
31	0	0	0	0	0	0	0	0	0	0
31	0	0	0	0	0	0	0	0	0	0
31	0	0	0	0	0	0	0	0	0	0
31	0	0	0	0	0	0	0	0	0	0
31	0	0	0	0	0	0	0	0	0	0
31	0	0	0	0	0	0	0	0	0	0
31	0	0	0	0	0	0	0	0	0	0
31	0	0	0	0	0	0	0	0	0	0
31	0	0	0	0	0	0	0	0	0	0
31	0	0	0	0	0	0	0	0	0	0
31	0	0	0	0	0	0	0	0	0	0
31	0	0	0	0	0	0	0	0	0	0
31	0	0	0	0	0	0	0	0	0	0
31	0	0	0	0	0	0	0	0	0	0
31	0	0	0	0	0	0	0	0	0	0
31	0	0	0	0	0	0	0	0	0	0
31	0	0	0	0	0	0	0	0	0	0
31	0	0	0	0	0	0	0	0	0	0
31	0	0	0	0	0	0	0	0	0	0
31	0	0	0	0	0	0	0	0	0	0
31	0	0	0	0	0	0	0	0	0	0
31	0	0	0	0	0	0	0	0	0	0
31	0	0	0	0	0	0	0	0	0	0
31	0	0	0	0	0	0	0	0	0	0
31	0	0	0	0	0	0	0	0	0	0
31	0	0	0	0	0	0	0	0	0	0
31	0	0	0	0	0	0	0	0	0	0
31	0	0	0	0	0	0	0	0	0	0
31	0	0	0	0	0	0	0	0	0	0
31	0	0	0	0	0	0	0	0	0	0
31	0	0	0	0	0	0	0	0	0	0
31	0	0	0	0	0	0	0	0	0	0
31	0	0	0	0	0	0	0	0	0	0
31	0	0	0	0	0	0	0	0	0	0
31	0	0	0	0	0	0	0	0	0	0
31	0	0	0	0	0	0	0	0	0	0
31	0	0	0	0	0	0	0	0	0	0
31	0	0	0	0	0	0	0	0	0	0
31	0	0	0	0	0	0	0	0	0	0
31	0	0	0	0	0	0	0	0	0	0
31	0	0	0	0	0	0	0	0	0	0
31	0	0	0	0	0	0	0	0	0	0
31	0	0	0	0	0	0	0	0	0	0
31	0	0	0	0	0	0	0	0	0	0
31	0	0	0	0	0	0	0	0	0	0
31	0	0	0	0	0	0	0	0	0	0
31	0	0	0	0	0	0	0	0	0	0
31	0	0	0	0	0	0	0	0	0	0
31	0	0	0	0	0	0	0	0	0	0
31	0	0	0	0	0	0	0	0	0	0
31	0	0	0	0	0	0	0	0	0	0
31	0	0	0	0	0	0	0	0	0	0
31	0	0	0	0	0	0	0	0	0	0
31	0	0	0	0	0	0	0	0	0	0
31	0	0	0	0	0	0	0	0	0	0
31	0	0	0	0	0	0	0	0	0	0
31	0	0	0	0	0	0	0	0	0	0
31	0	0	0	0	0	0	0	0	0	0
31	0	0	0	0	0	0	0	0	0	0
31	0	0	0	0	0	0	0	0	0	0
31	0	0	0	0	0	0	0	0	0	0
31	0	0	0	0	0	0	0	0	0	0
31	0	0	0	0	0	0	0	0	0	0
31	0	0	0	0	0	0	0	0	0	0
31	0	0	0	0	0	0	0	0	0	0
31	0	0	0	0	0	0	0	0	0	0
31	0	0	0	0	0	0	0	0	0	0
31	0	0	0	0	0	0	0	0	0	0
31	0	0	0	0	0	0	0	0	0	0
31	0	0	0	0	0	0	0	0	0	0
31	0	0	0	0	0	0	0	0	0	0
31	0	0	0	0	0	0	0	0	0	0
31	0	0	0	0	0	0	0	0	0	0
31	0	0	0	0	0	0	0	0	0	0
31	0	0	0	0	0	0	0	0	0	0
31	0	0	0	0	0	0	0	0	0	0
31	0	0	0	0	0	0	0	0	0	0
31	0	0	0	0	0	0	0	0	0	0
31	0	0	0	0	0	0	0	0	0	0
31	0	0	0	0	0	0	0	0	0	0
31	0	0	0	0	0	0	0	0	0	0
31	0	0	0	0	0	0	0	0	0	0
31	0	0	0	0	0	0	0	0	0	0
0	0	0	0	0	0	0	0	0	0	0
0	0	0	0	0	0	0	0	0	0	0
0	0	0	0	0	0	0	0	0	0	0
0	0	0	0	0	0	0	0	0	0	0
31	0	0	0	-1	0	0	0	0	0	0
31	0	0	0	-1	0	0	0	0	0	0
31	0	0	0	-1	0	0	0	0	0	0
31	0	0	0	0	0	0	0	0	0	0
31	0	0	0	0	0	0	0	0	0	0
31	0	0	0	0	0	0	0	0	0	0
31	0	0	0	0	0	0	0	0	0	0
31	0	0	0	0	0	0	0	0	0	0
31	0	0	0	0	0	0	0	0	0	0
31	0	0	0	0	0	0	0	0	0	0
31	0	0	0	0	0	0	0	0	0	0
31	0	0	0	0	0	0	0	0	0	0
31	0	0	0	0	0	0	0	0	0	0
31	0	0	0	0	0	0	0	0	0	0
31	0	0	0	0	0	0	0	0	0	0
31	0	0	0	0	0	0	0	0	0	0
31	0	0	0	0	0	0	0	0	0	0
31	0	0	0	0	0	0	0	0	0	0
31	0	0	0	0	0	0	0	0	0	0
31	0	0	0	0	0	0	0	0	0	0
31	0	0	0	0	0	0	0	0	0	0
31	0	0	0	0	0	0	0	0	0	0
31	0	0	0	0	0	0	0	0	0	0
31	0	0	0	0	0	0	0	0	0	0
31	0	0	0	0	0	0	0	0	0	0
31	0	0	0	0	0	0	0	0	0	0
31	0	0	0	0	0	0	0	0	0	0
31	0	0	0	0	0	0	0	0	0	0
31	0	0	0	0	0	0	0	0	0	0
31	0	0	0	0	0	0	0	0	0	0
31	0	0	0	0	0	0	0	0	0	0
31	0	0	0	0	0	0	0	0	0	0
31	0	0	0	0	0	0	0	0	0	0
31	0	0	0	0	0	0	0	0	0	0
31	0	0	0	0	0	0	0	0	0	0
31	0	0	0	0	0	0	0	0	0	0
31	0	0	0	0	0	0	0	0	0	0
31	0	0	0	0	0	0	0	0	0	0
31	0	0	0	0	0	0	0	0	0	0
31	0	0	0	0	0	0	0	0	0	0
31	0	0	0	0	0	0	0	0	0	0
31	0	0	0	0	0	0	0	0	0	0
31	0	0	0	0	0	0	0	0	0	0
31	0	0	0	0	0	0	0	0	0	0
31	0	0	0	0	0	0	0	0	0	0
31	0	0	0	0	0	0	0	0	0	0
31	0	0	0	0	0	0	0	0	0	0
31	0	0	0	0	0	0	0	0	0	0
31	0	0	0	0	0	0	0	0	0	0
31	0	0	0	0	0	0	0	0	0	0
31	0	0	0	0	0	0	0	0	0	0
31	0	0	0	0	0	0	0	0	0	0
31	0	0	0	0	0	0	0	0	0	0
31	0	0	0	0	0	0	0	0	0	0
31	0	0	0	0	0	0	0	0	0	0
31	0	0	1	-1	0	0	0	0	0	0
31	0	0	1	-1	0	0	0	0	0	0
31	0	0	1	-1	0	0	0	0	0	0
31	0	0	1	-1	0	0	0	0	0	0
31	0	0	0	0	0	0	0	0	0	0
31	0	0	0	0	0	0	0	0	0	0
31	0	0	0	0	0	0	0	0	0	0
31	0	0	1	0	0	0	0	0	0	0
31	0	0	1	0	0	0	0	0	0	0
31	0	0	1	0	0	0	0	0	0	0
31	0	0	0	0	0	0	0	0	0	0
31	0	0	0	0	0	0	0	0	0	0
31	0	0	0	0	0	0	0	0	0	0
31	0	0	0	-1	0	0	0	0	0	0
31	0	0	0	-1	0	0	0	0	0	0
31	0	0	0	-1	0	0	0	0	0	0
31	0	0	0	0	0	0	0	0	0	0
31	0	0	0	0	0	0	0	0	0	0
31	0	0	0	0	0	0	0	0	0	0
31	0	0	0	0	0	0	0	0	0	0
31	0	0	0	0	0	0	0	0	0	0
31	0	0	0	0	0	0	0	0	0	0
31	0	0	1	0	0	0	0	0	0	0
31	0	0	1	0	0	0	0	0	0	0
31	0	0	1	0	0	0	0	0	0	0
31	0	0	0	0	0	0	0	0	0	0
31	0	0	0	0	0	0	0	0	0	0
31	0	0	0	0	0	0	0	0	0	0
31	0	0	0	0	0	0	0	0	0	0
31	0	0	0	0	0	0	0	0	0	0
31	0	0	0	0	0	0	0	0	0	0
31	0	0	0	0	0	0	0	0	0	0
31	0	0	0	0	0	0	0	0	0	0
31	0	0	0	0	0	0	0	0	0	0
31	0	0	0	0	0	0	0	0	0	0
31	0	0	0	0	0	0	0	0	0	0
31	0	0	0	0	0	0	0	0	0	0
31	0	0	0	0	0	0	0	0	0	0
31	0	0	0	0	0	0	0	0	0	0
31	0	0	0	0	0	0	0	0	0	0
31	0	0	0	0	0	0	0	0	0	0
31	0	0	0	0	0	0	0	0	0	0
31	0	0	0	0	0	0	0	0	0	0
31	0	0	0	0	0	0	0	0	0	0
31	0	0	0	0	0	0	0	0	0	0
31	0	0	0	0	0	0	0	0	0	0
31	0	0	0	0	0	0	0	0	0	0
31	0	0	0	-1	0	0	0	0	0	0
31	0	0	0	-1	0	0	0	0	0	0
31	0	0	0	-1	0	0	0	0	0	0
31	0	0	0	-1	0	0	0	0	0	0
31	0	0	0	-1	0	0	0	0	0	0
31	0	0	0	-1	0	0	0	0	0	0
31	0	0	0	-1	0	0	0	0	0	0
31	0	0	0	-1	0	0	0	0	0	0
31	0	0	0	-1	0	0	0	0	0	0
31	0	0	-1	1	0	0	0	0	0	0
31	0	0	-1	1	0	0	0	0	0	0
31	0	0	-1	1	0	0	0	0	0	0
31	0	0	-1	1	0	0	0	0	0	0
31	0	0	-1	1	0	0	0	0	0	0
31	0	0	-1	1	0	0	0	0	0	0
31	0	0	0	-2	0	0	0	1	0	0
31	0	0	0	-2	0	0	0	1	0	0
31	0	0	0	-2	0	0	0	1	0	0
31	0	0	0	0	0	0	0	1	0	0
31	0	0	0	0	0	0	0	1	0	0
31	0	0	0	0	0	0	0	1	0	0
31	0	0	0	-2	0	0	0	1	0	0
31	0	0	0	-2	0	0	0	1	0	0
31	0	0	0	-2	0	0	0	1	0	0
31	0	0	-2	0	0	0	0	1	0	0
31	0	0	-2	0	0	0	0	1	0	0
31	0	0	-2	0	0	0	0	1	0	0
31	0	0	-2	0	0	0	0	1	0	0
31	0	0	0	1	0	0	0	1	0	0
31	0	0	0	1	0	0	0	1	0	0
31	0	0	0	1	0	0	0	1	0	0
31	0	0	2	2	0	-1	0	0	0	0
31	0	0	2	2	0	-1	0	0	0	0
31	0	0	2	2	0	-1	0	0	0	0
31	0	0	5	3	0	-1	1	0	0	0
31	0	0	5	3	0	-1	1	0	0	0
31	0	0	5	3	0	-1	1	0	0	0
31	0	0	8	7	0	-2	1	0	0	0
31	0	0	8	7	0	-2	1	0	1	0
31	0	0	8	7	0	-2	1	0	1	0
31	0	0	15	11	0	-2	2	0	1	0
31	0	0	15	11	0	-2	2	0	1	0
31	0	0	15	11	0	-2	2	0	2	0
31	0	0	19	15	0	-3	2	0	2	0
31	0	0	19	15	0	-3	2	0	2	1
31	0	0	19	15	0	-3	2	0	3	1
31	0	0	26	14	0	-3	1	0	3	1
31	0	0	26	14	0	-3	1	0	4	2
31	0	0	26	14	0	-3	1	0	4	2
31	0	0	31	11	0	-2	1	0	5	2
31	0	0	31	11	0	-2	1	0	5	2
31	0	0	31	11	0	-2	1	0	6	3
31	0	0	26	9	0	-2	1	0	7	3
31	0	0	26	9	0	-2	1	0	7	3
31	0	0	26	9	0	-2	1	0	8	3
31	0	0	14	7	0	0	1	1	8	3
31	0	0	14	7	0	0	1	1	9	4
31	0	0	14	7	0	0	1	1	9	4
31	0	0	7	7	0	0	0	1	9	4
31	0	0	7	7	0	0	0	1	9	4
31	0	0	7	7	0	0	0	1	10	4
31	0	0	7	7	0	0	0	1	10	4
31	0	0	2	5	0	0	0	1	10	5
31	0	0	2	5	0	0	0	1	10	5
31	0	0	2	5	0	0	0	1	10	5
31	0	0	0	6	0	0	0	1	10	5
31	0	0	0	6	0	0	0	1	10	5
31	0	0	0	6	0	0	0	1	10	5
31	0	0	-5	9	0	1	0	1	10	5
31	0	0	-5	9	0	1	0	1	10	6
31	0	0	-5	9	0	1	0	1	10	6
31	0	0	-7	7	0	1	0	1	10	6
31	0	0	-7	7	0	1	0	1	10	6
31	0	0	-7	7	0	1	0	1	9	6
31	0	0	-6	6	0	0	0	1	9	6
31	0	0	-6	6	0	0	0	1	9	7
31	0	0	-6	6	0	0	0	1	9	7
31	0	0	-2	5	0	0	0	1	9	7
31	0	0	-2	5	0	0	0	1	9	7
31	0	0	-2	5	0	0	0	1	9	7
31	0	0	0	6	0	0	0	1	9	7
31	0	0	0	6	0	0	0	1	9	7
31	0	0	0	6	0	0	0	1	9	7
31	0	0	-3	7	0	0	0	-4	9	8
31	0	0	-3	7	0	0	0	-4	9	8
31	0	0	-3	7	0	0	0	-4	9	8
31	0	258	14	24	0	1	0	-4	8	8
31	0	258	14	24	0	1	0	-4	9	9
31	0	258	14	24	0	1	0	-4	9	9
31	0	279	0	-83	0	2	-1	-4	9	10
31	0	279	0	-83	0	2	-1	-4	9	8
31	0	279	0	-83	0	2	-1	-4	9	6
31	0	296	-25	-40	0	3	-3	-4	9	4
31	0	296	-25	-40	0	3	-3	-4	9	3
31	0	296	-25	-40	0	3	-3	-4	8	3
31	0	296	-25	-40	0	3	-3	-4	8	2
31	0	327	-79	-99	0	4	-4	-4	7	1
31	0	327	-79	-99	0	4	-4	-4	6	0
31	0	327	-79	-99	0	4	-4	-4	4	-2
31	0	372	-161	-174	0	4	-3	-4	2	-4
31	0	372	-161	-174	0	4	-3	-4	0	-8
31	0	372	-161	-174	0	4	-3	-4	-3	-12
31	0	417	-195	-167	0	3	-1	-4	-7	-15
31	0	417	-195	-167	0	3	-1	-4	-11	-19
31	0	417	-195	-167	0	3	-1	-4	-15	-22
31	0	477	-182	-111	0	1	0	-4	-19	-26
31	0	477	-182	-111	0	1	0	-4	-23	-28
31	0	477	-182	-111	0	1	0	-4	-27	-31
31	0	524	-140	-44	0	0	2	-5	-31	-33
31	0	524	-140	-44	0	0	2	-5	-34	-34
31	0	524	-140	-44	0	0	2	-5	-37	-35
31	0	569	-105	0	0	-1	3	-5	-40	-36
31	0	569	-105	0	0	-1	3	-5	-42	-36
31	0	569	-105	0	0	-1	3	-5	-44	-36
31	0	612	-84	31	0	-1	3	-5	-46	-36
31	0	612	-84	31	0	-1	3	-5	-48	-35
31	0	612	-84	31	0	-1	3	-5	-50	-34
31	0	639	-66	52	0	-1	2	-5	-52	-34
31	0	639	-66	52	0	-1	2	-5	-53	-33
31	0	639	-66	52	0	-1	2	-5	-54	-32
31	0	661	-51	56	0	-1	0	-5	-56	-30
31	0	661	-51	56	0	-1	0	-5	-57	-29
31	0	661	-51	56	0	-1	0	-5	-58	-28
31	0	661	-51	56	0	-1	0	-5	-59	-27
31	0	678	-44	8	0	0	-4	-5	-60	-26
31	0	678	-44	8	0	0	-4	-5	-61	-26
31	0	689	-6	-94	0	0	-7	-5	-62	-25
31	0	689	-6	-94	0	0	-7	-5	-62	-27
31	0	689	-6	-94	0	0	-7	-5	-62	-29
31	0	699	35	-210	0	0	-6	-5	-62	-31
31	0	699	35	-210	0	0	-6	-5	-62	-36
31	0	699	35	-210	0	0	-6	-5	-61	-40
31	0	699	35	-210	0	0	-6	-5	-60	-45
31	0	700	32	-229	0	0	-1	-4	-59	-49
31	0	700	32	-229	0	0	-1	-4	-59	-54
31	0	700	32	-229	0	0	-1	-4	-58	-59
31	0	699	29	-207	0	0	2	-4	-57	-63
31	0	699	29	-207	0	0	2	-4	-57	-68
31	0	699	29	-207	0	0	2	-4	-56	-72
31	0	697	24	-151	0	0	4	-4	-56	-76
31	0	697	24	-151	0	0	4	-4	-55	-80
31	0	697	24	-151	0	0	4	-4	-55	-83
31	0	688	18	-86	0	0	5	-4	-54	-86
31	0	688	18	-86	0	0	5	-4	-54	-88
31	0	688	18	-86	0	0	5	-4	-53	-90
31	0	680	16	-25	0	0	4	-4	-53	-92
31	0	680	16	-25	0	0	4	-4	-53	-92
31	0	680	16	-25	0	0	4	-4	-52	-93
31	0	677	15	27	0	0	4	-4	-52	-93
31	0	677	15	27	0	0	4	-4	-52	-93
31	0	677	15	27	0	0	4	-4	-51	-92
31	0	672	16	64	0	0	3	-4	-51	-91
31	0	672	16	64	0	0	3	-4	-51	-90
31	0	672	16	64	0	0	3	-4	-50	-89
31	0	670	16	85	0	0	0	-4	-50	-87
31	0	670	16	85	0	0	0	-4	-50	-85
31	0	670	16	85	0	0	0	-4	-49	-84
31	0	664	24	53	0	-1	-3	-4	-49	-82
31	0	664	24	53	0	-1	-3	-4	-48	-81
31	0	664	24	53	0	-1	-3	-4	-48	-80
31	0	660	11	24	0	-3	-4	-4	-47	-79
31	0	660	11	24	0	-3	-4	-4	-47	-78
31	0	660	11	24	0	-3	-4	-4	-47	-77
31	0	660	11	24	0	-3	-4	-4	-47	-77
31	0	660	-92	50	0	-5	-3	-4	-46	-76
31	0	660	-92	50	0	-5	-3	-4	-48	-75
31	0	660	-92	50	0	-5	-3	-4	-50	-74
31	0	660	-52	50	0	-7	-2	-3	-52	-73
31	0	660	-52	50	0	-7	-2	-3	-53	-72
31	0	660	-52	50	0	-7	-2	-3	-54	-71
31	0	664	56	57	0	-8	-1	-3	-55	-70
31	0	664	56	57	0	-8	-1	-3	-54	-69
31	0	664	56	57	0	-8	-1	-3	-53	-68
31	0	667	109	77	0	-9	0	-3	-52	-66
31	0	667	109	77	0	-9	0	-3	-49	-65
31	0	667	109	77	0	-9	0	-3	-47	-63
31	0	671	202	99	0	-9	0	-3	-45	-62
31	0	671	202	99	0	-9	0	-3	-41	-59
31	0	671	202	99	0	-9	0	-3	-36	-57
31	0	675	338	135	0	-4	0	-3	-32	-55
31	0	675	338	135	0	-4	0	-3	-25	-53
31	0	675	338	135	0	-4	0	-3	-17	-49
31	0	680	308	143	0	1	0	-3	-10	-46
31	0	680	308	143	0	1	0	-3	-4	-44
31	0	680	308	143	0	1	0	-3	2	-41
31	0	692	247	132	0	5	0	-3	8	-38
31	0	692	247	132	0	5	0	-3	13	-35
31	0	692	247	132	0	5	0	-3	19	-32
31	0	700	165	120	0	6	0	-3	24	-29
31	0	700	165	120	0	6	0	-3	27	-27
31	0	700	165	120	0	6	0	-3	31	-24
31	0	704	77	110	0	6	0	-3	34	-22
31	0	704	77	110	0	6	0	-3	36	-19
31	0	704	77	110	0	6	0	-3	37	-17
31	0	705	35	108	0	1	0	-3	39	-15
31	0	705	35	108	0	1	0	-3	40	-12
31	0	705	35	108	0	1	0	-3	41	-10
31	0	705	35	108	0	1	0	-3	41	-8
31	0	704	37	97	0	-1	-1	-3	42	-6
31	0	704	37	97	0	-1	-1	-3	43	-3
31	0	704	37	97	0	-1	-1	-3	44	-1
31	0	701	58	66	0	-2	-3	-3	44	0
31	0	701	58	66	0	-2	-3	-3	46	1
31	0	701	58	66	0	-2	-3	-3	47	2
31	0	701	79	16	0	-2	-5	-3	48	4
31	0	701	79	16	0	-2	-5	-3	50	4
31	0	701	79	16	0	-2	-5	-3	52	4
31	0	702	90	-49	0	-1	-6	-3	53	5
31	0	702	90	-49	0	-1	-6	-3	55	4
31	0	702	90	-49	0	-1	-6	-3	57	3
31	0	704	90	-126	0	0	-7	-4	59	2
31	0	704	90	-126	0	0	-7	-4	61	0
31	0	704	90	-126	0	0	-7	-4	63	-3
31	0	705	77	-202	0	0	-8	-4	65	-5
31	0	705	77	-202	0	0	-8	-4	66	-10
31	0	705	77	-202	0	0	-8	-4	68	-14
31	0	706	57	-279	0	1	-6	-4	69	-18
31	0	706	57	-279	0	1	-6	-4	71	-24
31	0	706	57	-279	0	1	-6	-4	72	-30
31	0	707	29	-289	0	2	0	-3	73	-36
31	0	707	29	-289	0	2	0	-3	74	-41
31	0	707	29	-289	0	2	0	-3	74	-48
31	0	707	-1	-244	0	2	4	-3	75	-54
31	0	707	-1	-244	0	2	4	-3	75	-59
31	0	707	-1	-244	0	2	4	-3	75	-64
31	0	708	-32	-164	0	2	6	-3	75	-69
31	0	708	-32	-164	0	2	6	-3	74	-72
31	0	708	-32	-164	0	2	6	-3	74	-76
31	0	708	-58	-79	0	2	6	-3	73	-79
31	0	708	-58	-79	0	2	6	-3	72	-81
31	0	708	-58	-79	0	2	6	-3	70	-83
31	0	706	-76	3	0	1	6	-3	69	-84
31	0	706	-76	3	0	1	6	-3	68	-84
31	0	706	-76	3	0	1	6	-3	66	-84
31	0	706	-76	3	0	1	6	-3	64	-84
31	0	705	-91	56	0	1	0	-3	63	-84
31	0	705	-91	56	0	1	0	-3	61	-83
31	0	705	-91	56	0	1	0	-3	59	-82
31	0	702	-104	33	0	0	-5	-3	57	-81
31	0	702	-104	33	0	0	-5	-3	55	-80
31	0	702	-104	33	0	0	-5	-3	53	-79
31	0	698	-112	-43	0	0	-9	-3	50	-78
31	0	698	-112	-43	0	0	-9	-3	48	-79
31	0	698	-112	-43	0	0	-9	-3	46	-80
31	0	693	-117	-151	0	0	-11	-3	43	-81
31	0	693	-117	-151	0	0	-11	-3	41	-84
31	0	693	-117	-151	0	0	-11	-3	38	-88
31	0	690	-80	-284	0	0	-11	-3	36	-91
31	0	690	-80	-284	0	0	-11	-3	34	-97
31	0	690	-80	-284	0	0	-11	-3	32	-103
31	0	689	-80	-398	0	0	-11	-3	31	-109
31	0	689	-80	-398	0	0	-11	-3	29	-117
31	0	689	-80	-398	0	0	-11	-3	27	-125
31	0	681	-84	-490	0	0	-9	-3	26	-134
31	0	681	-84	-490	0	0	-9	-3	24	-144
31	0	681	-84	-490	0	0	-9	-3	22	-154
31	0	675	-89	-548	0	0	-6	-3	20	-165
31	0	675	-89	-548	0	0	-6	-3	18	-176
31	0	675	-89	-548	0	0	-6	-3	16	-189
31	0	664	-94	-569	0	0	-3	-3	15	-200
31	0	664	-94	-569	0	0	-3	-3	13	-212
31	0	664	-94	-569	0	0	-3	-3	11	-224
31	0	656	-97	-555	0	0	0	-3	9	-236
31	0	656	-97	-555	0	0	0	-3	7	-247
31	0	656	-97	-555	0	0	0	-3	4	-259
31	0	645	-98	-505	0	0	3	-3	2	-271
31	0	645	-98	-505	0	0	3	-3	0	-281
31	0	645	-98	-505	0	0	3	-3	-1	-292
31	0	645	-98	-505	0	0	3	-3	-3	-303
31	0	638	-98	-423	0	0	6	-3	-5	-313
31	0	638	-98	-423	0	0	6	-3	-7	-322
31	0	638	-98	-423	0	0	6	-3	-9	-331
31	0	632	-94	-318	0	0	7	-3	-11	-340
31	0	632	-94	-318	0	0	7	-3	-13	-347
31	0	632	-94	-318	0	0	7	-3	-15	-353
31	0	629	-90	-203	0	0	7	-3	-17	-360
31	0	629	-90	-203	0	0	7	-3	-19	-364
31	0	629	-90	-203	0	0	7	-3	-21	-369
31	0	627	-78	-107	0	0	6	-3	-23	-373
31	0	627	-78	-107	0	0	6	-3	-24	-375
31	0	627	-78	-107	0	0	6	-3	-26	-377
31	0	621	-63	-36	0	-1	4	-3	-28	-380
31	0	621	-63	-36	0	-1	4	-3	-29	-380
31	0	621	-63	-36	0	-1	4	-3	-30	-381
31	0	618	-33	-35	0	0	2	-3	-32	-382
31	0	618	-33	-35	0	0	2	-3	-32	-383
31	0	618	-33	-35	0	0	2	-3	-33	-383
31	0	618	-22	-8	0	0	1	-3	-34	-384
31	0	618	-22	-8	0	0	1	-3	-34	-384
31	0	618	-22	-8	0	0	1	-3	-35	-384
31	0	617	-13	6	0	0	0	-3	-35	-385
31	0	617	-13	6	0	0	0	-3	-35	-385
31	0	617	-13	6	0	0	0	-3	-36	-384
31	0	617	-8	10	0	0	0	-3	-36	-384
31	0	617	-8	10	0	0	0	-3	-36	-384
31	0	617	-8	10	0	0	0	-3	-36	-384
31	0	617	-8	10	0	0	0	-3	-37	-384
31	0	618	-2	34	0	0	2	-3	-37	-383
31	0	618	-2	34	0	0	2	-3	-37	-383
31	0	618	-2	34	0	0	2	-3	-37	-382
31	0	618	-1	82	0	0	3	-3	-37	-381
31	0	618	-1	82	0	0	3	-3	-37	-379
31	0	618	-1	82	0	0	3	-3	-37	-378
31	0	622	-4	103	0	0	1	-3	-37	-376
31	0	622	-4	103	0	0	1	-3	-37	-374
31	0	622	-4	103	0	0	1	-3	-37	-372
31	0	627	-11	102	0	0	0	-3	-37	-369
31	0	627	-11	102	0	0	0	-3	-38	-367
31	0	627	-11	102	0	0	0	-3	-38	-365
31	0	630	-20	86	0	0	-1	-3	-38	-363
31	0	630	-20	86	0	0	-1	-3	-38	-361
31	0	630	-20	86	0	0	-1	-3	-39	-359
31	0	634	-26	62	0	0	-2	-3	-39	-358
31	0	634	-26	62	0	0	-2	-3	-40	-356
31	0	634	-26	62	0	0	-2	-3	-40	-355
31	0	637	-30	37	0	0	-2	-3	-41	-354
31	0	637	-30	37	0	0	-2	-3	-42	-353
31	0	637	-30	37	0	0	-2	-3	-42	-352
31	0	638	-34	16	0	0	-1	-3	-43	-351
31	0	638	-34	16	0	0	-1	-3	-44	-351
31	0	638	-34	16	0	0	-1	-3	-44	-351
31	0	644	-34	0	0	0	-1	-3	-45	-350
31	0	644	-34	0	0	0	-1	-3	-46	-350
31	0	644	-34	0	0	0	-1	-3	-47	-350
31	0	648	-31	-11	0	0	-1	-3	-47	-350
31	0	648	-31	-11	0	0	-1	-3	-48	-351
31	0	648	-31	-11	0	0	-1	-3	-49	-351
31	0	650	-26	-15	0	0	0	-3	-49	-351
31	0	650	-26	-15	0	0	0	-3	-50	-351
31	0	650	-26	-15	0	0	0	-3	-50	-352
31	0	650	-26	-15	0	0	0	-3	-51	-352
31	0	655	-19	-18	0	0	0	-3	-51	-352
31	0	655	-19	-18	0	0	0	-3	-52	-353
31	0	655	-19	-18	0	0	0	-3	-52	-353
31	0	657	-13	-17	0	0	0	-4	-53	-353
31	0	657	-13	-17	0	0	0	-4	-53	-354
31	0	657	-13	-17	0	0	0	-4	-53	-354
31	0	661	-8	-16	0	0	0	-4	-54	-355
31	0	661	-8	-16	0	0	0	-4	-54	-355
31	0	661	-8	-16	0	0	0	-4	-54	-355
31	0	666	-4	-13	0	0	0	-4	-54	-356
31	0	666	-4	-13	0	0	0	-4	-54	-356
31	0	666	-4	-13	0	0	0	-4	-54	-356
31	0	670	0	-14	0	0	0	-4	-54	-357
31	0	670	0	-14	0	0	0	-4	-54	-357
31	0	670	0	-14	0	0	0	-4	-54	-357
31	0	677	3	-15	0	0	0	-4	-54	-357
31	0	677	3	-15	0	0	0	-4	-54	-358
31	0	677	3	-15	0	0	0	-4	-54	-358
31	0	681	5	-16	0	0	0	-4	-54	-358
31	0	681	5	-16	0	0	0	-4	-54	-359
31	0	681	5	-16	0	0	0	-4	-54	-359
31	0	685	5	-18	0	0	0	-4	-54	-359
31	0	685	5	-18	0	0	0	-4	-54	-360
31	0	685	5	-18	0	0	0	-4	-54	-360
31	0	687	6	-20	0	0	0	-4	-53	-361
31	0	687	6	-20	0	0	0	-4	-53	-361
31	0	687	6	-20	0	0	0	-4	-53	-361
31	0	691	5	-19	0	0	0	-2	-53	-362
31	0	691	5	-19	0	0	0	-2	-53	-362
31	0	691	5	-19	0	0	0	-2	-53	-363
31	0	696	3	-20	0	0	0	0	-53	-363
31	0	696	3	-20	0	0	0	0	-53	-364
31	0	696	3	-20	0	0	0	0	-53	-364
31	0	701	0	-20	0	0	0	4	-52	-364
31	0	701	0	-20	0	0	0	4	-52	-365
31	0	701	0	-20	0	0	0	4	-53	-365
31	0	701	0	-20	0	0	0	4	-53	-366
31	0	703	-2	-20	0	0	0	8	-53	-366
31	0	703	-2	-20	0	0	0	8	-53	-367
31	0	703	-2	-20	0	0	0	8	-53	-367
31	0	707	-4	-19	0	0	0	12	-53	-367
31	0	707	-4	-19	0	0	0	12	-53	-368
31	0	707	-4	-19	0	0	0	12	-53	-368
31	0	711	-6	-21	0	0	0	16	-53	-369
31	0	711	-6	-21	0	0	0	16	-53	-369
31	0	711	-6	-21	0	0	0	16	-53	-370
31	0	716	-9	-24	0	0	0	20	-53	-370
31	0	716	-9	-24	0	0	0	20	-54	-371
31	0	716	-9	-24	0	0	0	20	-54	-371
31	0	718	-13	-27	0	0	0	24	-54	-372
31	0	718	-13	-27	0	0	0	24	-54	-372
31	0	718	-13	-27	0	0	0	24	-54	-373
31	0	721	-17	-28	0	0	0	29	-55	-373
31	0	721	-17	-28	0	0	0	29	-55	-374
31	0	721	-17	-28	0	0	0	29	-56	-375
31	0	725	-25	-30	0	0	0	33	-56	-375
31	0	725	-25	-30	0	0	0	33	-56	-376
31	0	725	-25	-30	0	0	0	33	-57	-376
31	0	724	-30	-33	0	0	0	37	-57	-377
31	0	724	-30	-33	0	0	0	37	-58	-378
31	0	724	-30	-33	0	0	0	37	-59	-378
31	0	723	-40	-34	0	0	0	42	-59	-379
31	0	723	-40	-34	0	0	0	42	-60	-380
31	0	723	-40	-34	0	0	0	42	-61	-381
31	0	725	-49	-35	0	0	0	46	-62	-381
31	0	725	-49	-35	0	0	0	46	-63	-382
31	0	725	-49	-35	0	0	0	46	-64	-383
31	0	724	-58	-35	0	0	0	50	-65	-384
31	0	724	-58	-35	0	0	0	50	-66	-384
31	0	724	-58	-35	0	0	0	50	-67	-385
31	0	724	-58	-35	0	0	0	54	-69	-386
31	0	726	-70	-34	0	0	0	54	-70	-387
31	0	726	-70	-34	0	0	0	54	-71	-387
31	0	726	-70	-34	0	0	0	54	-73	-388
31	0	727	-84	-30	0	0	0	59	-74	-389
31	0	727	-84	-30	0	0	0	59	-76	-389
31	0	727	-84	-30	0	0	0	59	-78	-390
31	0	727	-98	-24	0	0	0	63	-80	-391
31	0	727	-98	-24	0	0	0	63	-82	-391
31	0	727	-98	-24	0	0	0	63	-84	-392
31	0	728	-113	-15	0	1	0	67	-86	-392
31	0	728	-113	-15	0	1	0	67	-88	-393
31	0	728	-113	-15	0	1	0	67	-91	-393
31	0	728	-126	-8	0	1	0	72	-93	-393
31	0	728	-126	-8	0	1	0	72	-96	-393
31	0	728	-126	-8	0	1	0	72	-99	-394
31	0	727	-137	0	0	0	0	76	-101	-394
31	0	727	-137	0	0	0	0	76	-104	-394
31	0	727	-137	0	0	0	0	76	-107	-394
31	0	727	-154	10	0	1	0	78	-110	-394
31	0	727	-154	10	0	1	0	78	-113	-394
31	0	727	-154	10	0	1	0	78	-117	-393
31	0	727	-162	23	0	0	0	81	-120	-393
31	0	727	-162	23	0	0	0	81	-123	-393
31	0	727	-162	23	0	0	0	81	-127	-392
31	0	727	-159	30	0	0	0	82	-130	-392
31	0	727	-159	30	0	0	0	82	-133	-391
31	0	727	-159	30	0	0	0	82	-137	-390
31	0	728	-143	31	0	-1	0	84	-140	-390
31	0	728	-143	31	0	-1	0	84	-143	-389
31	0	728	-143	31	0	-1	0	84	-146	-388
31	0	725	-122	27	0	-2	0	85	-149	-388
31	0	725	-122	27	0	-2	0	85	-152	-387
31	0	725	-122	27	0	-2	0	85	-154	-387
31	0	724	-100	23	0	-2	0	85	-157	-386
31	0	724	-100	23	0	-2	0	85	-159	-386
31	0	724	-100	23	0	-2	0	85	-161	-385
31	0	724	-100	23	0	-2	0	85	-163	-385
31	0	723	-83	21	0	-1	0	86	-165	-384
31	0	723	-83	21	0	-1	0	86	-167	-384
31	0	723	-83	21	0	-1	0	86	-169	-383
31	0	727	-73	18	0	-1	0	86	-171	-383
31	0	727	-73	18	0	-1	0	86	-172	-382
31	0	727	-73	18	0	-1	0	86	-174	-382
31	0	728	-68	18	0	0	0	86	-175	-382
31	0	728	-68	18	0	0	0	86	-177	-381
31	0	728	-68	18	0	0	0	86	-178	-381
31	0	727	-66	20	0	0	0	87	-179	-380
31	0	727	-66	20	0	0	0	87	-181	-380
31	0	727	-66	20	0	0	0	87	-182	-380
31	0	726	-66	23	0	0	0	87	-184	-379
31	0	726	-66	23	0	0	0	87	-185	-379
31	0	726	-66	23	0	0	0	87	-186	-378
31	0	724	-65	24	0	0	0	87	-188	-378
31	0	724	-65	24	0	0	0	87	-189	-377
31	0	724	-65	24	0	0	0	87	-191	-377
31	0	724	-62	24	0	0	0	87	-192	-376
31	0	724	-62	24	0	0	0	87	-193	-376
31	0	724	-62	24	0	0	0	87	-195	-375
31	0	725	-58	22	0	-1	0	87	-196	-375
31	0	725	-58	22	0	-1	0	87	-197	-374
31	0	725	-58	22	0	-1	0	87	-198	-374
31	0	727	-56	17	0	-1	0	87	-200	-373
31	0	727	-56	17	0	-1	0	87	-201	-373
31	0	727	-56	17	0	-1	0	87	-202	-372
31	0	730	-53	10	0	-1	0	87	-203	-372
31	0	730	-53	10	0	-1	0	87	-204	-372
31	0	730	-53	10	0	-1	0	87	-205	-371
31	0	730	-53	10	0	-1	0	87	-207	-371
31	0	732	-56	0	0	0	0	87	-208	-371
31	0	732	-56	0	0	0	0	87	-209	-371
31	0	732	-56	0	0	0	0	87	-210	-371
31	0	737	-86	-13	0	2	-1	86	-211	-371
31	0	737	-86	-13	0	2	-1	86	-213	-371
31	0	737	-86	-13	0	2	-1	86	-215	-372
31	0	741	-149	-27	0	5	-1	86	-217	-372
31	0	741	-149	-27	0	5	-1	86	-220	-372
31	0	741	-149	-27	0	5	-1	86	-223	-373
31	0	751	-244	-39	0	8	0	86	-226	-374
31	0	751	-244	-39	0	8	0	86	-231	-374
31	0	751	-244	-39	0	8	0	86	-236	-375
31	0	759	-357	-48	0	10	0	86	-241	-376
31	0	759	-357	-48	0	10	0	86	-249	-377
31	0	759	-357	-48	0	10	0	86	-256	-378
31	0	767	-481	-57	0	11	0	86	-264	-379
31	0	767	-481	-57	0	11	0	86	-274	-380
31	0	767	-481	-57	0	11	0	86	-284	-382
31	0	775	-608	-64	0	11	0	86	-294	-383
31	0	775	-608	-64	0	11	0	86	-307	-384
31	0	775	-608	-64	0	11	0	86	-320	-385
31	0	780	-729	-70	0	11	0	86	-333	-387
31	0	780	-729	-70	0	11	0	86	-348	-388
31	0	780	-729	-70	0	11	0	86	-363	-390
31	0	784	-846	-75	0	11	0	86	-379	-391
31	0	784	-846	-75	0	11	0	86	-396	-393
31	0	784	-846	-75	0	11	0	86	-414	-394
31	0	788	-955	-83	0	11	0	86	-432	-396
31	0	788	-955	-83	0	11	0	86	-452	-398
31	0	788	-955	-83	0	11	0	86	-472	-399
31	0	789	-1047	-86	0	10	0	86	-492	-401
31	0	789	-1047	-86	0	10	0	86	-514	-403
31	0	789	-1047	-86	0	10	0	86	-536	-405
31	0	791	-1105	-84	0	6	0	86	-558	-407
31	0	791	-1105	-84	0	6	0	86	-581	-408
31	0	791	-1105	-84	0	6	0	86	-605	-410
31	0	791	-1105	-84	0	6	0	86	-628	-412
31	0	789	-1121	-77	0	2	0	86	-651	-414
31	0	789	-1121	-77	0	2	0	86	-675	-415
31	0	789	-1121	-77	0	2	0	86	-698	-417
31	0	786	-1099	-66	0	0	0	86	-722	-419
31	0	786	-1099	-66	0	0	0	86	-745	-420
31	0	786	-1099	-66	0	0	0	86	-768	-421
31	0	782	-1041	-53	0	-4	0	86	-791	-423
31	0	782	-1041	-53	0	-4	0	86	-813	-424
31	0	782	-1041	-53	0	-4	0	86	-835	-425
31	0	781	-952	-41	0	-7	0	86	-857	-426
31	0	781	-952	-41	0	-7	0	86	-877	-427
31	0	781	-952	-41	0	-7	0	86	-897	-428
31	0	779	-834	-27	0	-8	1	86	-917	-429
31	0	779	-834	-27	0	-8	1	86	-934	-429
31	0	779	-834	-27	0	-8	1	86	-952	-430
31	0	779	-721	-16	0	-6	0	86	-969	-431
31	0	779	-721	-16	0	-6	0	86	-985	-431
31	0	779	-721	-16	0	-6	0	86	-1000	-431
31	0	779	-647	-7	0	-3	0	86	-1015	-432
31	0	779	-647	-7	0	-3	0	86	-1028	-432
31	0	779	-647	-7	0	-3	0	86	-1042	-432
31	0	780	-597	0	0	-3	0	86	-1056	-432
31	0	780	-597	0	0	-3	0	86	-1068	-432
31	0	780	-597	0	0	-3	0	86	-1081	-432
31	0	785	-541	9	0	-3	0	86	-1093	-432
31	0	785	-541	9	0	-3	0	86	-1105	-432
31	0	785	-541	9	0	-3	0	86	-1116	-432
31	0	785	-541	9	0	-3	0	86	-1127	-432
31	0	787	-493	15	0	-2	0	86	-1139	-431
31	0	787	-493	15	0	-2	0	86	-1149	-431
31	0	787	-493	15	0	-2	0	86	-1160	-431
31	0	789	-471	18	0	0	0	87	-1170	-430
31	0	789	-471	18	0	0	0	87	-1180	-430
31	0	789	-471	18	0	0	0	87	-1190	-430
31	0	789	-487	18	0	3	0	87	-1200	-429
31	0	789	-487	18	0	3	0	87	-1210	-429
31	0	789	-487	18	0	3	0	87	-1220	-428
31	0	789	-536	18	0	6	0	87	-1230	-428
31	0	789	-536	18	0	6	0	87	-1241	-428
31	0	789	-536	18	0	6	0	87	-1253	-427
31	0	793	-611	18	0	8	0	87	-1264	-427
31	0	793	-611	18	0	8	0	87	-1277	-426
31	0	793	-611	18	0	8	0	87	-1290	-426
31	0	793	-700	18	0	9	0	87	-1303	-426
31	0	793	-700	18	0	9	0	87	-1317	-425
31	0	793	-700	18	0	9	0	87	-1332	-425
31	0	797	-798	20	0	10	0	87	-1347	-424
31	0	797	-798	20	0	10	0	87	-1363	-424
31	0	797	-798	20	0	10	0	87	-1380	-424
31	0	796	-882	23	0	8	0	87	-1397	-423
31	0	796	-882	23	0	8	0	87	-1416	-423
31	0	796	-882	23	0	8	0	87	-1434	-422
31	0	792	-930	25	0	5	0	87	-1453	-422
31	0	792	-930	25	0	5	0	87	-1472	-421
31	0	792	-930	25	0	5	0	87	-1492	-421
31	0	783	-944	26	0	2	0	87	-1511	-420
31	0	783	-944	26	0	2	0	87	-1531	-420
31	0	783	-944	26	0	2	0	87	-1551	-419
31	0	774	-924	25	0	-1	0	87	-1571	-418
31	0	774	-924	25	0	-1	0	87	-1590	-418
31	0	774	-924	25	0	-1	0	87	-1609	-417
31	0	774	-924	25	0	-1	0	87	-1629	-417
31	0	766	-870	21	0	-4	0	88	-1648	-416
31	0	766	-870	21	0	-4	0	88	-1667	-416
31	0	758	-789	14	0	-6	0	88	-1685	-415
31	0	758	-789	14	0	-6	0	88	-1701	-415
31	0	758	-789	14	0	-6	0	88	-1718	-415
31	0	758	-789	14	0	-6	0	88	-1735	-414
31	0	752	-684	5	0	-8	0	88	-1751	-414
31	0	752	-684	5	0	-8	0	88	-1766	-414
31	0	752	-684	5	0	-8	0	88	-1780	-414
31	0	748	-559	-3	0	-9	0	88	-1794	-414
31	0	748	-559	-3	0	-9	0	88	-1806	-414
31	0	748	-559	-3	0	-9	0	88	-1818	-414
31	0	743	-426	-13	0	-9	0	88	-1830	-414
31	0	743	-426	-13	0	-9	0	88	-1839	-414
31	0	741	-306	-24	0	-8	0	88	-1848	-415
31	0	741	-306	-24	0	-8	0	88	-1855	-415
31	0	741	-306	-24	0	-8	0	88	-1861	-416
31	0	741	-306	-24	0	-8	0	88	-1868	-416
31	0	741	-208	-32	0	-6	0	88	-1874	-417
31	0	741	-208	-32	0	-6	0	88	-1879	-417
31	0	741	-208	-32	0	-6	0	88	-1883	-418
31	0	740	-139	-44	0	-4	-2	88	-1887	-419
31	0	740	-139	-44	0	-4	-2	88	-1890	-420
31	0	740	-139	-44	0	-4	-2	88	-1893	-421
31	0	738	-96	-81	0	-2	-4	88	-1896	-422
31	0	738	-96	-81	0	-2	-4	88	-1898	-423
31	0	738	-96	-81	0	-2	-4	88	-1900	-425
31	0	740	-75	-145	0	-1	-6	88	-1902	-427
31	0	740	-75	-145	0	-1	-6	88	-1904	-430
31	0	740	-75	-145	0	-1	-6	88	-1905	-433
31	0	742	-69	-227	0	0	-8	88	-1907	-436
31	0	742	-69	-227	0	0	-8	88	-1909	-441
31	0	742	-69	-227	0	0	-8	88	-1910	-446
31	0	744	-77	-321	0	0	-9	88	-1911	-450
31	0	744	-77	-321	0	0	-9	88	-1913	-457
31	0	744	-77	-321	0	0	-9	88	-1915	-464
31	0	743	-92	-417	0	1	-10	88	-1916	-471
31	0	743	-92	-417	0	1	-10	88	-1918	-479
31	0	743	-92	-417	0	1	-10	88	-1920	-488
31	0	744	-110	-515	0	1	-10	88	-1922	-497
31	0	744	-110	-515	0	1	-10	88	-1925	-508
31	0	744	-110	-515	0	1	-10	88	-1927	-519
31	0	744	-110	-515	0	1	-10	88	-1929	-529
31	0	742	-129	-607	0	1	-10	88	-1931	-540
31	0	742	-129	-607	0	1	-10	88	-1934	-554
31	0	742	-129	-607	0	1	-10	88	-1937	-566
31	0	741	-145	-690	0	1	-9	88	-1940	-579
31	0	741	-145	-690	0	1	-9	88	-1943	-593
31	0	741	-145	-690	0	1	-9	88	-1946	-608
30	0	743	-165	-752	0	1	-7	88	-1949	-622
30	0	743	-165	-752	0	1	-7	88	-1952	-638
30	0	743	-165	-752	0	1	-7	88	-1956	-654
30	0	737	-183	-775	0	1	-4	88	-1959	-670
30	0	737	-183	-775	0	1	-4	88	-1963	-687
30	0	737	-183	-775	0	1	-4	88	-1968	-706
30	0	736	-197	-767	0	1	-1	88	-1972	-721
30	0	736	-197	-767	0	1	-1	88	-1976	-738
30	0	736	-197	-767	0	1	-1	88	-1980	-754
30	0	729	-204	-728	0	0	0	88	-1984	-770
30	0	729	-204	-728	0	0	0	88	-1988	-785
30	0	729	-204	-728	0	0	0	88	-1993	-801
30	0	727	-206	-676	0	0	0	88	-1997	-816
30	0	727	-206	-676	0	0	0	88	-2001	-830
30	0	727	-206	-676	0	0	0	88	-2006	-844
30	0	725	-206	-640	0	0	-1	88	-2010	-858
30	0	725	-206	-640	0	0	-1	88	-2014	-872
30	0	725	-206	-640	0	0	-1	88	-2019	-885
30	0	721	-204	-635	0	0	-3	89	-2023	-899
30	0	721	-204	-635	0	0	-3	89	-2027	-912
30	0	721	-204	-635	0	0	-3	89	-2032	-926
30	0	728	-203	-664	0	0	-6	89	-2036	-939
30	0	728	-203	-664	0	0	-6	89	-2040	-953
30	0	728	-203	-664	0	0	-6	89	-2044	-967
30	0	729	-205	-707	0	0	-6	89	-2049	-981
30	0	729	-205	-707	0	0	-6	89	-2053	-996
30	0	729	-205	-707	0	0	-6	89	-2057	-1011
30	0	729	-205	-707	0	0	-6	89	-2062	-1025
30	0	733	-207	-725	0	0	-4	89	-2066	-1040
30	0	733	-207	-725	0	0	-4	89	-2070	-1055
30	0	733	-207	-725	0	0	-4	89	-2075	-1071
30	0	733	-205	-725	0	0	-2	89	-2079	-1086
30	0	733	-205	-725	0	0	-2	89	-2083	-1101
30	0	733	-205	-725	0	0	-2	89	-2088	-1117
30	0	732	-202	-706	0	0	-1	89	-2092	-1132
30	0	732	-202	-706	0	0	-1	89	-2096	-1147
30	0	732	-202	-706	0	0	-1	89	-2101	-1161
30	0	735	-195	-669	0	0	0	89	-2105	-1176
30	0	735	-195	-669	0	0	0	89	-2109	-1190
30	0	735	-195	-669	0	0	0	89	-2113	-1204
30	0	734	-182	-609	0	0	3	89	-2117	-1218
30	0	734	-182	-609	0	0	3	89	-2121	-1231
30	0	734	-182	-609	0	0	3	89	-2125	-1244
30	0	732	-168	-531	0	0	5	89	-2129	-1257
30	0	732	-168	-531	0	0	5	89	-2132	-1268
30	0	732	-168	-531	0	0	5	89	-2136	-1279
30	0	734	-152	-431	0	-1	6	89	-2139	-1290
30	0	734	-152	-431	0	-1	6	89	-2143	-1299
30	0	734	-152	-431	0	-1	6	89	-2146	-1308
30	0	735	-137	-321	0	-1	7	89	-2149	-1318
30	0	735	-137	-321	0	-1	7	89	-2152	-1324
30	0	735	-137	-321	0	-1	7	89	-2155	-1331
30	0	738	-119	-221	0	-1	6	89	-2158	-1338
30	0	738	-119	-221	0	-1	6	89	-2160	-1342
30	0	738	-119	-221	0	-1	6	89	-2163	-1347
30	0	741	-100	-138	0	-1	5	89	-2165	-1352
30	0	741	-100	-138	0	-1	5	89	-2167	-1355
30	0	741	-100	-138	0	-1	5	89	-2169	-1358
30	0	745	-83	-72	0	-1	3	89	-2172	-1360
30	0	745	-83	-72	0	-1	3	89	-2173	-1362
30	0	745	-83	-72	0	-1	3	89	-2175	-1363
30	0	748	-67	-30	0	-1	2	88	-2177	-1365
30	0	748	-67	-30	0	-1	2	88	-2179	-1366
30	0	748	-67	-30	0	-1	2	88	-2180	-1367
30	0	750	-56	-11	0	0	1	88	-2182	-1367
30	0	750	-56	-11	0	0	1	88	-2184	-1368
30	0	757	-59	8	0	0	1	86	-2185	-1368
30	0	757	-59	8	0	0	1	86	-2186	-1368
30	0	757	-59	8	0	0	1	86	-2188	-1368
30	0	757	-74	33	0	1	2	83	-2189	-1367
30	0	757	-74	33	0	1	2	83	-2191	-1367
30	0	757	-102	57	0	2	1	81	-2193	-1365
30	0	757	-102	57	0	2	1	81	-2196	-1364
30	0	757	-102	57	0	2	1	81	-2198	-1363
30	0	758	-136	70	0	2	1	78	-2200	-1362
30	0	758	-136	70	0	2	1	78	-2205	-1359
30	0	756	-167	66	0	2	0	74	-2209	-1357
30	0	756	-167	66	0	2	0	74	-2212	-1356
30	0	756	-167	66	0	2	0	74	-2216	-1355
30	0	752	-190	49	0	1	0	71	-2219	-1353
30	0	752	-190	49	0	1	0	71	-2224	-1352
30	0	752	-190	49	0	1	0	71	-2228	-1351
30	0	749	-200	22	0	0	-1	67	-2236	-1349
30	0	749	-200	22	0	0	-1	67	-2241	-1348
30	0	746	-201	-10	0	0	-1	63	-2246	-1348
30	0	746	-201	-10	0	0	-1	63	-2250	-1348
30	0	746	-201	-10	0	0	-1	63	-2255	-1348
30	0	743	-194	-42	0	0	-1	59	-2260	-1348
30	0	743	-194	-42	0	0	-1	59	-2264	-1349
30	0	739	-180	-73	0	0	-1	55	-2271	-1351
30	0	739	-180	-73	0	0	-1	55	-2275	-1352
30	0	739	-180	-73	0	0	-1	55	-2278	-1354
30	0	738	-161	-100	0	0	-1	52	-2285	-1356
30	0	738	-161	-100	0	0	-1	52	-2292	-1361
30	0	737	-139	-124	0	-1	-1	48	-2295	-1363
30	0	737	-139	-124	0	-1	-1	48	-2299	-1366
30	0	740	-116	-141	0	-1	-1	44	-2302	-1369
30	0	740	-116	-141	0	-1	-1	44	-2305	-1372
30	0	740	-116	-141	0	-1	-1	44	-2307	-1375
30	0	738	-93	-154	0	0	-1	40	-2311	-1380
30	0	738	-93	-154	0	0	-1	40	-2313	-1383
30	0	738	-93	-154	0	0	-1	40	-2315	-1386
30	0	740	-71	-163	0	0	0	36	-2317	-1390
30	0	740	-71	-163	0	0	0	36	-2319	-1395
30	0	741	-49	-169	0	0	0	32	-2321	-1399
30	0	741	-49	-169	0	0	0	32	-2322	-1402
30	0	741	-49	-169	0	0	0	32	-2323	-1406
30	0	741	-29	-168	0	0	0	28	-2324	-1409
30	0	741	-29	-168	0	0	0	28	-2325	-1413
30	0	741	-29	-168	0	0	0	28	-2326	-1419
30	0	743	-10	-166	0	0	0	24	-2327	-1423
30	0	743	-10	-166	0	0	0	24	-2327	-1426
30	0	743	-10	-166	0	0	0	24	-2327	-1430
30	0	746	5	-159	0	0	0	21	-2327	-1433
30	0	746	5	-159	0	0	0	21	-2327	-1438
30	0	749	20	-152	0	0	0	17	-2327	-1442
30	0	749	20	-152	0	0	0	17	-2327	-1445
30	0	749	20	-152	0	0	0	17	-2326	-1449
30	0	752	33	-143	0	0	0	13	-2326	-1452
30	0	752	33	-143	0	0	0	13	-2324	-1457
30	0	752	33	-143	0	0	0	13	-2324	-1461
30	0	752	41	-136	0	0	0	9	-2323	-1464
30	0	752	41	-136	0	0	0	9	-2322	-1467
30	0	760	50	-128	0	0	0	5	-2321	-1470
30	0	760	50	-128	0	0	0	5	-2319	-1474
30	0	760	50	-128	0	0	0	5	-2318	-1477
30	0	760	50	-128	0	0	0	5	-2317	-1479
30	0	760	57	-117	0	0	0	1	-2316	-1482
30	0	760	57	-117	0	0	0	1	-2315	-1484
30	0	758	63	-106	0	0	0	-1	-2314	-1487
30	0	758	63	-106	0	0	0	-1	-2312	-1490
30	0	758	63	-106	0	0	0	-1	-2310	-1493
30	0	757	66	-96	0	0	0	-3	-2309	-1495
30	0	757	66	-96	0	0	0	-3	-2308	-1497
30	0	757	66	-96	0	0	0	-3	-2306	-1499
30	0	755	64	-83	0	0	0	-3	-2305	-1501
30	0	755	64	-83	0	0	0	-3	-2303	-1503
30	0	755	64	-83	0	0	0	-3	-2302	-1505
30	0	756	61	-69	0	0	0	-3	-2301	-1507
30	0	756	61	-69	0	0	0	-3	-2299	-1508
30	0	756	61	-69	0	0	0	-3	-2298	-1510
30	0	756	61	-69	0	0	0	-3	-2297	-1511
30	0	760	57	-55	0	0	0	-3	-2296	-1512
30	0	760	57	-55	0	0	0	-3	-2294	-1514
30	0	765	51	-41	0	0	0	-2	-2293	-1515
30	0	765	51	-41	0	0	0	-2	-2292	-1516
30	0	765	51	-41	0	0	0	-2	-2290	-1517
30	0	767	46	-28	0	0	0	-2	-2289	-1518
30	0	767	46	-28	0	0	0	-2	-2288	-1518
30	0	769	41	-17	0	0	0	-1	-2287	-1519
30	0	769	41	-17	0	0	0	-1	-2286	-1520
30	0	769	41	-17	0	0	0	-1	-2285	-1520
30	0	770	38	-6	0	0	0	0	-2284	-1521
30	0	770	38	-6	0	0	0	0	-2283	-1521
30	0	770	38	-6	0	0	0	0	-2282	-1521
30	0	767	34	5	0	0	0	0	-2281	-1521
30	0	767	34	5	0	0	0	0	-2280	-1521
30	0	767	34	5	0	0	0	0	-2280	-1521
30	0	766	30	17	0	0	0	0	-2279	-1521
30	0	766	30	17	0	0	0	0	-2278	-1520
30	0	766	30	17	0	0	0	0	-2278	-1520
30	0	767	31	29	0	0	0	1	-2277	-1520
30	0	767	31	29	0	0	0	1	-2276	-1519
30	0	767	31	29	0	0	0	1	-2276	-1518
30	0	766	31	38	0	0	0	1	-2275	-1518
30	0	766	31	38	0	0	0	1	-2274	-1516
30	0	765	29	54	0	0	0	1	-2273	-1515
30	0	765	29	54	0	0	0	1	-2273	-1514
30	0	765	29	54	0	0	0	1	-2272	-1513
30	0	764	28	68	0	0	0	1	-2271	-1511
30	0	764	28	68	0	0	0	1	-2270	-1510
30	0	764	28	68	0	0	0	1	-2270	-1508
30	0	765	30	80	0	0	0	1	-2269	-1507
30	0	765	30	80	0	0	0	1	-2268	-1505
30	0	764	35	94	0	0	0	0	-2268	-1503
30	0	764	35	94	0	0	0	0	-2267	-1500
30	0	764	35	94	0	0	0	0	-2266	-1498
30	0	764	35	94	0	0	0	0	-2265	-1496
30	0	765	41	104	0	0	0	0	-2264	-1494
30	0	765	41	104	0	0	0	0	-2263	-1492
30	0	765	41	104	0	0	0	0	-2263	-1490
30	0	764	49	114	0	0	0	0	-2262	-1488
30	0	764	49	114	0	0	0	0	-2261	-1485
30	0	764	49	114	0	0	0	0	-2260	-1483
30	0	765	56	123	0	0	0	0	-2259	-1480
30	0	765	56	123	0	0	0	0	-2257	-1478
30	0	765	56	123	0	0	0	0	-2256	-1475
30	0	765	63	130	0	0	0	-1	-2255	-1473
30	0	765	63	130	0	0	0	-1	-2254	-1470
30	0	765	63	130	0	0	0	-1	-2252	-1467
30	0	765	69	137	0	0	0	-1	-2251	-1464
30	0	765	69	137	0	0	0	-1	-2249	-1461
30	0	764	76	143	0	0	0	-1	-2247	-1457
30	0	764	76	143	0	0	0	-1	-2245	-1454
30	0	764	76	143	0	0	0	-1	-2244	-1450
30	0	762	84	148	0	0	0	-1	-2242	-1447
30	0	762	84	148	0	0	0	-1	-2240	-1444
30	0	760	89	152	0	0	0	0	-2238	-1439
30	0	760	89	152	0	0	0	0	-2235	-1436
30	0	760	89	152	0	0	0	0	-2234	-1433
30	0	760	89	152	0	0	0	0	-2232	-1429
30	0	762	95	154	0	0	0	0	-2230	-1426
30	0	762	95	154	0	0	0	0	-2228	-1423
30	0	762	95	154	0	0	0	0	-2226	-1420
30	0	761	101	153	0	0	0	0	-2224	-1416
30	0	761	101	153	0	0	0	0	-2222	-1413
30	0	761	101	153	0	0	0	0	-2220	-1410
30	0	764	106	153	0	0	0	1	-2217	-1406
30	0	764	106	153	0	0	0	1	-2214	-1402
30	0	763	113	152	0	0	0	1	-2212	-1399
30	0	763	113	152	0	0	0	1	-2210	-1396
30	0	763	113	152	0	0	0	1	-2206	-1391
30	0	761	117	155	0	0	0	1	-2204	-1388
30	0	761	117	155	0	0	0	1	-2201	-1384
30	0	761	117	155	0	0	0	1	-2198	-1381
30	0	758	120	159	0	0	0	1	-2196	-1377
30	0	758	120	159	0	0	0	1	-2192	-1372
30	0	755	123	163	0	0	0	0	-2189	-1369
30	0	755	123	163	0	0	0	0	-2186	-1365
30	0	755	123	163	0	0	0	0	-2184	-1361
30	0	755	123	163	0	0	0	0	-2181	-1358
30	0	753	126	166	0	0	0	0	-2178	-1354
30	0	753	126	166	0	0	0	0	-2176	-1351
30	0	753	126	166	0	0	0	0	-2173	-1347
30	0	753	127	169	0	0	0	0	-2170	-1344
30	0	753	127	169	0	0	0	0	-2168	-1340
30	0	753	127	169	0	0	0	0	-2165	-1337
30	0	754	129	172	0	0	0	0	-2162	-1333
30	0	754	129	172	0	0	0	0	-2160	-1329
30	0	754	129	172	0	0	0	0	-2157	-1326
30	0	754	132	175	0	0	0	-1	-2154	-1322
30	0	754	132	175	0	0	0	-1	-2151	-1318
30	0	753	131	177	0	0	0	-1	-2148	-1314
30	0	753	131	177	0	0	0	-1	-2145	-1310
30	0	753	131	177	0	0	0	-1	-2141	-1305
30	0	752	132	178	0	0	0	-1	-2138	-1301
30	0	752	132	178	0	0	0	-1	-2136	-1297
30	0	752	132	178	0	0	0	-1	-2133	-1293
30	0	750	134	178	0	0	0	0	-2129	-1289
30	0	750	134	178	0	0	0	0	-2127	-1285
30	0	750	134	178	0	0	0	0	-2124	-1281
30	0	747	135	178	0	0	0	0	-2121	-1278
30	0	747	135	178	0	0	0	0	-2118	-1274
30	0	747	135	178	0	0	0	0	-2115	-1270
30	0	746	135	177	0	0	0	0	-2112	-1266
30	0	746	135	177	0	0	0	0	-2110	-1263
30	0	746	135	177	0	0	0	0	-2107	-1259
30	0	744	137	176	0	0	0	0	-2104	-1255
30	0	744	137	176	0	0	0	0	-2101	-1251
30	0	744	137	176	0	0	0	0	-2098	-1248
30	0	742	138	176	0	0	0	1	-2095	-1244
30	0	742	138	176	0	0	0	1	-2092	-1240
30	0	742	138	176	0	0	0	1	-2089	-1236
30	0	741	135	176	0	0	0	1	-2084	-1230
30	0	741	135	176	0	0	0	1	-2082	-1227
30	0	741	135	176	0	0	0	1	-2078	-1223
30	0	740	130	182	0	0	0	1	-2075	-1219
30	0	740	130	182	0	0	0	1	-2071	-1213
30	0	739	123	184	0	0	0	0	-2068	-1209
30	0	739	123	184	0	0	0	0	-2066	-1205
30	0	739	123	184	0	0	0	0	-2063	-1201
30	0	739	123	184	0	0	0	0	-2061	-1197
30	0	738	118	186	0	0	0	0	-2058	-1193
30	0	738	118	186	0	0	0	0	-2055	-1189
30	0	738	118	186	0	0	0	0	-2053	-1185
30	0	739	115	186	0	0	0	0	-2051	-1182
30	0	739	115	186	0	0	0	0	-2048	-1178
30	0	739	115	186	0	0	0	0	-2046	-1174
30	0	737	112	185	0	0	0	0	-2043	-1170
30	0	737	112	185	0	0	0	0	-2041	-1166
30	0	737	112	185	0	0	0	0	-2039	-1162
30	0	735	110	184	0	0	0	0	-2036	-1158
30	0	735	110	184	0	0	0	0	-2034	-1154
30	0	735	110	184	0	0	0	0	-2032	-1150
30	0	734	107	185	0	0	0	-1	-2029	-1146
30	0	734	107	185	0	0	0	-1	-2027	-1142
30	0	731	107	184	0	0	0	-1	-2024	-1138
30	0	731	107	184	0	0	0	-1	-2022	-1134
30	0	731	107	184	0	0	0	-1	-2020	-1130
30	0	730	109	183	0	0	0	-1	-2016	-1124
30	0	730	109	183	0	0	0	-1	-2014	-1120
30	0	730	109	183	0	0	0	-1	-2011	-1116
30	0	731	110	181	0	0	0	0	-2009	-1112
30	0	731	110	181	0	0	0	0	-2007	-1109
30	0	731	110	181	0	0	0	0	-2005	-1105
30	0	732	113	178	0	0	0	0	-2002	-1101
30	0	732	113	178	0	0	0	0	-2000	-1097
30	0	732	113	178	0	0	0	0	-1997	-1093
30	0	732	113	178	0	0	0	0	-1995	-1090
30	0	732	117	171	0	0	0	0	-1993	-1086
30	0	732	117	171	0	0	0	0	-1990	-1082
30	0	732	117	171	0	0	0	0	-1988	-1079
30	0	733	120	164	0	0	0	0	-1985	-1075
30	0	733	120	164	0	0	0	0	-1983	-1072
30	0	733	120	164	0	0	0	0	-1980	-1069
30	0	738	122	156	0	0	0	1	-1978	-1065
30	0	738	122	156	0	0	0	1	-1975	-1061
30	0	738	122	148	0	0	0	2	-1972	-1058
30	0	738	122	148	0	0	0	2	-1968	-1053
30	0	738	117	142	0	0	0	1	-1965	-1049
30	0	738	117	142	0	0	0	1	-1962	-1046
30	0	738	117	142	0	0	0	1	-1959	-1042
30	0	739	112	137	0	0	0	1	-1957	-1039
30	0	739	112	137	0	0	0	1	-1955	-1036
30	0	739	112	137	0	0	0	1	-1952	-1033
30	0	741	106	131	0	0	0	1	-1949	-1029
30	0	741	106	131	0	0	0	1	-1946	-1026
30	0	741	106	131	0	0	0	1	-1944	-1023
29	0	742	102	124	0	0	0	1	-1941	-1020
29	0	742	102	124	0	0	0	1	-1939	-1017
29	0	745	98	117	0	0	0	0	-1935	-1013
29	0	745	98	117	0	0	0	0	-1933	-1010
29	0	745	98	117	0	0	0	0	-1931	-1008
29	0	744	96	112	0	0	0	0	-1929	-1005
29	0	744	96	112	0	0	0	0	-1927	-1003
29	0	744	96	112	0	0	0	0	-1925	-1000
29	0	744	96	112	0	0	0	0	-1923	-998
29	0	744	95	107	0	0	0	0	-1921	-996
29	0	744	95	107	0	0	0	0	-1919	-994
29	0	744	95	107	0	0	0	0	-1917	-991
29	0	744	94	101	0	0	0	0	-1915	-989
29	0	744	94	101	0	0	0	0	-1913	-987
29	0	744	94	101	0	0	0	0	-1911	-985
29	0	745	93	93	0	0	0	-1	-1909	-983
29	0	745	93	93	0	0	0	-1	-1907	-981
29	0	746	93	85	0	0	0	-1	-1905	-979
29	0	746	93	85	0	0	0	-1	-1903	-977
29	0	746	93	85	0	0	0	-1	-1901	-975
29	0	748	91	77	0	0	0	0	-1898	-972
29	0	748	91	77	0	0	0	0	-1896	-971
29	0	748	91	77	0	0	0	0	-1894	-969
29	0	748	91	77	0	0	0	0	-1892	-967
29	0	749	89	67	0	0	0	0	-1890	-966
29	0	749	89	67	0	0	0	0	-1889	-964
29	0	749	89	67	0	0	0	0	-1887	-963
29	0	751	89	52	0	0	0	0	-1885	-962
29	0	751	89	52	0	0	0	0	-1883	-960
29	0	751	89	52	0	0	0	0	-1881	-959
29	0	755	87	38	0	0	-1	0	-1879	-958
29	0	755	87	38	0	0	-1	0	-1877	-957
29	0	755	87	38	0	0	-1	0	-1876	-957
29	0	756	87	24	0	0	-1	1	-1874	-956
29	0	756	87	24	0	0	-1	1	-1872	-955
29	0	756	87	24	0	0	-1	1	-1870	-955
29	0	756	85	11	0	0	-1	2	-1868	-954
29	0	756	85	11	0	0	-1	2	-1866	-954
29	0	754	83	5	0	0	0	2	-1864	-954
29	0	754	83	5	0	0	0	2	-1862	-954
29	0	754	83	5	0	0	0	2	-1860	-953
29	0	756	79	0	0	0	0	2	-1858	-953
29	0	756	79	0	0	0	0	2	-1856	-953
28	0	756	74	-5	0	0	0	2	-1854	-953
28	0	756	74	-5	0	0	0	2	-1851	-953
28	0	756	74	-5	0	0	0	2	-1850	-954
28	0	755	71	-10	0	0	0	1	-1848	-954
28	0	755	71	-10	0	0	0	1	-1846	-954
28	0	755	71	-10	0	0	0	1	-1845	-954
28	0	755	70	-15	0	0	0	1	-1843	-954
28	0	755	70	-15	0	0	0	1	-1842	-955
28	0	758	68	-19	0	0	0	1	-1839	-955
28	0	758	68	-19	0	0	0	1	-1837	-956
28	0	758	68	-19	0	0	0	1	-1836	-956
28	0	761	68	-21	0	0	0	0	-1834	-957
28	0	761	68	-21	0	0	0	0	-1833	-957
28	0	761	68	-21	0	0	0	0	-1831	-958
28	0	760	68	-22	0	0	0	0	-1830	-958
28	0	760	68	-22	0	0	0	0	-1829	-958
28	0	760	68	-22	0	0	0	0	-1827	-959
28	0	758	66	-23	0	0	0	0	-1826	-959
28	0	758	66	-23	0	0	0	0	-1824	-960
28	0	758	66	-23	0	0	0	0	-1823	-960
28	0	758	66	-23	0	0	0	0	-1822	-961
28	0	754	65	-26	0	0	0	0	-1820	-961
28	0	754	65	-26	0	0	0	0	-1819	-962
28	0	754	65	-26	0	0	0	0	-1817	-963
28	0	752	66	-26	0	0	0	0	-1816	-963
28	0	752	66	-26	0	0	0	0	-1815	-964
28	0	752	66	-26	0	0	0	0	-1813	-964
28	0	753	64	-25	0	0	0	-1	-1812	-965
28	0	753	64	-25	0	0	0	-1	-1810	-965
28	0	751	61	-28	0	0	0	-1	-1809	-966
28	0	751	61	-28	0	0	0	-1	-1808	-967
28	0	751	61	-28	0	0	0	-1	-1806	-967
28	0	749	56	-32	0	0	0	-1	-1804	-968
28	0	749	56	-32	0	0	0	-1	-1803	-969
28	0	749	56	-32	0	0	0	-1	-1801	-970
28	0	749	52	-31	0	0	0	0	-1800	-971
28	0	749	52	-31	0	0	0	0	-1799	-971
28	0	749	52	-31	0	0	0	0	-1798	-972
28	0	750	47	-31	0	0	0	0	-1797	-972
28	0	750	47	-31	0	0	0	0	-1796	-973
28	0	750	47	-31	0	0	0	0	-1795	-974
28	0	751	45	-33	0	0	0	0	-1794	-974
28	0	751	45	-33	0	0	0	0	-1793	-975
28	0	751	45	-33	0	0	0	0	-1792	-976
28	0	753	44	-36	0	0	0	1	-1791	-977
28	0	753	44	-36	0	0	0	1	-1789	-978
28	0	754	41	-39	0	0	0	1	-1788	-979
28	0	754	41	-39	0	0	0	1	-1788	-979
28	0	754	41	-39	0	0	0	1	-1787	-980
28	0	753	35	-40	0	0	0	1	-1786	-981
28	0	753	35	-40	0	0	0	1	-1784	-982
28	0	753	35	-40	0	0	0	1	-1784	-983
28	0	752	27	-42	0	0	0	1	-1783	-984
28	0	752	27	-42	0	0	0	1	-1782	-986
28	0	750	22	-44	0	0	0	1	-1781	-987
28	0	750	22	-44	0	0	0	1	-1781	-987
28	0	750	22	-44	0	0	0	1	-1780	-989
28	0	751	15	-46	0	0	0	1	-1780	-990
28	0	751	15	-46	0	0	0	1	-1779	-991
28	0	751	15	-46	0	0	0	1	-1779	-992
28	0	750	11	-48	0	0	0	0	-1779	-993
28	0	750	11	-48	0	0	0	0	-1779	-994
28	0	750	11	-48	0	0	0	0	-1778	-995
28	0	751	7	-48	0	0	0	0	-1778	-996
28	0	751	7	-48	0	0	0	0	-1778	-997
28	0	751	7	-48	0	0	0	0	-1778	-998
28	0	748	5	-55	0	0	-1	0	-1778	-999
28	0	748	5	-55	0	0	-1	0	-1778	-1000
28	0	748	5	-55	0	0	-1	0	-1777	-1001
28	0	750	0	-88	0	0	-4	0	-1777	-1002
28	0	750	0	-88	0	0	-4	0	-1777	-1004
28	0	750	0	-88	0	0	-4	0	-1777	-1006
28	0	750	0	-88	0	0	-4	0	-1777	-1008
28	0	751	27	-2	0	0	-6	0	-1777	-1010
28	0	751	27	-2	0	0	-6	0	-1777	-1010
28	0	752	38	62	0	0	-8	0	-1776	-1010
28	0	752	38	62	0	0	-8	0	-1775	-1009
28	0	752	38	62	0	0	-8	0	-1775	-1007
28	0	752	38	62	0	0	-8	0	-1774	-1006
28	0	754	37	-4	0	0	-9	0	-1773	-1005
28	0	754	37	-4	0	0	-9	0	-1772	-1005
28	0	754	37	-4	0	0	-9	0	-1771	-1005
28	0	750	40	-69	0	0	-10	0	-1771	-1005
28	0	750	40	-69	0	0	-10	0	-1770	-1006
28	0	750	40	-69	0	0	-10	0	-1769	-1008
28	0	750	45	-151	0	0	-10	0	-1768	-1009
28	0	750	45	-151	0	0	-10	0	-1767	-1012
28	0	750	45	-151	0	0	-10	0	-1766	-1016
28	0	757	69	-246	0	0	-10	1	-1765	-1019
28	0	757	69	-246	0	0	-10	1	-1764	-1024
28	0	757	69	-246	0	0	-10	1	-1762	-1029
27	0	758	118	-334	0	0	-7	1	-1761	-1034
27	0	758	118	-334	0	0	-7	1	-1758	-1041
27	0	758	118	-334	0	0	-7	1	-1756	-1048
27	0	757	164	-411	0	0	-4	1	-1753	-1055
27	0	757	164	-411	0	0	-4	1	-1750	-1064
27	0	757	164	-411	0	0	-4	1	-1746	-1073
27	0	752	184	-442	0	0	-1	1	-1743	-1081
27	0	752	184	-442	0	0	-1	1	-1739	-1091
27	0	752	184	-442	0	0	-1	1	-1735	-1100
27	0	747	181	-426	0	0	0	1	-1731	-1109
27	0	747	181	-426	0	0	0	1	-1727	-1118
27	0	747	181	-426	0	0	0	1	-1724	-1127
27	0	744	175	-387	0	0	1	1	-1720	-1136
27	0	744	175	-387	0	0	1	1	-1716	-1144
27	0	744	175	-387	0	0	1	1	-1712	-1152
27	0	744	175	-387	0	0	1	1	-1709	-1160
27	0	739	161	-337	0	1	2	1	-1705	-1168
27	0	739	161	-337	0	1	2	1	-1702	-1175
27	0	739	121	-282	0	4	2	1	-1698	-1184
27	0	739	121	-282	0	4	2	1	-1695	-1190
27	0	739	121	-282	0	4	2	1	-1693	-1196
27	0	741	56	-230	0	6	2	1	-1690	-1202
27	0	741	56	-230	0	6	2	1	-1689	-1206
27	0	741	56	-230	0	6	2	1	-1688	-1211
27	0	741	56	-230	0	6	2	1	-1687	-1216
27	0	745	-33	-186	0	8	2	1	-1685	-1221
27	0	745	-33	-186	0	8	2	1	-1686	-1225
27	0	745	-33	-186	0	8	2	1	-1687	-1229
27	0	749	-133	-149	0	9	1	1	-1688	-1233
27	0	749	-133	-149	0	9	1	1	-1690	-1236
27	0	749	-133	-149	0	9	1	1	-1693	-1239
27	0	754	-237	-118	0	10	1	1	-1696	-1242
27	0	754	-237	-118	0	10	1	1	-1701	-1245
27	0	754	-237	-118	0	10	1	1	-1706	-1247
27	0	756	-339	-92	0	10	1	1	-1711	-1250
27	0	756	-339	-92	0	10	1	1	-1718	-1252
27	0	756	-339	-92	0	10	1	1	-1725	-1254
27	0	755	-432	-70	0	9	0	1	-1732	-1256
27	0	755	-432	-70	0	9	0	1	-1741	-1257
27	0	755	-432	-70	0	9	0	1	-1750	-1258
27	0	754	-507	-67	0	7	0	1	-1760	-1260
27	0	754	-507	-67	0	7	0	1	-1770	-1261
27	0	754	-507	-67	0	7	0	1	-1781	-1263
27	0	755	-538	-62	0	3	0	1	-1792	-1264
27	0	755	-538	-62	0	3	0	1	-1803	-1266
27	0	755	-538	-62	0	3	0	1	-1814	-1267
27	0	745	-527	-55	0	0	0	1	-1826	-1268
27	0	745	-527	-55	0	0	0	1	-1837	-1269
27	0	745	-527	-55	0	0	0	1	-1848	-1270
25	0	741	-482	-48	0	-3	0	1	-1859	-1272
25	0	741	-482	-48	0	-3	0	1	-1869	-1273
25	0	741	-482	-48	0	-3	0	1	-1879	-1274
25	0	739	-409	-41	0	-5	0	0	-1889	-1275
25	0	739	-409	-41	0	-5	0	0	-1898	-1276
25	0	739	-409	-41	0	-5	0	0	-1906	-1276
25	0	739	-409	-41	0	-5	0	0	-1915	-1277
25	0	738	-317	-34	0	-6	0	0	-1924	-1278
25	0	738	-317	-34	0	-6	0	0	-1930	-1279
25	0	738	-317	-34	0	-6	0	0	-1937	-1280
25	0	739	-214	-27	0	-7	0	0	-1944	-1280
25	0	739	-214	-27	0	-7	0	0	-1948	-1281
25	0	739	-214	-27	0	-7	0	0	-1953	-1282
25	0	743	-113	-33	0	-7	-1	0	-1957	-1282
25	0	743	-113	-33	0	-7	-1	0	-1959	-1283
25	0	743	-113	-33	0	-7	-1	0	-1962	-1284
25	0	753	-25	-70	0	-5	-4	0	-1964	-1284
25	0	753	-25	-70	0	-5	-4	0	-1965	-1286
25	0	753	-25	-70	0	-5	-4	0	-1965	-1287
25	0	761	36	-129	0	-4	-4	0	-1966	-1289
25	0	761	36	-129	0	-4	-4	0	-1965	-1291
25	0	761	36	-129	0	-4	-4	0	-1964	-1294
25	0	769	77	-153	0	-2	-2	0	-1963	-1297
25	0	769	77	-153	0	-2	-2	0	-1962	-1300
25	0	769	77	-153	0	-2	-2	0	-1960	-1303
25	0	773	98	-148	0	0	0	0	-1959	-1307
25	0	773	98	-148	0	0	0	0	-1957	-1310
25	0	773	98	-148	0	0	0	0	-1954	-1313
25	0	778	101	-125	0	0	1	0	-1952	-1316
25	0	778	101	-125	0	0	1	0	-1950	-1319
25	0	778	101	-125	0	0	1	0	-1948	-1321
25	0	780	98	-112	0	0	0	0	-1946	-1324
25	0	780	98	-112	0	0	0	0	-1944	-1326
25	0	780	98	-112	0	0	0	0	-1942	-1329
25	0	783	94	-125	0	0	-3	0	-1940	-1331
25	0	783	94	-125	0	0	-3	0	-1938	-1333
25	0	783	94	-125	0	0	-3	0	-1936	-1336
25	0	788	91	-172	0	0	-6	0	-1934	-1339
25	0	788	91	-172	0	0	-6	0	-1932	-1342
25	0	788	91	-172	0	0	-6	0	-1930	-1346
25	0	793	90	-244	0	0	-8	0	-1928	-1350
25	0	793	90	-244	0	0	-8	0	-1926	-1355
25	0	793	90	-244	0	0	-8	0	-1924	-1360
25	0	793	90	-244	0	0	-8	0	-1922	-1365
25	0	797	97	-323	0	0	-9	0	-1920	-1370
25	0	797	97	-323	0	0	-9	0	-1918	-1377
25	0	797	97	-323	0	0	-9	0	-1916	-1384
25	0	801	107	-405	0	0	-10	1	-1914	-1391
25	0	801	107	-405	0	0	-10	1	-1912	-1399
25	0	801	107	-405	0	0	-10	1	-1910	-1408
25	0	804	108	-488	0	0	-8	1	-1908	-1416
25	0	804	108	-488	0	0	-8	1	-1905	-1426
25	0	804	108	-488	0	0	-8	1	-1903	-1437
25	0	804	110	-536	0	0	-6	1	-1901	-1447
25	0	804	110	-536	0	0	-6	1	-1898	-1459
25	0	804	110	-536	0	0	-6	1	-1896	-1469
25	0	801	110	-555	0	0	-3	1	-1894	-1481
25	0	801	110	-555	0	0	-3	1	-1891	-1492
25	0	801	110	-555	0	0	-3	1	-1889	-1504
25	0	800	108	-548	0	0	0	1	-1887	-1516
25	0	800	108	-548	0	0	0	1	-1885	-1527
25	0	800	108	-548	0	0	0	1	-1882	-1539
25	0	795	104	-511	0	0	2	1	-1880	-1550
25	0	795	104	-511	0	0	2	1	-1878	-1561
25	0	795	104	-511	0	0	2	1	-1876	-1572
25	0	788	98	-444	0	0	4	1	-1873	-1583
25	0	788	98	-444	0	0	4	1	-1871	-1592
25	0	788	98	-444	0	0	4	1	-1869	-1601
25	0	785	95	-353	0	1	7	0	-1867	-1611
25	0	785	95	-353	0	1	7	0	-1865	-1618
25	0	785	95	-353	0	1	7	0	-1863	-1625
25	0	781	86	-240	0	1	8	0	-1861	-1633
25	0	781	86	-240	0	1	8	0	-1859	-1638
25	0	781	86	-240	0	1	8	0	-1858	-1643
25	0	781	86	-240	0	1	8	0	-1856	-1648
25	0	779	68	-131	0	2	7	-2	-1854	-1653
25	0	779	68	-131	0	2	7	-2	-1852	-1656
25	0	779	68	-131	0	2	7	-2	-1851	-1659
25	0	776	43	-41	0	2	6	-4	-1850	-1661
25	0	776	43	-41	0	2	6	-4	-1849	-1662
25	0	776	43	-41	0	2	6	-4	-1848	-1663
25	0	772	13	24	0	2	4	-8	-1847	-1664
25	0	772	13	24	0	2	4	-8	-1847	-1664
25	0	772	13	24	0	2	4	-8	-1846	-1663
25	0	767	-16	66	0	2	2	-11	-1846	-1663
25	0	767	-16	66	0	2	2	-11	-1846	-1661
25	0	767	-16	66	0	2	2	-11	-1847	-1660
25	0	761	-37	83	0	1	0	-15	-1847	-1658
25	0	761	-37	83	0	1	0	-15	-1848	-1657
25	0	761	-37	83	0	1	0	-15	-1849	-1655
25	0	754	-43	81	0	0	0	-19	-1849	-1653
25	0	754	-43	81	0	0	0	-19	-1850	-1651
25	0	754	-43	81	0	0	0	-19	-1851	-1650
25	0	748	-38	67	0	0	-1	-23	-1852	-1648
25	0	748	-38	67	0	0	-1	-23	-1853	-1647
25	0	748	-38	67	0	0	-1	-23	-1854	-1645
25	0	744	-25	51	0	-1	-1	-25	-1855	-1644
25	0	744	-25	51	0	-1	-1	-25	-1855	-1643
25	0	744	-25	51	0	-1	-1	-25	-1856	-1642
25	0	741	-1	36	0	-1	-1	-27	-1856	-1641
25	0	741	-1	36	0	-1	-1	-27	-1856	-1640
25	0	741	-1	36	0	-1	-1	-27	-1856	-1639
25	0	740	18	18	0	-1	-2	-29	-1856	-1638
25	0	740	18	18	0	-1	-2	-29	-1856	-1638
25	0	740	18	18	0	-1	-2	-29	-1855	-1638
25	0	740	18	18	0	-1	-2	-29	-1855	-1637
25	0	742	33	0	0	-1	-2	-30	-1855	-1637
25	0	742	33	0	0	-1	-2	-30	-1854	-1637
25	0	742	33	0	0	-1	-2	-30	-1853	-1637
25	0	744	45	-16	0	0	-1	-31	-1853	-1637
25	0	744	45	-16	0	0	-1	-31	-1852	-1637
25	0	744	45	-16	0	0	-1	-31	-1851	-1637
25	0	746	50	-28	0	0	-1	-32	-1850	-1638
25	0	746	50	-28	0	0	-1	-32	-1849	-1638
25	0	746	50	-28	0	0	-1	-32	-1848	-1639
25	0	751	49	-35	0	0	-1	-32	-1847	-1640
25	0	751	49	-35	0	0	-1	-32	-1845	-1640
25	0	751	49	-35	0	0	-1	-32	-1844	-1641
25	0	751	45	-36	0	0	0	-32	-1843	-1642
25	0	751	45	-36	0	0	0	-32	-1842	-1643
25	0	751	45	-36	0	0	0	-32	-1841	-1643
25	0	750	40	-34	0	0	0	-33	-1840	-1644
25	0	750	40	-34	0	0	0	-33	-1840	-1645
25	0	750	40	-34	0	0	0	-33	-1839	-1646
25	0	753	33	-31	0	0	0	-33	-1838	-1646
25	0	753	33	-31	0	0	0	-33	-1837	-1647
25	0	753	33	-31	0	0	0	-33	-1837	-1648
25	0	752	26	-26	0	0	0	-33	-1836	-1648
25	0	752	26	-26	0	0	0	-33	-1835	-1649
25	0	752	26	-26	0	0	0	-33	-1835	-1649
25	0	752	17	-17	0	0	0	-33	-1834	-1650
25	0	752	17	-17	0	0	0	-33	-1834	-1650
25	0	752	17	-17	0	0	0	-33	-1833	-1651
25	0	752	17	-17	0	0	0	-33	-1833	-1651
25	0	750	8	-8	0	0	0	-33	-1833	-1651
25	0	750	8	-8	0	0	0	-33	-1832	-1652
25	0	750	8	-8	0	0	0	-33	-1832	-1652
25	0	751	1	0	0	0	0	-33	-1832	-1652
25	0	751	1	0	0	0	0	-33	-1832	-1652
25	0	751	1	0	0	0	0	-33	-1832	-1652
25	0	750	0	6	0	0	0	-33	-1832	-1652
25	0	750	0	6	0	0	0	-33	-1832	-1652
25	0	750	0	6	0	0	0	-33	-1832	-1652
25	0	748	-3	13	0	0	0	-33	-1832	-1652
25	0	748	-3	13	0	0	0	-33	-1832	-1651
25	0	748	-3	13	0	0	0	-33	-1832	-1651
25	0	747	-6	21	0	0	0	-33	-1832	-1651
25	0	747	-6	21	0	0	0	-33	-1832	-1650
25	0	747	-6	21	0	0	0	-33	-1833	-1650
25	0	747	-6	26	0	0	0	-33	-1833	-1649
25	0	747	-6	26	0	0	0	-33	-1833	-1649
25	0	747	-6	26	0	0	0	-33	-1833	-1648
25	0	748	-7	31	0	0	0	-33	-1833	-1648
25	0	748	-7	31	0	0	0	-33	-1833	-1647
25	0	748	-7	31	0	0	0	-33	-1833	-1646
25	0	749	-7	33	0	0	0	-33	-1834	-1646
25	0	749	-7	33	0	0	0	-33	-1834	-1645
25	0	749	-7	33	0	0	0	-33	-1834	-1644
25	0	749	-6	34	0	0	0	-33	-1834	-1644
25	0	749	-6	34	0	0	0	-33	-1834	-1643
25	0	749	-6	34	0	0	0	-33	-1834	-1642
25	0	753	-9	34	0	0	0	-33	-1834	-1641
25	0	753	-9	34	0	0	0	-33	-1835	-1640
25	0	754	-6	38	0	0	0	-31	-1835	-1639
25	0	754	-6	38	0	0	0	-31	-1835	-1638
25	0	754	7	53	0	0	1	-28	-1835	-1637
25	0	754	7	53	0	0	1	-28	-1835	-1636
25	0	754	7	53	0	0	1	-28	-1835	-1635
25	0	752	27	74	0	-1	2	-25	-1835	-1633
25	0	752	27	74	0	-1	2	-25	-1834	-1631
25	0	752	27	74	0	-1	2	-25	-1833	-1629
25	0	751	52	96	0	-1	1	-21	-1833	-1627
25	0	751	52	96	0	-1	1	-21	-1831	-1624
25	0	749	90	94	0	0	0	-13	-1830	-1622
25	0	749	90	94	0	0	0	-13	-1823	-1615
25	0	749	90	94	0	0	0	-13	-1821	-1613
25	0	749	98	76	0	0	0	-9	-1819	-1610
25	0	749	98	76	0	0	0	-9	-1815	-1608
25	0	751	98	58	0	0	-1	-5	-1813	-1606
25	0	751	98	58	0	0	-1	-5	-1811	-1605
25	0	751	98	58	0	0	-1	-5	-1809	-1603
25	0	751	98	58	0	0	-1	-5	-1807	-1602
25	0	752	96	37	0	0	-1	-1	-1805	-1601
25	0	752	96	37	0	0	-1	-1	-1803	-1600
25	0	752	92	14	0	0	-1	2	-1800	-1599
25	0	752	92	14	0	0	-1	2	-1797	-1599
25	0	752	92	14	0	0	-1	2	-1795	-1598
25	0	755	84	-2	0	1	-1	4	-1793	-1598
25	0	755	84	-2	0	1	-1	4	-1791	-1598
25	0	755	84	-2	0	1	-1	4	-1790	-1598
25	0	753	67	-10	0	1	0	4	-1788	-1598
25	0	753	67	-10	0	1	0	4	-1786	-1598
25	0	753	67	-10	0	1	0	4	-1785	-1599
25	0	753	67	-10	0	1	0	4	-1784	-1599
25	0	755	43	-13	0	1	0	5	-1782	-1599
25	0	755	43	-13	0	1	0	5	-1781	-1599
25	0	755	43	-13	0	1	0	5	-1780	-1600
25	0	752	27	-21	0	1	0	5	-1779	-1600
25	0	752	27	-21	0	1	0	5	-1779	-1600
25	0	752	27	-21	0	1	0	5	-1778	-1601
25	0	751	16	-34	0	0	-1	4	-1778	-1601
25	0	751	16	-34	0	0	-1	4	-1777	-1602
25	0	751	16	-34	0	0	-1	4	-1777	-1603
25	0	752	9	-48	0	0	-1	4	-1777	-1603
25	0	752	9	-48	0	0	-1	4	-1776	-1605
25	0	752	9	-48	0	0	-1	4	-1776	-1606
25	0	751	8	-63	0	0	-1	3	-1776	-1607
25	0	751	8	-63	0	0	-1	3	-1776	-1608
25	0	751	8	-63	0	0	-1	3	-1776	-1609
25	0	750	12	-76	0	0	-1	3	-1775	-1611
25	0	750	12	-76	0	0	-1	3	-1775	-1612
25	0	750	12	-76	0	0	-1	3	-1775	-1614
25	0	754	16	-88	0	0	-1	2	-1775	-1615
25	0	754	16	-88	0	0	-1	2	-1774	-1617
25	0	755	18	-97	0	0	-1	2	-1774	-1619
25	0	755	18	-97	0	0	-1	2	-1773	-1623
25	0	755	18	-97	0	0	-1	2	-1773	-1625
25	0	757	20	-103	0	0	0	1	-1773	-1627
25	0	757	20	-103	0	0	0	1	-1772	-1629
25	0	757	20	-103	0	0	0	1	-1772	-1632
25	0	759	23	-107	0	0	0	0	-1771	-1634
25	0	759	23	-107	0	0	0	0	-1771	-1636
25	0	759	23	-107	0	0	0	0	-1770	-1638
25	0	760	24	-107	0	0	0	0	-1770	-1641
25	0	760	24	-107	0	0	0	0	-1769	-1643
25	0	760	24	-107	0	0	0	0	-1769	-1645
25	0	760	24	-107	0	0	0	0	-1768	-1647
25	0	764	25	-106	0	0	0	0	-1768	-1650
25	0	764	25	-106	0	0	0	0	-1767	-1652
25	0	764	25	-106	0	0	0	0	-1767	-1654
25	0	764	27	-105	0	0	0	0	-1766	-1656
25	0	764	27	-105	0	0	0	0	-1765	-1658
25	0	764	27	-105	0	0	0	0	-1765	-1661
25	0	766	29	-103	0	0	0	-1	-1764	-1663
25	0	766	29	-103	0	0	0	-1	-1763	-1666
25	0	769	30	-101	0	0	0	-1	-1762	-1670
25	0	769	30	-101	0	0	0	-1	-1762	-1672
25	0	772	29	-97	0	0	0	-1	-1761	-1674
25	0	772	29	-97	0	0	0	-1	-1760	-1676
25	0	772	29	-97	0	0	0	-1	-1759	-1680
25	0	774	26	-94	0	0	0	-1	-1759	-1682
25	0	774	26	-94	0	0	0	-1	-1758	-1684
25	0	774	26	-94	0	0	0	-1	-1758	-1686
25	0	774	23	-91	0	0	0	0	-1757	-1688
25	0	774	23	-91	0	0	0	0	-1757	-1690
25	0	774	23	-91	0	0	0	0	-1756	-1692
25	0	777	19	-90	0	0	0	0	-1756	-1694
25	0	777	19	-90	0	0	0	0	-1755	-1695
25	0	777	19	-90	0	0	0	0	-1755	-1697
25	0	777	16	-92	0	0	0	0	-1754	-1699
25	0	777	16	-92	0	0	0	0	-1754	-1701
25	0	777	16	-92	0	0	0	0	-1754	-1703
25	0	775	14	-96	0	0	0	1	-1753	-1705
25	0	775	14	-96	0	0	0	1	-1753	-1708
25	0	774	12	-100	0	0	0	1	-1753	-1711
25	0	774	12	-100	0	0	0	1	-1752	-1713
25	0	774	12	-100	0	0	0	1	-1752	-1715
25	0	773	9	-102	0	0	0	1	-1752	-1717
25	0	773	9	-102	0	0	0	1	-1751	-1720
25	0	773	9	-102	0	0	0	1	-1751	-1723
25	0	771	4	-107	0	0	0	1	-1751	-1725
25	0	771	4	-107	0	0	0	1	-1751	-1727
25	0	771	4	-107	0	0	0	1	-1751	-1730
25	0	769	1	-109	0	0	0	1	-1751	-1732
25	0	769	1	-109	0	0	0	1	-1751	-1736
25	0	770	-4	-113	0	0	0	1	-1751	-1738
25	0	770	-4	-113	0	0	0	1	-1751	-1741
25	0	770	-4	-113	0	0	0	1	-1751	-1743
25	0	769	-5	-117	0	0	0	0	-1751	-1746
25	0	769	-5	-117	0	0	0	0	-1751	-1748
25	0	769	-5	-117	0	0	0	0	-1751	-1750
25	0	769	-5	-117	0	0	0	0	-1751	-1753
25	0	768	-5	-124	0	0	0	0	-1751	-1755
25	0	768	-5	-124	0	0	0	0	-1751	-1758
25	0	768	-5	-124	0	0	0	0	-1752	-1761
25	0	765	-4	-133	0	0	0	0	-1752	-1763
25	0	765	-4	-133	0	0	0	0	-1752	-1766
25	0	765	-4	-133	0	0	0	0	-1752	-1769
25	0	764	-3	-144	0	0	-1	0	-1752	-1772
25	0	764	-3	-144	0	0	-1	0	-1752	-1775
25	0	764	-3	-144	0	0	-1	0	-1752	-1778
25	0	763	1	-155	0	0	-1	0	-1752	-1781
25	0	763	1	-155	0	0	-1	0	-1752	-1784
25	0	763	1	-155	0	0	-1	0	-1752	-1787
25	0	764	4	-165	0	0	0	0	-1752	-1791
25	0	764	4	-165	0	0	0	0	-1752	-1794
25	0	764	4	-165	0	0	0	0	-1752	-1797
25	0	765	8	-172	0	0	0	-1	-1752	-1801
25	0	765	8	-172	0	0	0	-1	-1752	-1805
25	0	765	9	-177	0	0	0	-1	-1751	-1810
25	0	765	9	-177	0	0	0	-1	-1751	-1815
25	0	765	9	-177	0	0	0	-1	-1751	-1818
25	0	762	9	-180	0	0	0	-1	-1751	-1823
25	0	762	9	-180	0	0	0	-1	-1750	-1829
25	0	762	9	-180	0	0	0	-1	-1750	-1833
25	0	763	5	-183	0	0	0	0	-1750	-1836
25	0	763	5	-183	0	0	0	0	-1750	-1840
25	0	763	5	-183	0	0	0	0	-1750	-1844
25	0	765	3	-187	0	0	0	0	-1750	-1848
25	0	765	3	-187	0	0	0	0	-1750	-1852
25	0	765	3	-187	0	0	0	0	-1749	-1856
25	0	765	0	-192	0	0	0	0	-1749	-1860
25	0	765	0	-192	0	0	0	0	-1749	-1864
25	0	765	0	-192	0	0	0	0	-1749	-1868
25	0	765	0	-192	0	0	0	0	-1749	-1872
25	0	766	-2	-199	0	0	-1	1	-1749	-1878
25	0	767	-4	-207	0	0	-1	2	-1749	-1883
25	0	767	-4	-207	0	0	-1	2	-1750	-1887
25	0	767	-4	-207	0	0	-1	2	-1750	-1893
25	0	766	-5	-220	0	0	-1	2	-1750	-1898
25	0	766	-5	-220	0	0	-1	2	-1750	-1903
25	0	766	-5	-220	0	0	-1	2	-1750	-1908
25	0	770	-7	-230	0	0	-1	2	-1750	-1912
25	0	770	-7	-230	0	0	-1	2	-1750	-1917
25	0	772	-8	-239	0	0	-1	2	-1751	-1925
25	0	772	-8	-239	0	0	-1	2	-1751	-1930
25	0	772	-8	-239	0	0	-1	2	-1751	-1935
25	0	776	-9	-245	0	0	0	2	-1751	-1941
25	0	776	-9	-245	0	0	0	2	-1751	-1946
25	0	776	-9	-245	0	0	0	2	-1751	-1951
25	0	775	-10	-249	0	0	0	1	-1752	-1959
25	0	775	-10	-249	0	0	0	1	-1752	-1964
25	0	775	-10	-249	0	0	0	1	-1752	-1969
25	0	775	-11	-251	0	0	0	1	-1752	-1976
25	0	775	-11	-251	0	0	0	1	-1753	-1981
25	0	778	-14	-249	0	0	0	1	-1753	-1990
25	0	778	-14	-249	0	0	0	1	-1753	-1996
25	0	778	-14	-249	0	0	0	1	-1754	-2001
25	0	778	-16	-244	0	0	0	0	-1754	-2007
25	0	778	-16	-244	0	0	0	0	-1754	-2012
25	0	778	-16	-244	0	0	0	0	-1755	-2017
25	0	778	-16	-244	0	0	0	0	-1755	-2022
25	0	778	-20	-237	0	0	0	0	-1756	-2027
25	0	778	-20	-237	0	0	0	0	-1756	-2032
25	0	778	-20	-237	0	0	0	0	-1756	-2037
25	0	779	-24	-229	0	0	0	0	-1757	-2042
25	0	779	-24	-229	0	0	0	0	-1757	-2047
25	0	779	-24	-229	0	0	0	0	-1758	-2052
25	0	780	-28	-220	0	0	0	0	-1758	-2056
25	0	780	-28	-220	0	0	0	0	-1759	-2061
25	0	780	-28	-220	0	0	0	0	-1759	-2066
25	0	777	-31	-210	0	0	0	0	-1760	-2070
25	0	777	-31	-210	0	0	0	0	-1761	-2075
25	0	777	-31	-210	0	0	0	0	-1761	-2079
25	0	780	-35	-198	0	0	0	-1	-1762	-2084
25	0	780	-35	-198	0	0	0	-1	-1763	-2089
25	0	777	-37	-185	0	0	0	-1	-1764	-2096
25	0	777	-37	-185	0	0	0	-1	-1765	-2100
25	0	777	-37	-185	0	0	0	-1	-1766	-2105
25	0	776	-40	-171	0	0	0	0	-1767	-2109
25	0	776	-40	-171	0	0	0	0	-1768	-2113
25	0	776	-40	-171	0	0	0	0	-1769	-2116
25	0	773	-45	-158	0	0	0	0	-1769	-2120
25	0	773	-45	-158	0	0	0	0	-1770	-2123
25	0	773	-45	-158	0	0	0	0	-1771	-2127
25	0	770	-52	-144	0	0	0	0	-1772	-2130
25	0	770	-52	-144	0	0	0	0	-1773	-2133
25	0	770	-52	-144	0	0	0	0	-1774	-2136
25	0	767	-55	-130	0	0	0	1	-1776	-2139
25	0	767	-55	-130	0	0	0	1	-1777	-2143
25	0	764	-62	-117	0	0	0	1	-1779	-2147
25	0	764	-62	-117	0	0	0	1	-1780	-2149
25	0	763	-65	-103	0	0	1	1	-1782	-2153
25	0	763	-65	-103	0	0	1	1	-1784	-2155
25	0	763	-65	-103	0	0	1	1	-1785	-2158
25	0	761	-69	-90	0	0	1	1	-1786	-2160
25	0	761	-69	-90	0	0	1	1	-1788	-2162
25	0	761	-69	-90	0	0	1	1	-1789	-2164
25	0	757	-70	-80	0	0	0	1	-1792	-2167
25	0	757	-70	-80	0	0	0	1	-1793	-2169
25	0	757	-70	-80	0	0	0	1	-1795	-2170
25	0	754	-69	-73	0	0	0	0	-1797	-2172
25	0	754	-69	-73	0	0	0	0	-1798	-2174
25	0	754	-69	-73	0	0	0	0	-1799	-2175
25	0	750	-67	-69	0	0	0	0	-1801	-2177
25	0	750	-67	-69	0	0	0	0	-1802	-2178
25	0	750	-67	-69	0	0	0	0	-1804	-2180
25	0	747	-63	-68	0	0	0	0	-1805	-2181
25	0	747	-63	-68	0	0	0	0	-1807	-2183
25	0	747	-63	-68	0	0	0	0	-1808	-2184
25	0	745	-58	-69	0	0	0	0	-1809	-2186
25	0	745	-58	-69	0	0	0	0	-1810	-2187
25	0	745	-58	-69	0	0	0	0	-1812	-2188
25	0	745	-58	-69	0	0	0	0	-1813	-2190
25	0	741	-50	-74	0	0	0	0	-1814	-2191
25	0	741	-50	-74	0	0	0	0	-1815	-2193
25	0	741	-50	-74	0	0	0	0	-1816	-2194
25	0	737	-39	-81	0	0	0	-1	-1817	-2196
25	0	737	-39	-81	0	0	0	-1	-1818	-2198
25	0	734	-25	-90	0	-1	0	-1	-1820	-2201
25	0	734	-25	-90	0	-1	0	-1	-1820	-2202
25	0	734	-25	-90	0	-1	0	-1	-1821	-2205
25	0	732	-12	-99	0	-1	0	0	-1821	-2206
25	0	732	-12	-99	0	-1	0	0	-1821	-2208
25	0	732	-12	-99	0	-1	0	0	-1822	-2211
25	0	736	0	-106	0	-1	0	0	-1822	-2213
25	0	736	0	-106	0	-1	0	0	-1822	-2215
25	0	736	0	-106	0	-1	0	0	-1822	-2217
25	0	736	10	-113	0	-1	0	0	-1822	-2219
25	0	736	10	-113	0	-1	0	0	-1822	-2222
25	0	736	10	-113	0	-1	0	0	-1822	-2224
25	0	741	18	-122	0	0	0	1	-1821	-2227
25	0	741	18	-122	0	0	0	1	-1821	-2229
25	0	741	18	-122	0	0	0	1	-1820	-2233
25	0	747	25	-127	0	0	0	1	-1820	-2236
25	0	747	25	-127	0	0	0	1	-1819	-2239
25	0	749	30	-129	0	0	0	1	-1819	-2242
25	0	749	30	-129	0	0	0	1	-1818	-2244
25	0	749	30	-129	0	0	0	1	-1817	-2248
25	0	751	32	-127	0	0	0	1	-1817	-2251
25	0	751	32	-127	0	0	0	1	-1816	-2253
25	0	751	32	-127	0	0	0	1	-1815	-2256
25	0	753	36	-125	0	0	0	0	-1815	-2259
25	0	753	36	-125	0	0	0	0	-1813	-2263
25	0	753	36	-125	0	0	0	0	-1813	-2265
25	0	756	36	-121	0	0	0	0	-1812	-2269
25	0	756	36	-121	0	0	0	0	-1811	-2271
25	0	756	36	-121	0	0	0	0	-1810	-2274
25	0	759	37	-118	0	0	0	0	-1809	-2276
25	0	759	37	-118	0	0	0	0	-1809	-2279
25	0	759	37	-118	0	0	0	0	-1808	-2281
25	0	759	38	-115	0	0	0	0	-1807	-2284
25	0	759	38	-115	0	0	0	0	-1806	-2286
25	0	759	38	-115	0	0	0	0	-1805	-2288
25	0	758	37	-112	0	0	0	0	-1805	-2291
25	0	758	37	-112	0	0	0	0	-1804	-2293
25	0	758	37	-112	0	0	0	0	-1803	-2296
25	0	758	36	-111	0	0	0	-1	-1802	-2298
25	0	758	36	-111	0	0	0	-1	-1801	-2301
25	0	758	36	-111	0	0	0	-1	-1800	-2304
25	0	760	36	-111	0	0	0	-1	-1799	-2307
25	0	760	36	-111	0	0	0	-1	-1798	-2310
25	0	759	33	-111	0	0	0	-1	-1798	-2312
25	0	759	33	-111	0	0	0	-1	-1797	-2315
25	0	759	33	-111	0	0	0	-1	-1796	-2317
25	0	759	28	-111	0	0	0	0	-1795	-2321
25	0	759	28	-111	0	0	0	0	-1794	-2323
25	0	759	28	-111	0	0	0	0	-1794	-2325
25	0	760	23	-109	0	0	0	0	-1793	-2328
25	0	760	23	-109	0	0	0	0	-1793	-2330
25	0	760	23	-109	0	0	0	0	-1792	-2332
25	0	759	20	-106	0	0	0	0	-1792	-2334
25	0	759	20	-106	0	0	0	0	-1791	-2337
25	0	759	20	-106	0	0	0	0	-1791	-2339
25	0	757	15	-104	0	0	0	1	-1791	-2341
25	0	757	15	-104	0	0	0	1	-1790	-2344
25	0	757	15	-104	0	0	0	1	-1790	-2346
25	0	757	11	-102	0	0	0	1	-1789	-2348
25	0	757	11	-102	0	0	0	1	-1789	-2352
25	0	759	5	-96	0	0	0	1	-1789	-2354
25	0	759	5	-96	0	0	0	1	-1789	-2356
25	0	759	5	-96	0	0	0	1	-1789	-2358
25	0	759	1	-91	0	0	0	1	-1788	-2360
25	0	759	1	-91	0	0	0	1	-1788	-2363
25	0	759	1	-91	0	0	0	1	-1788	-2365
25	0	759	-2	-86	0	0	0	0	-1788	-2367
25	0	759	-2	-86	0	0	0	0	-1788	-2368
25	0	759	-2	-86	0	0	0	0	-1789	-2370
25	0	757	-4	-83	0	0	0	0	-1789	-2372
25	0	757	-4	-83	0	0	0	0	-1789	-2374
25	0	757	-4	-83	0	0	0	0	-1789	-2376
25	0	757	-4	-83	0	0	0	0	-1789	-2377
25	0	755	-3	-79	0	0	0	0	-1789	-2379
25	0	755	-3	-79	0	0	0	0	-1789	-2381
25	0	755	-3	-79	0	0	0	0	-1789	-2383
25	0	753	-1	-72	0	0	0	0	-1789	-2384
25	0	753	-1	-72	0	0	0	0	-1789	-2386
25	0	753	-1	-72	0	0	0	0	-1789	-2387
25	0	754	3	-62	0	0	0	-1	-1789	-2389
25	0	754	3	-62	0	0	0	-1	-1789	-2390
25	0	752	8	-54	0	0	0	-2	-1789	-2392
25	0	752	8	-54	0	0	0	-2	-1789	-2393
25	0	752	8	-54	0	0	0	-2	-1789	-2394
25	0	752	8	-54	0	0	0	-2	-1789	-2395
25	0	750	12	-45	0	0	0	-2	-1788	-2396
25	0	750	12	-45	0	0	0	-2	-1788	-2397
25	0	750	12	-45	0	0	0	-2	-1788	-2398
25	0	747	16	-38	0	0	0	-2	-1788	-2399
25	0	747	16	-38	0	0	0	-2	-1787	-2400
25	0	747	16	-38	0	0	0	-2	-1787	-2401
25	0	749	21	-54	0	0	-2	-2	-1787	-2402
25	0	749	21	-54	0	0	-2	-2	-1786	-2403
25	0	749	21	-54	0	0	-2	-2	-1786	-2404
25	0	749	26	-100	0	0	-5	-2	-1785	-2405
25	0	749	26	-100	0	0	-5	-2	-1785	-2407
25	0	749	26	-100	0	0	-5	-2	-1784	-2409
25	0	752	14	-210	0	0	-7	-2	-1784	-2411
25	0	752	14	-210	0	0	-7	-2	-1783	-2416
25	0	752	14	-210	0	0	-7	-2	-1783	-2420
25	0	755	17	-296	0	0	-9	-2	-1783	-2425
25	0	755	17	-296	0	0	-9	-2	-1782	-2431
25	0	755	17	-296	0	0	-9	-2	-1782	-2437
25	0	758	21	-395	0	0	-10	-2	-1782	-2443
25	0	758	21	-395	0	0	-10	-2	-1781	-2452
25	0	758	21	-395	0	0	-10	-2	-1781	-2460
25	0	758	24	-493	0	0	-10	-2	-1780	-2468
25	0	758	24	-493	0	0	-10	-2	-1780	-2479
25	0	758	24	-493	0	0	-10	-2	-1779	-2489
25	0	755	23	-587	0	0	-10	-1	-1779	-2500
25	0	755	23	-587	0	0	-10	-1	-1778	-2512
25	0	755	23	-587	0	0	-10	-1	-1778	-2524
25	0	753	20	-677	0	0	-10	-1	-1777	-2536
25	0	753	20	-677	0	0	-10	-1	-1777	-2551
25	0	753	20	-677	0	0	-10	-1	-1776	-2565
25	0	753	20	-677	0	0	-10	-1	-1776	-2579
25	0	749	13	-760	0	0	-10	-1	-1775	-2593
25	0	749	13	-760	0	0	-10	-1	-1775	-2610
25	0	749	13	-760	0	0	-10	-1	-1775	-2625
25	0	755	0	-837	0	1	-8	-1	-1775	-2641
25	0	755	0	-837	0	1	-8	-1	-1774	-2659
25	0	755	0	-837	0	1	-8	-1	-1774	-2677
25	0	754	-16	-867	0	1	-5	-1	-1774	-2694
25	0	754	-16	-867	0	1	-5	-1	-1775	-2712
25	0	754	-16	-867	0	1	-5	-1	-1775	-2731
25	0	753	-36	-866	0	1	-2	-1	-1776	-2749
25	0	753	-36	-866	0	1	-2	-1	-1776	-2766
25	0	753	-36	-866	0	1	-2	-1	-1777	-2784
25	0	743	-54	-834	0	1	0	0	-1778	-2803
25	0	743	-54	-834	0	1	0	0	-1779	-2820
25	0	743	-54	-834	0	1	0	0	-1780	-2838
25	0	737	-72	-775	0	1	3	0	-1781	-2855
25	0	737	-72	-775	0	1	3	0	-1783	-2871
25	0	737	-72	-775	0	1	3	0	-1784	-2888
25	0	734	-83	-685	0	0	5	0	-1786	-2904
25	0	734	-83	-685	0	0	5	0	-1788	-2918
25	0	734	-83	-685	0	0	5	0	-1789	-2933
25	0	731	-88	-574	0	0	7	0	-1791	-2948
25	0	731	-88	-574	0	0	7	0	-1793	-2960
25	0	731	-88	-574	0	0	7	0	-1795	-2971
25	0	730	-76	-456	0	-1	7	0	-1797	-2983
25	0	730	-76	-456	0	-1	7	0	-1798	-2993
25	0	730	-76	-456	0	-1	7	0	-1800	-3003
25	0	730	-33	-329	0	-4	6	0	-1801	-3012
25	0	730	-33	-329	0	-4	6	0	-1802	-3019
25	0	730	-33	-329	0	-4	6	0	-1803	-3026
25	0	730	-26	-252	0	-7	4	0	-1804	-3033
25	0	730	-26	-252	0	-7	4	0	-1804	-3038
25	0	730	-26	-252	0	-7	4	0	-1805	-3044
25	0	727	53	-250	0	-7	3	0	-1805	-3049
25	0	727	53	-250	0	-7	3	0	-1804	-3054
25	0	727	53	-250	0	-7	3	0	-1803	-3059
25	0	727	53	-250	0	-7	3	0	-1802	-3065
25	0	729	95	-147	0	-6	3	0	-1801	-3070
25	0	729	95	-147	0	-6	3	0	-1799	-3073
25	0	729	95	-147	0	-6	3	0	-1797	-3076
25	0	732	105	-41	0	-4	1	0	-1795	-3079
25	0	732	105	-41	0	-4	1	0	-1792	-3080
25	0	732	105	-41	0	-4	1	0	-1790	-3081
25	0	734	108	-42	0	-2	-1	0	-1788	-3082
25	0	734	108	-42	0	-2	-1	0	-1786	-3083
25	0	734	108	-42	0	-2	-1	0	-1783	-3084
25	0	735	114	-74	0	0	-4	0	-1781	-3085
25	0	735	114	-74	0	0	-4	0	-1779	-3086
25	0	735	114	-74	0	0	-4	0	-1776	-3088
25	0	740	108	-137	0	0	-7	0	-1774	-3089
25	0	740	108	-137	0	0	-7	0	-1772	-3092
25	0	740	108	-137	0	0	-7	0	-1769	-3095
25	0	740	108	-137	0	0	-7	0	-1767	-3098
25	0	740	108	-137	0	0	-7	0	-1765	-3101
25	0	743	96	-220	0	0	-7	0	-1763	-3104
25	0	744	74	-259	0	1	-3	0	-1760	-3108
25	0	744	74	-259	0	1	-3	0	-1759	-3114
25	0	744	74	-259	0	1	-3	0	-1757	-3119
25	0	744	74	-259	0	1	-3	0	-1741	-3175
25	0	739	-13	-154	0	2	4	0	-1740	-3180
25	0	739	-13	-154	0	2	4	0	-1740	-3183
25	0	739	-13	-154	0	2	4	0	-1740	-3187
25	0	739	-13	-154	0	2	4	0	-1741	-3190
25	0	739	-13	-154	0	2	4	0	-1741	-3193
25	0	739	-13	-154	0	2	4	0	-1741	-3196
25	0	739	-13	-154	0	2	4	0	-1741	-3200
25	0	739	-13	-154	0	2	4	0	-1742	-3203
25	0	739	-13	-154	0	2	4	0	-1742	-3206
25	0	739	-13	-154	0	2	4	0	-1742	-3209
25	0	739	-13	-154	0	2	4	0	-1743	-3217
25	0	732	-71	-5	0	0	-1	0	-1743	-3220
25	0	732	-71	-5	0	0	-1	0	-1745	-3220
25	0	733	-73	-117	0	0	-8	0	-1746	-3221
25	0	733	-73	-117	0	0	-8	0	-1748	-3223
25	0	733	-73	-117	0	0	-8	0	-1749	-3226
25	0	737	-70	-215	0	0	-9	0	-1752	-3229
25	0	737	-70	-215	0	0	-9	0	-1753	-3234
25	0	737	-70	-215	0	0	-9	0	-1755	-3238
25	0	737	-70	-215	0	0	-9	0	-1756	-3243
25	0	737	-70	-215	0	0	-9	0	-1758	-3247
25	0	737	-70	-215	0	0	-9	0	-1759	-3252
25	0	737	-70	-215	0	0	-9	0	-1761	-3256
25	0	737	-70	-215	0	0	-9	0	-1762	-3261
25	0	737	-70	-215	0	0	-9	0	-1764	-3266
25	0	737	-70	-215	0	0	-9	0	-1768	-3279
25	0	737	-70	-215	0	0	-9	0	-1769	-3283
25	0	739	-44	-475	0	-1	-3	0	-1771	-3288
25	0	739	-44	-475	0	-1	-3	0	-1772	-3298
25	0	739	-44	-475	0	-1	-3	0	-1773	-3308
25	0	739	-44	-475	0	-1	-3	0	-1774	-3318
25	0	732	-12	-370	0	0	4	0	-1783	-3422
25	0	732	-12	-370	0	0	4	0	-1784	-3429
25	0	732	-12	-370	0	0	4	0	-1784	-3437
25	0	732	-12	-370	0	0	4	0	-1784	-3445
25	0	732	-12	-370	0	0	4	0	-1784	-3453
25	0	732	-12	-370	0	0	4	0	-1785	-3460
25	0	732	-12	-370	0	0	4	0	-1785	-3468
25	0	732	-12	-370	0	0	4	0	-1785	-3476
25	0	732	-12	-370	0	0	4	0	-1785	-3484
25	0	732	-12	-370	0	0	4	0	-1787	-3530
25	0	699	-1	-122	0	0	3	0	-1787	-3538
25	0	699	-1	-122	0	0	3	0	-1787	-3541
25	0	699	-1	-122	0	0	3	0	-1787	-3543
25	0	699	-1	-122	0	0	3	0	-1787	-3546
25	0	699	-1	-122	0	0	3	0	-1787	-3548
25	0	699	-1	-122	0	0	3	0	-1787	-3551
25	0	699	-1	-122	0	0	3	0	-1787	-3554
25	0	699	-1	-122	0	0	3	0	-1788	-3556
25	0	699	-1	-122	0	0	3	0	-1788	-3559
25	0	699	-1	-122	0	0	3	0	-1788	-3573
25	0	448	0	-31	0	0	0	0	-1788	-3575
25	0	448	0	-31	0	0	0	0	-1788	-3576
25	0	448	0	-31	0	0	0	0	-1788	-3577
25	0	448	0	-31	0	0	0	0	-1788	-3577
25	0	448	0	-31	0	0	0	0	-1788	-3578
25	0	448	0	-31	0	0	0	0	-1788	-3579
25	0	448	0	-31	0	0	0	0	-1788	-3579
25	0	448	0	-31	0	0	0	0	-1788	-3580
25	0	448	0	-31	0	0	0	0	-1788	-3581
25	0	448	0	-31	0	0	0	0	-1788	-3584
25	0	290	-14	-17	0	0	0	0	-1788	-3585
25	0	202	50	22	0	0	0	0	-1788	-3585
25	0	202	50	22	0	0	0	0	-1787	-3585
25	0	202	50	22	0	0	0	0	-1786	-3584
25	0	202	50	22	0	0	0	0	-1785	-3584
25	0	202	50	22	0	0	0	0	-1784	-3583
25	0	202	50	22	0	0	0	0	-1783	-3583
25	0	202	50	22	0	0	0	0	-1781	-3582
25	0	202	50	22	0	0	0	0	-1780	-3582
25	0	202	50	22	0	0	0	0	-1775	-3579
25	0	83	199	330	0	0	-1	0	-1773	-3579
25	0	83	199	330	0	0	-1	0	-1769	-3572
25	0	83	199	330	0	0	-1	0	-1765	-3565
25	0	83	199	330	0	0	-1	0	-1761	-3558
25	0	83	199	330	0	0	-1	0	-1757	-3551
25	0	83	199	330	0	0	-1	0	-1752	-3544
25	0	83	199	330	0	0	-1	0	-1748	-3537
25	0	83	199	330	0	0	-1	0	-1744	-3530
25	0	83	199	330	0	0	-1	0	-1740	-3523
25	0	83	199	330	0	0	-1	0	-1716	-3484
25	0	0	0	0	0	0	0	0	-1712	-3477
25	0	0	0	0	0	0	0	0	-1712	-3477
25	0	0	0	0	0	0	0	0	-1712	-3477
25	0	0	0	0	0	0	0	0	-1712	-3477
25	0	0	0	0	0	0	0	0	-1712	-3477
25	0	0	0	0	0	0	0	0	-1712	-3477
25	0	0	0	0	0	0	0	0	-1712	-3477
25	0	0	0	0	0	0	0	0	-1712	-3477
25	0	0	0	0	0	0	0	0	-1712	-3477
25	0	0	0	0	0	0	0	0	-1712	-3477
25	0	0	0	0	0	0	0	0	-1712	-3477
25	0	0	0	0	0	0	0	0	-1712	-3477
25	0	0	0	0	0	0	0	0	-1712	-3477
25	0	0	0	0	0	0	0	0	-1712	-3477
25	0	0	0	0	0	0	0	0	-1712	-3477
25	0	0	0	0	0	0	0	0	-1712	-3477
25	0	0	0	0	0	0	0	0	-1712	-3477
25	0	0	0	0	0	0	0	0	-1712	-3477
25	0	0	0	0	0	0	0	0	-1712	-3477
25	0	0	0	0	0	0	0	0	-1712	-3477
25	0	0	0	0	0	0	0	0	-1712	-3477
25	0	0	0	0	0	0	0	0	-1712	-3477
25	0	0	0	0	0	0	0	0	-1712	-3477
25	0	0	0	0	0	0	0	0	-1712	-3477
25	0	0	0	0	0	0	0	0	-1712	-3477
25	0	0	0	0	0	0	0	0	-1712	-3477
25	0	0	0	0	0	0	0	0	-1712	-3477
25	0	0	0	0	0	0	0	0	-1712	-3477
25	0	0	0	0	0	0	0	0	-1712	-3477
25	0	0	0	0	0	0	0	0	-1712	-3477
25	0	0	0	0	0	0	0	0	-1712	-3477
25	0	0	0	0	0	0	0	0	-1712	-3477
25	0	0	0	0	0	0	0	0	-1712	-3477
25	0	0	0	0	0	0	0	0	-1712	-3477
25	0	0	0	0	0	0	0	0	-1712	-3477
25	0	0	0	0	0	0	0	0	-1712	-3477
25	0	0	0	0	0	0	0	0	-1712	-3477
25	0	0	0	0	0	0	0	0	-1712	-3477
25	0	0	0	0	0	0	0	0	-1712	-3477
25	0	0	0	0	0	0	0	0	-1712	-3477
25	0	0	0	0	0	0	0	0	-1712	-3477
25	0	0	0	0	0	0	0	0	-1712	-3477
25	0	0	0	0	0	0	0	0	-1712	-3477
25	0	0	0	0	0	0	0	0	-1712	-3477
25	0	0	0	0	0	0	0	0	-1712	-3477
25	0	0	0	0	0	0	0	0	-1712	-3477
25	0	0	0	0	0	0	0	0	-1712	-3477
25	0	0	0	0	0	0	0	0	-1712	-3477
25	0	0	0	0	0	0	0	0	-1712	-3477
25	0	0	0	0	0	0	0	0	-1712	-3477
25	0	0	0	0	0	0	0	0	-1712	-3477
25	0	0	0	0	0	0	0	0	-1712	-3477
25	0	0	0	0	0	0	0	0	-1712	-3477
25	0	0	0	0	0	0	0	0	-1712	-3477
25	0	0	0	0	0	0	0	0	-1712	-3477
25	0	0	0	0	0	0	0	0	-1712	-3477
25	0	0	0	0	0	0	0	0	-1712	-3477
25	0	0	0	0	0	0	0	0	-1712	-3477
25	0	0	0	0	0	0	0	0	-1712	-3477
25	0	0	0	0	0	0	0	0	-1712	-3477
25	0	0	0	0	0	0	0	0	-1712	-3477
25	0	0	0	0	0	0	0	0	-1712	-3477
25	0	0	0	0	0	0	0	0	-1712	-3477
25	0	0	0	0	0	0	0	0	-1712	-3477
25	0	0	0	0	0	0	0	0	-1712	-3477
25	0	0	0	0	0	0	0	0	-1712	-3477
25	0	0	0	0	0	0	0	0	-1712	-3477
25	0	0	0	0	0	0	0	0	-1712	-3477
25	0	0	0	0	0	0	0	0	-1712	-3477
25	0	0	0	0	0	0	0	0	-1712	-3477
25	0	0	0	0	0	0	0	0	-1712	-3477
25	0	0	0	0	0	0	0	0	-1712	-3477
25	0	0	0	0	0	0	0	0	-1712	-3477
25	0	0	0	0	0	0	0	0	-1712	-3477
25	0	0	0	0	0	0	0	0	-1712	-3477
25	0	0	0	0	0	0	0	0	-1712	-3477
25	0	0	0	0	0	0	0	0	-1712	-3477
25	0	0	0	0	0	0	0	0	-1712	-3477
25	0	0	0	0	0	0	0	0	-1712	-3477
25	0	0	0	0	0	0	0	0	-1712	-3477
25	0	0	0	0	0	0	0	0	-1712	-3477
25	0	0	0	0	0	0	0	0	-1712	-3477
25	0	0	0	0	0	0	0	0	-1712	-3477
25	0	0	0	0	0	0	0	0	-1712	-3477
25	0	0	0	0	0	0	0	0	-1712	-3477
25	0	0	0	0	0	0	0	0	-1712	-3477
25	0	0	0	0	0	0	0	0	-1712	-3477
25	0	0	0	0	0	0	0	0	-1712	-3477
25	0	0	0	0	0	0	0	0	-1712	-3477
25	0	0	0	0	0	0	0	0	-1712	-3477
25	0	0	0	0	0	0	0	0	-1712	-3477
25	0	0	0	0	0	0	0	0	-1712	-3477
25	0	0	0	0	0	0	0	0	-1712	-3477
25	0	0	0	0	0	0	0	0	-1712	-3477
25	0	0	0	0	0	0	0	0	-1712	-3477
25	0	0	0	0	0	0	0	0	-1712	-3477
25	0	0	0	0	0	0	0	0	-1712	-3477
25	0	0	0	0	0	0	0	0	-1712	-3477
25	0	0	0	0	0	0	0	0	-1712	-3477
25	0	0	0	0	0	0	0	0	-1712	-3477
25	0	0	0	0	0	0	0	0	-1712	-3477
25	0	0	0	0	0	0	0	0	-1712	-3477
25	0	0	0	0	0	0	0	0	-1712	-3477
25	0	0	0	0	0	0	0	0	-1712	-3477
25	0	0	0	0	0	0	0	0	-1712	-3477
25	0	0	0	0	0	0	0	0	-1712	-3477
25	0	0	0	0	0	0	0	0	-1712	-3477
25	0	0	0	0	0	0	0	0	-1712	-3477
25	0	0	0	0	0	0	0	0	-1712	-3477
25	0	0	0	0	0	0	0	0	-1712	-3477
25	0	0	0	0	0	0	0	0	-1712	-3477
25	0	0	0	0	0	0	0	0	-1712	-3477
25	0	0	0	0	0	0	0	0	-1712	-3477
25	0	0	0	0	0	0	0	0	-1712	-3477
25	0	0	0	0	0	0	0	0	-1712	-3477
25	0	0	0	0	0	0	0	0	-1712	-3477
25	0	0	0	0	0	0	0	0	-1712	-3477
25	0	0	0	0	0	0	0	0	-1712	-3477
25	0	0	0	0	0	0	0	0	-1712	-3477
25	0	0	0	0	0	0	0	0	-1712	-3477
25	0	0	0	0	0	0	0	0	-1712	-3477
25	0	0	0	0	0	0	0	0	-1712	-3477
25	0	0	0	0	0	0	0	0	-1712	-3477
25	0	0	0	0	0	0	0	0	-1712	-3477
25	0	0	0	0	0	0	0	0	-1712	-3477
25	0	0	0	0	0	0	0	0	-1712	-3477
25	0	0	0	0	0	0	0	0	-1712	-3477
25	0	0	0	0	0	0	0	0	-1712	-3477
25	0	0	0	0	0	0	0	0	-1712	-3477
25	0	0	0	0	0	0	0	0	-1712	-3477
25	0	0	0	0	0	0	0	0	-1712	-3477
25	0	0	0	0	0	0	0	0	-1712	-3477
25	0	0	0	0	0	0	0	0	-1712	-3477
25	0	0	0	0	0	0	0	0	-1712	-3477
25	0	0	0	0	0	0	0	0	-1712	-3477
25	0	0	0	0	0	0	0	0	-1712	-3477
25	0	0	0	0	0	0	0	0	-1712	-3477
25	0	0	0	0	0	0	0	0	-1712	-3477
25	0	0	0	0	0	0	0	0	-1712	-3477
25	0	0	0	0	0	0	0	0	-1712	-3477
25	0	0	0	0	0	0	0	0	-1712	-3477
25	0	0	0	0	0	0	0	0	-1712	-3477
25	0	0	0	0	0	0	0	0	-1712	-3477
25	0	0	0	0	0	0	0	0	-1712	-3477
25	0	0	0	0	0	0	0	-1	-1712	-3477
25	0	0	0	0	0	0	0	-1	-1712	-3477
25	0	0	0	0	0	0	0	-1	-1712	-3477
25	0	0	0	0	0	0	0	-1	-1712	-3477
25	0	0	0	0	0	0	0	-1	-1712	-3477
25	0	0	0	0	0	0	0	-1	-1712	-3477
25	0	0	0	0	0	0	0	-1	-1712	-3477
25	0	0	0	0	0	0	0	-1	-1712	-3477
25	0	0	0	0	0	0	0	-1	-1712	-3477
25	0	0	0	0	0	0	0	-1	-1712	-3477
25	0	0	0	0	0	0	0	-1	-1712	-3477
25	0	0	0	0	0	0	0	-1	-1712	-3477
25	0	0	0	0	0	0	0	-1	-1712	-3477
25	0	0	0	0	0	0	0	-1	-1712	-3477
25	0	0	0	0	0	0	0	-1	-1712	-3477
25	0	0	0	0	0	0	0	-1	-1712	-3477
25	0	0	0	0	0	0	0	-1	-1712	-3477
25	0	0	0	0	0	0	0	-1	-1712	-3477
25	0	0	0	0	0	0	0	-1	-1712	-3477
25	0	0	0	0	0	0	0	-1	-1712	-3477
25	0	0	0	0	0	0	0	-1	-1712	-3477
25	0	0	0	0	0	0	0	-1	-1712	-3477
25	0	0	0	0	0	0	0	-1	-1712	-3477
25	0	0	0	0	0	0	0	-1	-1712	-3477
25	0	0	0	0	0	0	0	-1	-1712	-3477
25	0	0	0	0	0	0	0	-1	-1712	-3477
25	0	0	0	0	0	0	0	-1	-1712	-3477
25	0	0	0	0	0	0	0	-1	-1712	-3477
25	0	0	0	0	0	0	0	-1	-1712	-3477
25	0	0	0	0	0	0	0	-1	-1712	-3477
25	0	0	0	0	0	0	0	-1	-1712	-3477
25	0	0	0	0	0	0	0	-1	-1712	-3477
25	0	0	0	0	0	0	0	-1	-1712	-3477
25	0	0	0	0	0	0	0	-1	-1712	-3477
25	0	0	0	0	0	0	0	-1	-1712	-3477
25	0	0	0	0	0	0	0	-1	-1712	-3477
25	0	0	0	0	0	0	0	-1	-1712	-3477
25	0	0	0	0	0	0	0	-1	-1712	-3477
25	0	0	0	0	0	0	0	-1	-1712	-3477
25	0	0	0	0	0	0	0	-1	-1712	-3477
25	0	0	0	0	0	0	0	-1	-1712	-3477
25	0	0	0	0	0	0	0	-1	-1712	-3477
25	0	0	0	0	0	0	0	-1	-1712	-3477
25	0	0	0	0	0	0	0	-1	-1712	-3477
25	0	0	0	0	0	0	0	-1	-1712	-3477
25	0	0	0	0	0	0	0	-1	-1712	-3477
25	0	0	0	0	0	0	0	-1	-1712	-3477
25	0	0	0	0	0	0	0	-1	-1712	-3477
25	0	0	0	0	0	0	0	-1	-1712	-3477
25	0	0	0	0	0	0	0	-1	-1712	-3477
25	0	0	0	0	0	0	0	-1	-1712	-3477
25	0	0	0	0	0	0	0	-1	-1712	-3477
25	0	0	0	0	0	0	0	-1	-1712	-3477
25	0	0	0	0	0	0	0	-1	-1712	-3477
25	0	0	0	0	0	0	0	-1	-1712	-3477
25	0	0	0	0	0	0	0	-1	-1712	-3477
25	0	0	0	0	0	0	0	-1	-1712	-3477
25	0	0	0	0	0	0	0	-1	-1712	-3477
25	0	0	0	0	0	0	0	-1	-1712	-3477
25	0	0	0	0	0	0	0	-1	-1712	-3477
25	0	0	0	0	0	0	0	-1	-1712	-3477
25	0	0	0	0	0	0	0	-1	-1712	-3477
25	0	0	0	0	0	0	0	-1	-1712	-3477
25	0	0	0	0	0	0	0	-1	-1712	-3477
25	0	0	0	0	0	0	0	-1	-1712	-3477
25	0	0	0	0	0	0	0	-1	-1712	-3477
25	0	0	0	0	0	0	0	-1	-1712	-3477
25	0	0	0	0	0	0	0	-1	-1712	-3477
25	0	0	0	0	0	0	0	-1	-1712	-3477
25	0	0	0	0	0	0	0	-1	-1712	-3477
25	0	0	0	0	0	0	0	-1	-1712	-3477
25	0	0	0	0	0	0	0	-1	-1712	-3477
25	0	0	0	0	0	0	0	-1	-1712	-3477
25	0	0	0	0	0	0	0	-1	-1712	-3477
25	0	0	0	0	0	0	0	-1	-1712	-3477
25	0	0	0	0	0	0	0	-1	-1712	-3477
25	0	0	0	0	0	0	0	-1	-1712	-3477
25	0	0	0	0	0	0	0	-1	-1712	-3477
25	0	0	0	0	0	0	0	-1	-1712	-3477
25	0	0	0	0	0	0	0	-1	-1712	-3477
25	0	0	0	0	0	0	0	-1	-1712	-3477
25	0	0	0	0	0	0	0	-1	-1712	-3477
25	0	0	0	0	0	0	0	-1	-1712	-3477
25	0	0	0	0	0	0	0	-1	-1712	-3477
25	0	0	0	0	0	0	0	-1	-1712	-3477
25	0	0	0	0	0	0	0	-1	-1712	-3477
25	0	0	0	0	0	0	0	-1	-1712	-3477
25	0	0	0	0	0	0	0	-1	-1712	-3477
25	0	0	0	0	0	0	0	-1	-1712	-3477
25	0	0	0	0	0	0	0	-1	-1712	-3477
25	0	0	0	0	0	0	0	-1	-1712	-3477
25	0	0	0	0	0	0	0	-1	-1712	-3477
25	0	0	0	0	0	0	0	-1	-1712	-3477
25	0	0	0	0	0	0	0	-1	-1712	-3477
25	0	0	0	0	0	0	0	-1	-1712	-3477
25	0	0	0	0	0	0	0	-1	-1712	-3477
25	0	0	0	0	0	0	0	-1	-1712	-3477
25	0	0	0	0	0	0	0	-1	-1712	-3477
25	0	0	0	0	0	0	0	-1	-1712	-3477
25	0	0	0	0	0	0	0	-1	-1712	-3477
25	0	0	0	0	0	0	0	-1	-1712	-3477
25	0	0	0	0	0	0	0	-1	-1712	-3477
25	0	0	0	0	0	0	0	-1	-1712	-3477
25	0	0	0	0	0	0	0	-1	-1712	-3477
25	0	0	0	0	0	0	0	-1	-1712	-3477
25	0	0	0	0	0	0	0	-1	-1712	-3477
25	0	0	0	0	0	0	0	-1	-1712	-3477
25	0	0	0	0	0	0	0	-1	-1712	-3477
25	0	0	0	0	0	0	0	-1	-1712	-3477
25	0	0	0	0	0	0	0	-1	-1712	-3477
25	0	0	0	0	0	0	0	-1	-1712	-3477
25	0	0	0	0	0	0	0	-1	-1712	-3477
25	0	0	0	0	0	0	0	-1	-1712	-3477
25	0	0	0	0	0	0	0	-1	-1712	-3477
25	0	0	0	0	0	0	0	-1	-1712	-3477
25	0	0	0	0	0	0	0	-1	-1712	-3477
25	0	0	0	0	0	0	0	-1	-1712	-3477
25	0	0	0	0	0	0	0	-1	-1712	-3477
25	0	0	0	0	0	0	0	-1	-1712	-3477
25	0	0	0	0	0	0	0	-1	-1712	-3477
25	0	0	0	0	0	0	0	-1	-1712	-3477
25	0	0	0	0	0	0	0	-1	-1712	-3477
25	0	0	0	0	0	0	0	-1	-1712	-3477
25	0	0	0	0	0	0	0	-1	-1712	-3477
25	0	0	0	0	0	0	0	-1	-1712	-3477
25	0	0	0	0	0	0	0	-1	-1712	-3477
25	0	0	0	0	0	0	0	-1	-1712	-3477
25	0	0	0	0	0	0	0	-1	-1712	-3477
25	0	0	0	0	0	0	0	-1	-1712	-3477
25	0	0	0	0	0	0	0	-1	-1712	-3477
25	0	0	0	0	0	0	0	-1	-1712	-3477
25	0	0	0	0	0	0	0	-1	-1712	-3477
25	0	0	0	0	0	0	0	-1	-1712	-3477
25	0	0	0	0	0	0	0	-1	-1712	-3477
25	0	0	0	0	0	0	0	-1	-1712	-3477
25	0	0	0	0	0	0	0	-1	-1712	-3477
25	0	0	0	0	0	0	0	-1	-1712	-3477
25	0	0	0	0	0	0	0	-1	-1712	-3477
25	0	0	0	0	0	0	0	-1	-1712	-3477
25	0	0	0	0	0	0	0	-1	-1712	-3477
25	0	0	0	0	0	0	0	-1	-1712	-3477
25	0	0	0	0	0	0	0	-1	-1712	-3477
25	0	0	0	0	0	0	0	-1	-1712	-3477
25	0	0	0	0	0	0	0	-1	-1712	-3477
25	0	0	0	0	0	0	0	-1	-1712	-3477
25	0	0	0	0	0	0	0	-1	-1712	-3477
25	0	0	0	0	0	0	0	-1	-1712	-3477
25	0	0	0	0	0	0	0	-1	-1712	-3477
25	0	0	0	0	0	0	0	-1	-1712	-3477
25	0	0	0	0	0	0	0	-1	-1712	-3477
25	0	0	0	0	0	0	0	-1	-1712	-3477
25	0	0	0	0	0	0	0	-1	-1712	-3477
25	0	0	0	0	0	0	0	-1	-1712	-3477
25	0	0	0	0	0	0	0	-1	-1712	-3477
25	0	0	0	0	0	0	0	-1	-1712	-3477
25	0	0	0	0	0	0	0	-1	-1712	-3477
25	0	0	0	0	0	0	0	-1	-1712	-3477
25	0	0	0	0	0	0	0	-1	-1712	-3477
25	0	0	0	0	0	0	0	-1	-1712	-3477
25	0	0	0	0	0	0	0	-1	-1712	-3477
25	0	0	0	0	0	0	0	-1	-1712	-3477
25	0	0	0	0	0	0	0	-1	-1712	-3477
25	0	0	0	0	0	0	0	-1	-1712	-3477
25	0	0	0	0	0	0	0	-1	-1712	-3477
25	0	0	0	0	0	0	0	-1	-1712	-3477
25	0	0	0	0	0	0	0	-1	-1712	-3477
25	0	0	0	0	0	0	0	-1	-1712	-3477
25	0	0	0	0	0	0	0	-1	-1712	-3477
25	0	0	0	0	0	0	0	-1	-1712	-3477
25	0	0	0	0	0	0	0	-1	-1712	-3477
25	0	0	0	0	0	0	0	-1	-1712	-3477
25	0	0	0	0	0	0	0	-1	-1712	-3477
25	0	0	0	0	0	0	0	-1	-1712	-3477
25	0	0	0	0	0	0	0	-1	-1712	-3477
25	0	0	0	0	0	0	0	-1	-1712	-3477
25	0	0	0	0	0	0	0	-1	-1712	-3477
25	0	0	0	0	0	0	0	-1	-1712	-3477
25	0	0	0	0	0	0	0	-1	-1712	-3477
