bat	flyst.	alt	vx	vy	vz	theta	phi	psi	px	py
0	0	0	0	0	0	0	0	0	0	0
0	0	0	0	0	0	0	0	0	0	0
0	0	0	0	0	0	0	0	0	0	0
0	0	0	0	0	0	0	0	0	0	0
0	0	0	0	0	0	0	0	0	0	0
0	0	0	0	0	0	0	0	0	0	0
0	0	0	0	0	0	0	0	0	0	0
0	0	0	0	0	0	0	0	0	0	0
0	0	0	0	0	0	0	0	0	0	0
0	0	0	0	0	0	0	0	0	0	0
0	0	0	0	0	0	0	0	0	0	0
0	0	0	0	0	0	0	0	0	0	0
0	0	0	0	0	0	0	0	0	0	0
0	0	0	0	0	0	0	0	0	0	0
0	0	0	0	0	0	0	0	0	0	0
0	0	0	0	0	0	0	0	0	0	0
0	0	0	0	0	0	0	0	0	0	0
0	0	0	0	0	0	0	0	0	0	0
0	0	0	0	0	0	0	0	0	0	0
0	0	0	0	0	0	0	0	0	0	0
0	0	0	0	0	0	0	0	0	0	0
0	0	0	0	0	0	0	0	0	0	0
0	0	0	0	0	0	0	0	0	0	0
0	0	0	0	0	0	0	0	0	0	0
0	0	0	0	0	0	0	0	0	0	0
0	0	0	0	0	0	0	0	0	0	0
0	0	0	0	0	0	0	0	0	0	0
0	0	0	0	0	0	0	0	0	0	0
0	0	0	0	0	0	0	0	0	0	0
0	0	0	0	0	0	0	0	0	0	0
0	0	0	0	0	0	0	0	0	0	0
0	0	0	0	0	0	0	0	0	0	0
0	0	0	0	0	0	0	0	0	0	0
0	0	0	0	0	0	0	0	0	0	0
0	0	0	0	0	0	0	0	0	0	0
0	0	0	0	0	0	0	0	0	0	0
0	0	0	0	0	0	0	0	0	0	0
0	0	0	0	0	0	0	0	0	0	0
0	0	0	0	0	0	0	0	0	0	0
0	0	0	0	0	0	0	0	0	0	0
0	0	0	0	0	0	0	0	0	0	0
0	0	0	0	0	0	0	0	0	0	0
0	0	0	0	0	0	0	0	0	0	0
0	0	0	0	0	0	0	0	0	0	0
0	0	0	0	0	0	0	0	0	0	0
0	0	0	0	0	0	0	0	0	0	0
0	0	0	0	0	0	0	0	0	0	0
0	0	0	0	0	0	0	0	0	0	0
0	0	0	0	0	0	0	0	0	0	0
0	0	0	0	0	0	0	0	0	0	0
0	0	0	0	0	0	0	0	0	0	0
0	0	0	0	0	0	0	0	0	0	0
0	0	0	0	0	0	0	0	0	0	0
0	0	0	0	0	0	0	0	0	0	0
0	0	0	0	0	0	0	0	0	0	0
0	0	0	0	0	0	0	0	0	0	0
0	0	0	0	0	0	0	0	0	0	0
0	0	0	0	0	0	0	0	0	0	0
0	0	0	0	0	0	0	0	0	0	0
0	0	0	0	0	0	0	0	0	0	0
0	0	0	0	0	0	0	0	0	0	0
0	0	0	0	0	0	0	0	0	0	0
0	0	0	0	0	0	0	0	0	0	0
24	0	0	0	0	0	0	0	-7	0	0
24	0	0	0	0	0	0	0	-7	0	0
24	0	0	0	0	0	0	0	-7	0	0
24	0	0	0	0	0	0	0	-7	0	0
24	0	0	0	0	0	0	0	-7	0	0
24	0	0	0	0	0	0	0	-7	0	0
24	0	0	0	0	0	0	0	-7	0	0
24	0	0	0	0	0	0	0	-7	0	0
24	0	0	0	0	0	0	0	-7	0	0
24	0	0	0	0	0	0	0	-7	0	0
24	0	0	0	0	0	0	0	-7	0	0
24	0	0	0	0	0	0	0	-7	0	0
24	0	0	0	0	0	0	0	-7	0	0
24	0	0	0	0	0	0	0	-7	0	0
24	0	0	0	0	0	0	0	-7	0	0
24	0	0	0	0	0	0	0	-7	0	0
24	0	0	0	0	0	0	0	-7	0	0
24	0	0	0	0	0	0	0	-7	0	0
24	0	0	0	0	0	0	0	-7	0	0
24	0	0	0	0	0	0	0	-7	0	0
24	0	0	0	0	0	0	0	-7	0	0
24	0	0	0	0	0	0	0	-7	0	0
24	0	0	0	0	0	0	0	-7	0	0
24	0	0	0	0	0	0	0	-7	0	0
24	0	0	0	0	0	0	0	-7	0	0
24	0	0	0	0	0	0	0	-7	0	0
24	0	0	0	0	0	0	0	-7	0	0
24	0	0	0	0	0	0	0	-7	0	0
24	0	0	0	0	0	0	0	-7	0	0
24	0	0	0	0	0	0	0	-7	0	0
24	0	0	0	0	0	0	0	-7	0	0
24	0	0	0	0	0	0	0	-7	0	0
24	0	0	0	0	0	0	0	-7	0	0
24	0	0	0	0	0	0	0	-7	0	0
24	0	0	0	0	0	0	0	-7	0	0
24	0	0	0	0	0	0	0	-7	0	0
24	0	0	0	0	0	0	0	-7	0	0
24	0	0	0	0	0	0	0	-7	0	0
24	0	0	0	0	0	0	0	-7	0	0
24	0	0	0	0	0	0	0	-7	0	0
24	0	0	0	0	0	0	0	-7	0	0
24	0	0	0	0	0	0	0	-7	0	0
24	0	0	0	0	0	0	0	-7	0	0
24	0	0	0	0	0	0	0	-7	0	0
24	0	0	0	0	0	0	0	-7	0	0
24	0	0	0	0	0	0	0	-7	0	0
24	0	0	0	0	0	0	0	-7	0	0
24	0	0	0	0	0	0	0	-7	0	0
24	0	0	0	0	0	0	0	-7	0	0
24	0	0	0	0	0	0	0	-7	0	0
24	0	0	0	0	0	0	0	-7	0	0
24	0	0	0	0	0	0	0	-7	0	0
24	0	0	0	0	0	0	0	-7	0	0
24	0	0	0	0	0	0	0	-7	0	0
24	0	0	0	0	0	0	0	-7	0	0
24	0	0	0	0	0	0	0	-7	0	0
24	0	0	0	0	0	0	0	-7	0	0
24	0	0	0	0	0	0	0	-7	0	0
24	0	0	0	0	0	0	0	-7	0	0
24	0	0	0	0	0	0	0	-7	0	0
24	0	0	0	0	0	0	0	-7	0	0
24	0	0	0	0	0	0	0	-7	0	0
24	0	0	0	0	0	0	0	-7	0	0
24	0	0	0	0	0	0	0	-7	0	0
24	0	0	0	0	0	0	0	-7	0	0
24	0	0	0	0	0	0	0	-7	0	0
24	0	0	0	0	0	0	0	-7	0	0
24	0	0	0	0	0	0	0	-7	0	0
24	0	0	0	0	0	0	0	-7	0	0
24	0	0	0	0	0	0	0	-7	0	0
24	0	0	0	0	0	0	0	-7	0	0
24	0	0	0	0	0	0	0	-7	0	0
24	0	0	0	0	0	0	0	-7	0	0
24	0	0	0	0	0	0	0	-7	0	0
24	0	0	0	0	0	0	0	-7	0	0
24	0	0	0	0	0	0	0	-7	0	0
24	0	0	0	0	0	0	0	-7	0	0
24	0	0	0	0	0	0	0	-7	0	0
24	0	0	0	0	0	0	0	-7	0	0
24	0	0	0	0	0	0	0	-7	0	0
24	0	0	0	0	0	0	0	-7	0	0
24	0	0	0	0	0	0	0	-7	0	0
24	0	0	0	0	0	0	0	-7	0	0
24	0	0	0	0	0	0	0	-7	0	0
24	0	0	0	0	0	0	0	-7	0	0
24	0	0	0	0	0	0	0	-7	0	0
24	0	0	0	0	0	0	0	-7	0	0
24	0	0	0	0	0	0	0	-7	0	0
24	0	0	0	0	0	0	0	-7	0	0
24	0	0	0	0	0	0	0	-7	0	0
24	0	0	0	0	0	0	0	-7	0	0
24	0	0	0	0	0	0	0	-7	0	0
24	0	0	0	0	0	0	0	-7	0	0
24	0	0	0	0	0	0	0	-7	0	0
24	0	0	0	0	0	0	0	-7	0	0
24	0	0	0	0	0	0	0	-7	0	0
24	0	0	0	0	0	0	0	-7	0	0
24	0	0	0	0	0	0	0	-7	0	0
24	0	0	0	0	0	0	0	-7	0	0
24	0	0	0	0	0	0	0	-7	0	0
24	0	0	0	0	0	0	0	-7	0	0
24	0	0	0	0	0	0	0	-7	0	0
24	0	0	0	0	0	0	0	-7	0	0
24	0	0	0	0	0	0	0	-7	0	0
24	0	0	0	0	0	0	0	-7	0	0
24	0	0	0	0	0	0	0	-7	0	0
24	0	0	0	0	0	0	0	-7	0	0
24	0	0	0	0	0	0	0	-7	0	0
24	0	0	0	0	0	0	0	-7	0	0
24	0	0	0	0	0	0	0	-7	0	0
24	0	0	0	0	0	0	0	-7	0	0
24	0	0	0	0	0	0	0	-7	0	0
24	0	0	0	0	0	0	0	-7	0	0
24	0	0	0	0	0	0	0	-7	0	0
24	0	0	0	0	0	0	0	-7	0	0
24	0	0	0	0	0	0	0	-7	0	0
24	0	0	0	0	0	0	0	-7	0	0
24	0	0	0	0	0	0	0	-7	0	0
24	0	0	0	0	0	0	0	-7	0	0
24	0	0	0	0	0	0	0	-7	0	0
24	0	0	0	0	0	0	0	-7	0	0
24	0	0	0	0	0	0	0	-7	0	0
24	0	0	0	0	0	0	0	-7	0	0
24	0	0	0	0	0	0	0	-7	0	0
0	0	0	0	0	0	0	0	0	0	0
24	0	0	0	0	0	0	0	-7	0	0
24	0	0	0	0	0	0	0	-7	0	0
24	0	0	0	0	0	0	0	-7	0	0
24	0	0	0	0	0	0	0	-7	0	0
24	0	0	0	0	0	0	0	-7	0	0
24	0	0	0	0	0	0	0	-7	0	0
24	0	0	0	0	0	0	0	-7	0	0
24	0	0	0	0	0	0	0	-7	0	0
24	0	0	0	0	0	0	0	-7	0	0
24	0	0	0	0	0	0	0	-7	0	0
24	0	0	0	0	0	0	0	-7	0	0
24	0	0	0	0	0	0	0	-7	0	0
24	0	0	0	0	0	0	0	-7	0	0
24	0	0	0	0	0	0	0	-7	0	0
24	0	0	0	0	0	0	0	-7	0	0
24	0	0	0	0	0	0	0	-7	0	0
24	0	0	0	0	0	0	0	-7	0	0
24	0	0	0	0	0	0	0	-7	0	0
24	0	0	0	0	0	0	0	-7	0	0
24	0	0	0	0	0	0	0	-7	0	0
24	0	0	0	0	0	0	0	-7	0	0
24	0	0	0	0	0	0	0	-7	0	0
24	0	0	0	0	0	0	0	-7	0	0
24	0	0	0	0	0	0	0	-7	0	0
24	0	0	0	0	0	0	0	-7	0	0
24	0	0	0	0	0	0	0	-7	0	0
24	0	0	0	0	0	0	0	-7	0	0
24	0	0	0	0	0	0	0	-7	0	0
24	0	0	0	0	0	0	0	-7	0	0
24	0	0	1	0	0	0	0	-7	0	0
24	0	0	1	0	0	0	0	-7	0	0
24	0	0	1	0	0	0	0	-7	0	0
24	0	0	0	0	0	0	0	-7	0	0
24	0	0	0	0	0	0	0	-7	0	0
24	0	0	0	0	0	0	0	-7	0	0
24	0	0	0	0	0	0	0	-7	0	0
24	0	0	0	0	0	0	0	-7	0	0
24	0	0	0	0	0	0	0	-7	0	0
24	0	0	0	0	0	0	0	-7	0	0
24	0	0	0	0	0	0	0	-7	0	0
24	0	0	0	0	0	0	0	-7	0	0
24	0	0	0	0	0	0	0	-7	0	0
24	0	0	0	0	0	0	0	-7	0	0
24	0	0	0	0	0	0	0	-7	0	0
24	0	0	0	0	0	0	0	-7	0	0
24	0	0	0	0	0	0	0	-7	0	0
24	0	0	0	0	0	0	0	-7	0	0
24	0	0	0	0	0	0	0	-7	0	0
24	0	0	0	0	0	0	0	-7	0	0
24	0	0	0	0	0	0	0	-7	0	0
24	0	0	0	0	0	0	0	-7	0	0
24	0	0	0	0	0	0	0	-7	0	0
24	0	0	0	0	0	0	0	-7	0	0
24	0	0	0	0	0	0	0	-7	0	0
24	0	0	0	0	0	0	0	-7	0	0
24	0	0	0	0	0	0	0	-7	0	0
24	0	0	0	0	0	0	0	-7	0	0
24	0	0	-1	1	0	0	0	-7	0	0
24	0	0	-1	1	0	0	0	-7	0	0
24	0	0	-1	1	0	0	0	-7	0	0
24	0	0	0	0	0	0	0	-7	0	0
24	0	0	0	0	0	0	0	-7	0	0
24	0	0	0	0	0	0	0	-7	0	0
24	0	0	0	0	0	0	0	-7	0	0
24	0	0	0	0	0	0	0	-7	0	0
24	0	0	0	0	0	0	0	-7	0	0
24	0	0	0	0	0	0	0	-7	0	0
24	0	0	0	0	0	0	0	-7	0	0
24	0	0	0	0	0	0	0	-7	0	0
24	0	0	0	0	0	0	0	-7	0	0
24	0	0	0	0	0	0	0	-7	0	0
24	0	0	0	0	0	0	0	-7	0	0
24	0	0	0	0	0	0	0	-7	0	0
24	0	0	0	0	0	0	0	-7	0	0
24	0	0	0	0	0	0	0	-7	0	0
24	0	0	0	0	0	0	0	-7	0	0
24	0	0	0	0	0	0	0	-7	0	0
24	0	0	0	0	0	0	0	-7	0	0
24	0	0	0	0	0	0	0	-7	0	0
24	0	0	1	0	0	0	0	-7	0	0
24	0	0	1	0	0	0	0	-7	0	0
24	0	0	1	0	0	0	0	-7	0	0
24	0	0	0	0	0	0	0	-6	0	0
24	0	0	0	0	0	0	0	-6	0	0
24	0	0	0	0	0	0	0	-6	0	0
24	0	0	0	-1	0	0	0	-6	0	0
24	0	0	0	-1	0	0	0	-6	0	0
24	0	0	0	-1	0	0	0	-6	0	0
24	0	0	0	0	0	0	0	-6	0	0
24	0	0	0	0	0	0	0	-6	0	0
24	0	0	0	0	0	0	0	-6	0	0
24	0	0	0	0	0	0	0	-6	0	0
24	0	0	0	0	0	0	0	-7	0	0
24	0	0	0	0	0	0	0	-7	0	0
24	0	0	0	0	0	0	0	-6	0	0
24	0	0	0	0	0	0	0	-6	0	0
24	0	0	0	0	0	0	0	-6	0	0
24	0	0	0	-1	0	0	0	-6	0	0
24	0	0	0	-1	0	0	0	-6	0	0
24	0	0	0	-1	0	0	0	-6	0	0
24	0	0	0	-1	0	0	0	-6	0	0
24	0	0	0	-1	0	0	0	-6	0	0
24	0	0	0	-1	0	0	0	-6	0	0
24	0	0	-1	0	0	0	0	-6	0	0
24	0	0	-1	0	0	0	0	-6	0	0
24	0	0	-1	0	0	0	0	-6	0	0
24	0	0	-1	0	0	0	0	-6	0	0
24	0	0	-2	0	0	0	0	-6	0	0
24	0	0	-2	0	0	0	0	-6	0	0
24	0	0	-2	0	0	0	0	-6	0	0
24	0	0	-1	-2	0	0	0	-6	0	0
24	0	0	-1	-2	0	0	0	-6	0	0
24	0	0	-1	-2	0	0	0	-6	0	0
24	0	0	-1	-1	0	0	0	-6	0	0
24	0	0	-1	-1	0	0	0	-6	0	0
24	0	0	-1	-1	0	0	0	-6	0	0
24	0	0	1	0	0	0	0	-6	0	0
24	0	0	1	0	0	0	0	-6	0	0
24	0	0	1	0	0	0	0	-6	0	0
24	0	0	0	-2	0	0	0	-7	0	0
24	0	0	0	-2	0	0	0	-7	0	0
24	0	0	0	-2	0	0	0	-7	0	0
24	0	0	-1	0	0	0	0	-7	0	0
24	0	0	-1	0	0	0	0	-7	0	0
24	0	0	-1	0	0	0	0	-7	0	0
24	0	0	-4	2	0	0	0	-7	0	0
24	0	0	-4	2	0	0	0	-7	0	0
24	0	0	-4	2	0	0	0	-7	0	0
24	0	0	-5	4	0	0	0	-6	-1	0
24	0	0	-5	4	0	0	0	-6	-1	0
24	0	0	-5	4	0	0	0	-6	-1	0
24	0	0	-5	4	0	0	0	-6	-1	0
24	0	0	-1	-1	0	0	0	-6	-1	0
24	0	0	-1	-1	0	0	0	-6	-1	0
24	0	0	-1	-1	0	0	0	-6	-1	0
24	0	0	0	0	0	0	1	-6	-1	0
24	0	0	0	0	0	0	1	-6	-1	0
24	0	0	0	0	0	0	1	-6	-1	0
24	0	0	11	4	0	-3	0	-7	-1	0
24	0	0	11	4	0	-3	0	-7	-1	0
24	0	0	11	4	0	-3	0	-7	-1	0
24	0	0	48	9	0	-6	0	-7	0	0
24	0	0	48	9	0	-6	0	-7	0	0
24	0	0	48	9	0	-6	0	-7	1	0
24	0	0	61	10	0	-9	1	-7	2	0
24	0	0	61	10	0	-9	1	-7	3	0
24	0	0	61	10	0	-9	1	-7	4	0
24	0	0	82	14	0	-11	1	-6	5	1
24	0	0	82	14	0	-11	1	-6	7	1
24	0	0	82	14	0	-11	1	-6	9	1
24	0	0	93	14	0	-11	1	-6	11	1
24	0	0	93	14	0	-11	1	-6	13	2
24	0	0	93	14	0	-11	1	-6	15	2
24	0	0	94	11	0	-11	1	-6	17	2
24	0	0	94	11	0	-11	1	-6	18	3
24	0	0	94	11	0	-11	1	-6	21	3
24	0	0	96	13	0	-11	2	-6	23	3
24	0	0	96	13	0	-11	2	-6	25	3
24	0	0	96	13	0	-11	2	-6	27	4
24	0	0	78	13	0	-7	2	-6	29	4
24	0	0	78	13	0	-7	2	-6	31	4
24	0	0	78	13	0	-7	2	-6	32	5
24	0	0	100	25	0	-2	1	-6	34	5
24	0	0	100	25	0	-2	1	-6	36	5
24	0	0	100	25	0	-2	1	-6	38	6
24	0	0	97	37	0	0	1	-6	40	6
24	0	0	97	37	0	0	1	-6	42	7
24	0	0	97	37	0	0	1	-6	44	8
24	0	0	23	24	0	3	1	-6	46	9
24	0	0	23	24	0	3	1	-6	47	9
24	0	0	23	24	0	3	1	-6	47	10
24	0	0	-32	28	0	4	1	-6	48	10
24	0	0	-32	28	0	4	1	-6	47	11
24	0	0	-32	28	0	4	1	-6	47	12
24	0	0	-32	28	0	4	1	-6	46	12
24	0	0	-40	15	0	3	1	-6	45	13
24	0	0	-40	15	0	3	1	-6	44	13
24	0	0	-40	15	0	3	1	-6	44	13
24	0	0	-45	7	0	3	0	-6	43	14
24	0	0	-45	7	0	3	0	-6	42	14
24	0	0	-45	7	0	3	0	-6	41	14
24	0	0	-39	2	0	2	0	-6	40	14
24	0	0	-39	2	0	2	0	-6	39	14
24	0	0	-39	2	0	2	0	-6	38	14
24	0	0	-27	0	0	2	0	-6	37	14
24	0	0	-27	0	0	2	0	-6	37	14
24	0	0	-27	0	0	2	0	-6	36	14
24	0	0	-42	-3	0	2	0	-6	36	14
24	0	0	-42	-3	0	2	0	-6	35	14
24	0	0	-42	-3	0	2	0	-6	34	14
24	0	245	-60	-4	0	2	0	-5	33	14
24	0	245	-60	-4	0	2	0	-5	32	14
24	0	245	-60	-4	0	2	0	-5	30	14
24	0	250	-77	-28	0	2	0	-5	29	14
24	0	250	-77	-28	0	2	0	-5	28	13
24	0	250	-77	-28	0	2	0	-5	26	13
24	0	257	-122	-29	0	3	0	-4	24	12
24	0	257	-122	-29	0	3	0	-4	22	11
24	0	257	-122	-29	0	3	0	-4	19	11
24	0	278	-183	-12	0	4	1	-4	17	10
24	0	278	-183	-12	0	4	1	-4	13	10
24	0	278	-183	-12	0	4	1	-4	9	10
24	0	300	-225	25	0	3	2	-4	5	9
24	0	300	-225	25	0	3	2	-4	0	10
24	0	300	-225	25	0	3	2	-4	-4	11
24	0	300	-225	25	0	3	2	-4	-8	11
24	0	330	-254	67	0	2	3	-4	-13	12
24	0	330	-254	67	0	2	3	-4	-18	13
24	0	330	-254	67	0	2	3	-4	-24	14
24	0	374	-272	103	0	2	2	-4	-29	16
24	0	374	-272	103	0	2	2	-4	-35	18
24	0	374	-272	103	0	2	2	-4	-40	20
24	0	416	-273	120	0	1	2	-4	-46	22
24	0	416	-273	120	0	1	2	-4	-52	25
24	0	416	-273	120	0	1	2	-4	-58	28
24	0	460	-258	117	0	0	1	-4	-63	30
24	0	460	-258	117	0	0	1	-4	-69	32
24	0	460	-258	117	0	0	1	-4	-74	35
24	0	516	-233	96	0	0	0	-5	-80	37
24	0	516	-233	96	0	0	0	-5	-85	39
24	0	516	-233	96	0	0	0	-5	-89	41
24	0	552	-202	72	0	-1	0	-5	-94	43
24	0	552	-202	72	0	-1	0	-5	-99	45
24	0	552	-202	72	0	-1	0	-5	-103	46
24	0	587	-171	51	0	-2	-1	-5	-107	48
24	0	587	-171	51	0	-2	-1	-5	-111	49
24	0	587	-171	51	0	-2	-1	-5	-114	50
24	0	602	-147	31	0	-2	-1	-5	-118	51
24	0	602	-147	31	0	-2	-1	-5	-121	52
24	0	602	-147	31	0	-2	-1	-5	-124	53
24	0	616	-122	13	0	-2	-1	-5	-127	53
24	0	616	-122	13	0	-2	-1	-5	-130	53
24	0	616	-122	13	0	-2	-1	-5	-132	54
24	0	631	-100	-2	0	-2	-1	-5	-135	54
24	0	631	-100	-2	0	-2	-1	-5	-137	54
24	0	631	-100	-2	0	-2	-1	-5	-139	54
24	0	640	-84	-14	0	-1	0	-5	-141	54
24	0	640	-84	-14	0	-1	0	-5	-143	54
24	0	640	-84	-14	0	-1	0	-5	-145	53
24	0	640	-84	-14	0	-1	0	-5	-146	53
24	0	647	-72	-22	0	-1	0	-5	-148	53
24	0	647	-72	-22	0	-1	0	-5	-150	52
24	0	647	-72	-22	0	-1	0	-5	-151	52
24	0	654	-47	-26	0	-1	0	-6	-153	51
24	0	654	-47	-26	0	-1	0	-6	-154	51
24	0	654	-47	-26	0	-1	0	-6	-155	50
24	0	659	-40	-28	0	0	0	-6	-156	50
24	0	659	-40	-28	0	0	0	-6	-157	49
24	0	659	-40	-28	0	0	0	-6	-157	48
24	0	664	-66	-31	0	3	0	-6	-158	48
24	0	664	-66	-31	0	3	0	-6	-160	47
24	0	664	-66	-31	0	3	0	-6	-161	46
24	0	670	-130	-33	0	6	0	-6	-162	46
24	0	670	-130	-33	0	6	0	-6	-165	45
24	0	670	-130	-33	0	6	0	-6	-168	44
24	0	675	-222	-35	0	8	0	-6	-171	44
24	0	675	-222	-35	0	8	0	-6	-175	43
24	0	675	-222	-35	0	8	0	-6	-180	42
24	0	679	-289	-29	0	5	0	-6	-185	41
24	0	679	-289	-29	0	5	0	-6	-191	41
24	0	679	-289	-29	0	5	0	-6	-197	40
24	0	681	-319	-23	0	2	0	-6	-203	40
24	0	681	-319	-23	0	2	0	-6	-209	39
24	0	681	-319	-23	0	2	0	-6	-216	39
24	0	678	-318	-15	0	0	0	-6	-223	38
24	0	678	-318	-15	0	0	0	-6	-229	38
24	0	678	-318	-15	0	0	0	-6	-236	37
24	0	678	-318	-15	0	0	0	-6	-243	37
24	0	676	-292	-8	0	-1	0	-6	-249	37
24	0	676	-292	-8	0	-1	0	-6	-256	37
24	0	676	-292	-8	0	-1	0	-6	-262	36
24	0	679	-274	-3	0	1	0	-6	-268	36
24	0	679	-274	-3	0	1	0	-6	-274	36
24	0	679	-274	-3	0	1	0	-6	-280	36
24	0	675	-319	-1	0	6	0	-6	-286	36
24	0	675	-319	-1	0	6	0	-6	-293	36
24	0	675	-319	-1	0	6	0	-6	-299	36
24	0	681	-413	0	0	9	0	-6	-306	36
24	0	681	-413	0	0	9	0	-6	-315	36
24	0	681	-413	0	0	9	0	-6	-323	36
24	0	686	-184	1	0	11	0	-6	-332	36
24	0	686	-184	1	0	11	0	-6	-336	36
24	0	686	-184	1	0	11	0	-6	-340	36
24	0	688	-133	2	0	12	0	-6	-344	36
24	0	688	-133	2	0	12	0	-6	-346	36
24	0	688	-133	2	0	12	0	-6	-349	36
24	0	690	-134	4	0	8	0	-6	-352	36
24	0	690	-134	4	0	8	0	-6	-355	36
24	0	690	-134	4	0	8	0	-6	-358	36
24	0	689	-179	12	0	3	0	-6	-360	36
24	0	689	-179	12	0	3	0	-6	-364	37
24	0	689	-179	12	0	3	0	-6	-368	37
24	0	683	-177	19	0	0	0	-6	-372	37
24	0	683	-177	19	0	0	0	-6	-376	38
24	0	683	-177	19	0	0	0	-6	-379	38
24	0	678	-142	25	0	-2	0	-6	-383	38
24	0	678	-142	25	0	-2	0	-6	-386	39
24	0	678	-142	25	0	-2	0	-6	-389	40
24	0	676	-90	29	0	-3	0	-6	-392	40
24	0	676	-90	29	0	-3	0	-6	-394	41
24	0	676	-90	29	0	-3	0	-6	-396	41
24	0	676	-90	29	0	-3	0	-6	-398	42
24	0	675	-35	32	0	-2	0	-6	-400	43
24	0	675	-35	32	0	-2	0	-6	-400	43
24	0	675	-35	32	0	-2	0	-6	-401	44
24	0	679	-20	30	0	1	0	-6	-402	45
24	0	679	-20	30	0	1	0	-6	-402	45
24	0	679	-20	30	0	1	0	-6	-403	46
24	0	684	-43	9	0	3	-2	-6	-403	47
24	0	684	-43	9	0	3	-2	-6	-404	47
24	0	684	-43	9	0	3	-2	-6	-405	47
24	0	692	-77	-29	0	3	-2	-6	-406	47
24	0	692	-77	-29	0	3	-2	-6	-407	47
24	0	692	-77	-29	0	3	-2	-6	-409	46
24	0	695	-89	-46	0	1	0	-5	-411	45
24	0	695	-89	-46	0	1	0	-5	-413	44
24	0	695	-89	-46	0	1	0	-5	-415	43
24	0	698	-83	-44	0	0	0	-5	-416	42
24	0	698	-83	-44	0	0	0	-5	-418	41
24	0	698	-83	-44	0	0	0	-5	-420	40
24	0	699	-59	-30	0	-1	1	-5	-422	39
24	0	699	-59	-30	0	-1	1	-5	-423	39
24	0	699	-59	-30	0	-1	1	-5	-424	38
24	0	700	-31	-11	0	-1	1	-5	-425	38
24	0	700	-31	-11	0	-1	1	-5	-426	37
24	0	700	-31	-11	0	-1	1	-5	-427	37
24	0	700	-2	7	0	-1	1	-5	-427	37
24	0	700	-2	7	0	-1	1	-5	-427	37
24	0	700	-2	7	0	-1	1	-5	-427	37
24	0	701	21	22	0	-1	1	-5	-427	37
24	0	701	21	22	0	-1	1	-5	-427	38
24	0	701	21	22	0	-1	1	-5	-427	38
24	0	701	21	22	0	-1	1	-5	-426	39
24	0	700	41	30	0	0	0	-5	-426	39
24	0	700	41	30	0	0	0	-5	-425	40
24	0	701	55	33	0	0	0	-5	-424	40
24	0	701	55	33	0	0	0	-5	-423	41
24	0	701	55	33	0	0	0	-5	-422	42
24	0	701	55	33	0	0	0	-5	-420	43
24	0	697	67	34	0	0	0	-5	-419	43
24	0	697	67	34	0	0	0	-5	-418	44
24	0	693	73	33	0	0	0	-5	-417	45
24	0	693	73	33	0	0	0	-5	-415	45
24	0	693	73	33	0	0	0	-5	-413	46
24	0	693	73	33	0	0	0	-5	-412	47
24	0	689	75	34	0	0	0	-5	-410	48
24	0	689	75	34	0	0	0	-5	-409	48
24	0	689	75	34	0	0	0	-5	-407	49
24	0	685	68	11	0	0	-2	-5	-406	50
24	0	685	68	11	0	0	-2	-5	-404	50
24	0	685	68	11	0	0	-2	-5	-403	50
24	0	680	74	-28	0	-1	-3	-5	-401	50
24	0	680	74	-28	0	-1	-3	-5	-400	50
24	0	680	74	-28	0	-1	-3	-5	-398	49
24	0	670	109	-69	0	-3	-3	-5	-396	49
24	0	670	109	-69	0	-3	-3	-5	-394	47
24	0	670	109	-69	0	-3	-3	-5	-392	46
24	0	665	157	-95	0	-2	-1	-4	-390	44
24	0	665	157	-95	0	-2	-1	-4	-386	42
24	0	665	157	-95	0	-2	-1	-4	-383	40
24	0	659	185	-99	0	0	0	-4	-380	38
24	0	659	185	-99	0	0	0	-4	-376	36
24	0	659	185	-99	0	0	0	-4	-372	34
24	0	652	187	-84	0	0	1	-4	-368	32
24	0	652	187	-84	0	0	1	-4	-364	30
24	0	652	187	-84	0	0	1	-4	-360	28
24	0	645	179	-64	0	0	1	-4	-356	27
24	0	645	179	-64	0	0	1	-4	-352	25
24	0	645	179	-64	0	0	1	-4	-349	24
24	0	634	190	-49	0	-2	1	-4	-345	23
24	0	634	190	-49	0	-2	1	-4	-341	22
24	0	634	190	-49	0	-2	1	-4	-337	21
24	0	634	190	-49	0	-2	1	-4	-333	19
24	0	628	233	-34	0	-5	1	-4	-329	18
24	0	628	233	-34	0	-5	1	-4	-324	18
24	0	628	233	-34	0	-5	1	-4	-319	17
24	0	620	301	-20	0	-5	1	-4	-314	16
24	0	620	301	-20	0	-5	1	-4	-308	16
24	0	620	301	-20	0	-5	1	-4	-301	15
24	0	616	352	-4	0	-3	1	-4	-295	15
24	0	616	352	-4	0	-3	1	-4	-288	15
24	0	616	352	-4	0	-3	1	-4	-280	15
24	0	614	373	10	0	-1	1	-4	-273	15
24	0	614	373	10	0	-1	1	-4	-265	15
24	0	614	373	10	0	-1	1	-4	-257	15
24	0	614	373	10	0	-1	1	-4	-249	15
24	0	615	363	25	0	1	1	-4	-241	16
24	0	615	363	25	0	1	1	-4	-233	16
24	0	620	324	37	0	3	1	-4	-226	17
24	0	620	324	37	0	3	1	-4	-219	17
24	0	620	324	37	0	3	1	-4	-209	18
24	0	624	264	46	0	5	0	-4	-203	19
24	0	624	264	46	0	5	0	-4	-197	20
24	0	624	264	46	0	5	0	-4	-192	21
24	0	628	191	53	0	5	0	-4	-186	22
24	0	628	191	53	0	5	0	-4	-182	23
24	0	628	191	53	0	5	0	-4	-178	24
24	0	633	139	59	0	3	0	-4	-174	25
24	0	633	139	59	0	3	0	-4	-171	27
24	0	633	139	59	0	3	0	-4	-168	28
24	0	636	103	63	0	3	0	-4	-165	29
24	0	636	103	63	0	3	0	-4	-163	31
24	0	636	103	63	0	3	0	-4	-161	32
24	0	639	71	59	0	2	0	-5	-159	33
24	0	639	71	59	0	2	0	-5	-157	34
24	0	639	71	59	0	2	0	-5	-156	36
24	0	643	47	46	0	2	-1	-5	-154	37
24	0	643	47	46	0	2	-1	-5	-153	38
24	0	643	47	46	0	2	-1	-5	-152	39
24	0	647	32	9	0	1	-4	-5	-151	40
24	0	647	32	9	0	1	-4	-5	-150	40
24	0	647	32	9	0	1	-4	-5	-150	40
24	0	651	19	-55	0	1	-6	-5	-149	41
24	0	651	19	-55	0	1	-6	-5	-149	39
24	0	651	19	-55	0	1	-6	-5	-148	38
24	0	655	11	-142	0	0	-8	-5	-148	37
24	0	655	11	-142	0	0	-8	-5	-148	34
24	0	655	11	-142	0	0	-8	-5	-147	31
24	0	655	11	-142	0	0	-8	-5	-147	28
24	0	665	8	-245	0	0	-8	-5	-147	25
24	0	665	8	-245	0	0	-8	-5	-147	20
24	0	665	8	-245	0	0	-8	-5	-147	15
24	0	673	3	-319	0	0	-6	-5	-146	10
24	0	673	3	-319	0	0	-6	-5	-146	3
24	0	673	3	-319	0	0	-6	-5	-146	-3
24	0	676	2	-362	0	0	-4	-5	-146	-10
24	0	676	2	-362	0	0	-4	-5	-146	-17
24	0	676	2	-362	0	0	-4	-5	-146	-25
24	0	673	1	-375	0	0	-2	-5	-146	-32
24	0	673	1	-375	0	0	-2	-5	-146	-40
24	0	673	1	-375	0	0	-2	-5	-146	-48
24	0	674	0	-362	0	0	0	-5	-146	-56
24	0	674	0	-362	0	0	0	-5	-146	-64
24	0	674	0	-362	0	0	0	-5	-146	-71
24	0	675	0	-324	0	0	2	-5	-146	-79
24	0	675	0	-324	0	0	2	-5	-146	-86
24	0	675	0	-324	0	0	2	-5	-146	-92
24	0	677	3	-262	0	0	5	-6	-146	-99
24	0	677	3	-262	0	0	5	-6	-146	-105
24	0	677	3	-262	0	0	5	-6	-146	-110
24	0	679	-6	-180	0	1	6	-7	-146	-116
24	0	679	-6	-180	0	1	6	-7	-146	-120
24	0	679	-6	-180	0	1	6	-7	-146	-123
24	0	680	-26	-101	0	2	5	-9	-146	-127
24	0	680	-26	-101	0	2	5	-9	-147	-129
24	0	680	-26	-101	0	2	5	-9	-147	-131
24	0	680	-26	-101	0	2	5	-9	-148	-134
24	0	682	-54	-37	0	3	4	-11	-148	-136
24	0	682	-54	-37	0	3	4	-11	-149	-137
24	0	682	-54	-37	0	3	4	-11	-150	-137
24	0	685	-87	10	0	3	3	-14	-152	-138
24	0	685	-87	10	0	3	3	-14	-153	-138
24	0	685	-87	10	0	3	3	-14	-155	-138
24	0	684	-116	38	0	2	2	-17	-157	-138
24	0	684	-116	38	0	2	2	-17	-160	-137
24	0	684	-116	38	0	2	2	-17	-162	-136
24	0	687	-139	47	0	2	1	-21	-164	-135
24	0	687	-139	47	0	2	1	-21	-167	-134
24	0	687	-139	47	0	2	1	-21	-170	-133
24	0	680	-150	40	0	1	0	-25	-173	-132
24	0	680	-150	40	0	1	0	-25	-176	-131
24	0	680	-150	40	0	1	0	-25	-180	-130
24	0	678	-149	23	0	0	0	-28	-183	-130
24	0	678	-149	23	0	0	0	-28	-186	-129
24	0	678	-149	23	0	0	0	-28	-189	-129
24	0	676	-139	2	0	0	-1	-32	-192	-128
24	0	676	-139	2	0	0	-1	-32	-195	-128
24	0	676	-139	2	0	0	-1	-32	-198	-128
24	0	673	-120	-18	0	0	-1	-36	-201	-128
24	0	673	-120	-18	0	0	-1	-36	-203	-128
24	0	673	-120	-18	0	0	-1	-36	-206	-129
24	0	674	-98	-37	0	0	0	-40	-209	-129
24	0	674	-98	-37	0	0	0	-40	-211	-130
24	0	674	-98	-37	0	0	0	-40	-213	-131
24	0	677	-77	-54	0	0	0	-44	-215	-132
24	0	677	-77	-54	0	0	0	-44	-216	-133
24	0	677	-77	-54	0	0	0	-44	-218	-134
24	0	677	-77	-54	0	0	0	-44	-220	-135
24	0	681	-55	-66	0	0	0	-48	-221	-136
24	0	681	-55	-66	0	0	0	-48	-222	-137
24	0	681	-55	-66	0	0	0	-48	-224	-139
24	0	687	-34	-75	0	0	0	-52	-225	-140
24	0	687	-34	-75	0	0	0	-52	-225	-142
24	0	690	-13	-80	0	0	0	-56	-226	-143
24	0	690	-13	-80	0	0	0	-56	-226	-145
24	0	690	-13	-80	0	0	0	-56	-227	-147
24	0	690	-13	-80	0	0	0	-56	-227	-149
24	0	699	4	-81	0	0	0	-60	-227	-150
24	0	699	4	-81	0	0	0	-60	-227	-152
24	0	699	4	-81	0	0	0	-60	-227	-154
24	0	703	15	-78	0	0	0	-62	-227	-155
24	0	703	15	-78	0	0	0	-62	-227	-157
24	0	703	15	-78	0	0	0	-62	-226	-159
24	0	707	22	-68	0	0	0	-64	-226	-160
24	0	707	22	-68	0	0	0	-64	-226	-162
24	0	707	22	-68	0	0	0	-64	-225	-163
24	0	711	28	-53	0	0	0	-65	-225	-165
24	0	711	28	-53	0	0	0	-65	-224	-166
24	0	711	28	-53	0	0	0	-65	-223	-167
24	0	715	32	-35	0	0	1	-66	-223	-168
24	0	715	32	-35	0	0	1	-66	-222	-169
24	0	715	32	-35	0	0	1	-66	-221	-170
24	0	721	32	-16	0	0	1	-66	-221	-170
24	0	721	32	-16	0	0	1	-66	-220	-171
24	0	721	32	-16	0	0	1	-66	-219	-171
24	0	723	28	0	0	0	0	-67	-219	-171
24	0	723	28	0	0	0	0	-67	-218	-171
24	0	723	28	0	0	0	0	-67	-218	-171
24	0	724	26	14	0	0	0	-67	-217	-171
24	0	724	26	14	0	0	0	-67	-216	-171
24	0	724	26	14	0	0	0	-67	-216	-171
24	0	726	24	25	0	0	0	-68	-215	-170
24	0	726	24	25	0	0	0	-68	-215	-170
24	0	726	24	25	0	0	0	-68	-214	-169
24	0	726	24	25	0	0	0	-68	-214	-169
24	0	729	24	34	0	0	0	-68	-213	-168
24	0	729	24	34	0	0	0	-68	-213	-168
24	0	729	24	34	0	0	0	-68	-212	-167
24	0	733	21	39	0	0	0	-68	-212	-166
24	0	733	21	39	0	0	0	-68	-211	-165
24	0	733	21	39	0	0	0	-68	-211	-164
24	0	736	23	42	0	0	0	-68	-210	-164
24	0	736	23	42	0	0	0	-68	-210	-163
24	0	736	23	42	0	0	0	-68	-209	-162
24	0	737	23	45	0	0	0	-68	-209	-161
24	0	737	23	45	0	0	0	-68	-208	-160
24	0	737	23	45	0	0	0	-68	-208	-159
24	0	743	22	52	0	0	0	-68	-207	-158
24	0	743	22	52	0	0	0	-68	-207	-157
24	0	743	22	52	0	0	0	-68	-206	-156
24	0	746	21	59	0	0	0	-68	-206	-155
24	0	746	21	59	0	0	0	-68	-205	-153
24	0	746	21	59	0	0	0	-68	-205	-152
24	0	746	20	66	0	0	0	-68	-205	-151
24	0	746	20	66	0	0	0	-68	-204	-150
24	0	746	20	66	0	0	0	-68	-204	-148
24	0	748	19	72	0	0	0	-68	-203	-147
24	0	748	19	72	0	0	0	-68	-203	-145
24	0	748	19	72	0	0	0	-68	-202	-144
24	0	749	19	81	0	0	0	-68	-202	-142
24	0	749	19	81	0	0	0	-68	-202	-140
24	0	749	19	81	0	0	0	-68	-201	-139
24	0	752	21	88	0	0	0	-68	-201	-137
24	0	752	21	88	0	0	0	-68	-200	-135
24	0	752	21	88	0	0	0	-68	-200	-133
24	0	752	21	88	0	0	0	-68	-199	-131
24	0	754	26	94	0	0	0	-67	-199	-130
24	0	754	26	94	0	0	0	-67	-198	-128
24	0	754	26	94	0	0	0	-67	-198	-126
24	0	758	32	96	0	0	0	-67	-197	-124
24	0	758	32	96	0	0	0	-67	-197	-122
24	0	758	32	96	0	0	0	-67	-196	-120
24	0	763	38	95	0	0	0	-67	-195	-118
24	0	763	38	95	0	0	0	-67	-194	-116
24	0	763	38	95	0	0	0	-67	-194	-114
24	0	766	41	93	0	0	0	-67	-193	-112
24	0	766	41	93	0	0	0	-67	-192	-110
24	0	766	41	93	0	0	0	-67	-191	-108
24	0	766	41	92	0	0	0	-67	-190	-106
24	0	766	41	92	0	0	0	-67	-189	-104
24	0	766	41	92	0	0	0	-67	-188	-102
24	0	768	31	98	0	1	0	-67	-188	-100
24	0	768	31	98	0	1	0	-67	-187	-98
24	0	768	31	98	0	1	0	-67	-186	-96
24	0	771	17	113	0	1	0	-67	-186	-93
24	0	771	17	113	0	1	0	-67	-185	-91
24	0	771	17	113	0	1	0	-67	-185	-89
24	0	773	104	-62	0	2	1	-67	-184	-86
24	0	773	104	-62	0	2	1	-67	-182	-88
24	0	773	104	-62	0	2	1	-67	-180	-89
24	0	777	196	-209	0	2	1	-67	-178	-90
24	0	777	196	-209	0	2	1	-67	-171	-97
24	0	777	196	-209	0	2	1	-67	-167	-102
24	0	777	187	-271	0	2	3	-65	-163	-106
24	0	777	187	-271	0	2	3	-65	-159	-112
24	0	776	115	-287	0	0	5	-62	-154	-119
24	0	776	115	-287	0	0	5	-62	-151	-128
24	0	776	115	-287	0	0	5	-62	-148	-134
24	0	776	145	-217	0	-1	6	-58	-145	-141
24	0	776	145	-217	0	-1	6	-58	-143	-145
24	0	776	145	-217	0	-1	6	-58	-139	-150
24	0	776	187	-147	0	-2	6	-55	-136	-155
24	0	776	187	-147	0	-2	6	-55	-130	-160
24	0	778	210	-73	0	-2	4	-50	-126	-163
24	0	778	210	-73	0	-2	4	-50	-121	-165
24	0	778	210	-73	0	-2	4	-50	-116	-166
24	0	780	220	-45	0	-1	2	-46	-112	-168
24	0	780	220	-45	0	-1	2	-46	-104	-169
24	0	780	220	-45	0	-1	2	-46	-99	-170
24	0	785	233	-20	0	0	1	-42	-95	-171
24	0	785	233	-20	0	0	1	-42	-90	-172
24	0	788	273	-26	0	0	1	-38	-84	-172
24	0	788	273	-26	0	0	1	-38	-78	-173
24	0	788	273	-26	0	0	1	-38	-68	-174
24	0	795	254	-31	0	1	0	-33	-62	-174
24	0	795	254	-31	0	1	0	-33	-57	-175
24	0	795	254	-31	0	1	0	-33	-51	-176
24	0	802	225	-37	0	2	0	-29	-45	-177
24	0	802	225	-37	0	2	0	-29	-38	-178
24	0	802	188	-45	0	2	0	-25	-33	-179
24	0	802	188	-45	0	2	0	-25	-29	-180
24	0	802	188	-45	0	2	0	-25	-25	-181
24	0	808	148	-59	0	2	0	-21	-21	-182
24	0	808	148	-59	0	2	0	-21	-17	-183
24	0	808	148	-59	0	2	0	-21	-12	-185
24	0	810	105	-78	0	2	-1	-16	-9	-186
24	0	810	105	-78	0	2	-1	-16	-6	-188
24	0	808	61	-99	0	2	-1	-12	-4	-190
24	0	808	61	-99	0	2	-1	-12	-3	-192
24	0	808	61	-99	0	2	-1	-12	-1	-194
24	0	804	15	-121	0	3	-2	-8	0	-197
24	0	804	15	-121	0	3	-2	-8	0	-200
24	0	804	15	-121	0	3	-2	-8	0	-202
24	0	800	-34	-137	0	3	-2	-4	1	-205
24	0	800	-34	-137	0	3	-2	-4	0	-208
24	0	800	-34	-137	0	3	-2	-4	0	-211
24	0	794	-81	-149	0	3	-1	0	-1	-214
24	0	794	-81	-149	0	3	-1	0	-2	-217
24	0	794	-81	-149	0	3	-1	0	-4	-220
24	0	786	-91	-136	0	3	-1	3	-6	-223
24	0	786	-91	-136	0	3	-1	3	-8	-226
24	0	786	-91	-136	0	3	-1	3	-10	-229
24	0	781	-71	-109	0	2	-1	7	-12	-232
24	0	781	-71	-109	0	2	-1	7	-13	-234
24	0	781	-71	-109	0	2	-1	7	-16	-238
24	0	770	-107	-113	0	2	-1	11	-17	-241
24	0	770	-107	-113	0	2	-1	11	-20	-243
24	0	770	-107	-113	0	2	-1	11	-22	-246
24	0	761	17	-69	0	3	0	13	-24	-248
24	0	761	17	-69	0	3	0	13	-24	-250
24	0	756	88	-61	0	3	0	14	-23	-252
24	0	756	88	-61	0	3	0	14	-21	-254
24	0	756	88	-61	0	3	0	14	-19	-255
24	0	743	80	-31	0	4	1	15	-17	-256
24	0	743	80	-31	0	4	1	15	-15	-257
24	0	734	28	-12	0	4	1	16	-12	-258
24	0	734	28	-12	0	4	1	16	-12	-259
24	0	734	28	-12	0	4	1	16	-11	-259
24	0	721	-20	6	0	3	1	15	-10	-259
24	0	721	-20	6	0	3	1	15	-11	-259
24	0	707	-65	20	0	3	1	15	-12	-259
24	0	707	-65	20	0	3	1	15	-13	-258
24	0	707	-65	20	0	3	1	15	-15	-258
24	0	696	-107	30	0	3	0	14	-16	-257
24	0	696	-107	30	0	3	0	14	-18	-257
24	0	696	-107	30	0	3	0	14	-22	-256
24	0	681	-144	35	0	3	0	13	-24	-255
24	0	681	-144	35	0	3	0	13	-27	-254
24	0	666	-179	35	0	2	0	11	-31	-253
24	0	666	-179	35	0	2	0	11	-35	-253
24	0	666	-179	35	0	2	0	11	-39	-252
24	0	656	-211	29	0	2	0	10	-45	-251
24	0	656	-211	29	0	2	0	10	-50	-250
24	0	656	-211	29	0	2	0	10	-54	-249
23	0	644	-234	16	0	1	0	8	-60	-248
23	0	644	-234	16	0	1	0	8	-65	-248
23	0	644	-234	16	0	1	0	8	-70	-248
23	0	637	-249	-2	0	1	-1	7	-75	-247
23	0	637	-249	-2	0	1	-1	7	-84	-247
23	0	628	-252	-30	0	0	-1	6	-90	-248
23	0	628	-252	-30	0	0	-1	6	-95	-248
23	0	628	-252	-30	0	0	-1	6	-102	-249
23	0	621	-242	-64	0	0	-2	4	-107	-250
23	0	621	-242	-64	0	0	-2	4	-112	-251
23	0	621	-242	-64	0	0	-2	4	-117	-252
23	0	619	-223	-99	0	-1	-2	3	-122	-254
23	0	619	-223	-99	0	-1	-2	3	-127	-256
23	0	619	-223	-99	0	-1	-2	3	-131	-258
23	0	620	-196	-133	0	-1	-2	1	-136	-260
23	0	620	-196	-133	0	-1	-2	1	-143	-264
23	0	624	-167	-165	0	-1	-2	0	-150	-270
23	0	624	-167	-165	0	-1	-2	0	-154	-273
23	0	624	-167	-165	0	-1	-2	0	-157	-276
23	0	628	-145	-191	0	-1	-2	0	-161	-280
23	0	628	-145	-191	0	-1	-2	0	-164	-284
23	0	628	-145	-191	0	-1	-2	0	-167	-288
23	0	635	-125	-217	0	-1	-2	0	-170	-292
23	0	635	-125	-217	0	-1	-2	0	-173	-297
23	0	635	-125	-217	0	-1	-2	0	-175	-301
23	0	644	-107	-246	0	-1	-2	0	-178	-306
23	0	644	-107	-246	0	-1	-2	0	-180	-311
23	0	644	-107	-246	0	-1	-2	0	-182	-316
23	0	654	-97	-275	0	0	-2	-1	-184	-321
23	0	654	-97	-275	0	0	-2	-1	-187	-327
23	0	654	-97	-275	0	0	-2	-1	-189	-333
23	0	664	-98	-298	0	0	-2	-1	-191	-339
23	0	664	-98	-298	0	0	-2	-1	-193	-346
23	0	674	-115	-316	0	0	-2	0	-197	-356
23	0	674	-115	-316	0	0	-2	0	-199	-364
23	0	674	-115	-316	0	0	-2	0	-202	-370
23	0	674	-115	-316	0	0	-2	0	-204	-377
23	0	685	-135	-328	0	0	-1	0	-206	-383
23	0	685	-135	-328	0	0	-1	0	-209	-390
23	0	685	-135	-328	0	0	-1	0	-212	-397
23	0	693	-152	-330	0	0	-1	1	-215	-404
23	0	693	-152	-330	0	0	-1	1	-218	-411
23	0	702	-167	-328	0	0	0	1	-222	-418
23	0	702	-167	-328	0	0	0	1	-225	-426
23	0	702	-167	-328	0	0	0	1	-231	-437
23	0	707	-178	-322	0	0	0	1	-235	-444
23	0	707	-178	-322	0	0	0	1	-239	-451
23	0	707	-178	-322	0	0	0	1	-243	-459
23	0	715	-189	-314	0	0	0	1	-247	-466
23	0	715	-189	-314	0	0	0	1	-253	-477
23	0	717	-196	-306	0	0	0	1	-258	-485
23	0	717	-196	-306	0	0	0	1	-262	-492
23	0	717	-196	-306	0	0	0	1	-267	-499
23	0	721	-199	-301	0	0	0	1	-272	-506
23	0	721	-199	-301	0	0	0	1	-276	-512
23	0	725	-198	-300	0	0	0	1	-283	-522
23	0	725	-198	-300	0	0	0	1	-287	-529
23	0	725	-198	-300	0	0	0	1	-292	-537
23	0	728	-195	-300	0	0	0	0	-296	-543
23	0	728	-195	-300	0	0	0	0	-300	-549
23	0	728	-195	-300	0	0	0	0	-304	-556
23	0	728	-195	-300	0	0	0	0	-308	-562
23	0	730	-193	-302	0	0	0	0	-312	-568
23	0	730	-193	-302	0	0	0	0	-316	-574
23	0	730	-193	-302	0	0	0	0	-321	-581
23	0	735	-190	-303	0	0	0	0	-325	-587
23	0	735	-190	-303	0	0	0	0	-329	-594
23	0	735	-190	-303	0	0	0	0	-333	-600
23	0	743	-187	-303	0	0	0	0	-337	-606
23	0	743	-187	-303	0	0	0	0	-340	-612
23	0	743	-187	-303	0	0	0	0	-344	-619
23	0	749	-184	-302	0	0	0	0	-348	-625
23	0	749	-184	-302	0	0	0	0	-352	-631
23	0	749	-184	-302	0	0	0	0	-356	-638
23	0	750	-181	-296	0	0	0	0	-360	-644
23	0	750	-181	-296	0	0	0	0	-364	-650
23	0	750	-181	-296	0	0	0	0	-367	-657
23	0	747	-177	-286	0	0	0	-1	-371	-663
23	0	747	-177	-286	0	0	0	-1	-375	-670
23	0	751	-175	-274	0	0	0	-1	-380	-676
23	0	751	-175	-274	0	0	0	-1	-385	-685
23	0	751	-175	-274	0	0	0	-1	-389	-691
23	0	751	-177	-263	0	0	0	-1	-393	-697
23	0	751	-177	-263	0	0	0	-1	-397	-704
23	0	752	-175	-252	0	0	0	0	-403	-713
23	0	752	-175	-252	0	0	0	0	-407	-718
23	0	752	-175	-252	0	0	0	0	-411	-723
23	0	752	-175	-252	0	0	0	0	-414	-729
22	0	758	-171	-243	0	0	0	0	-418	-734
22	0	758	-171	-243	0	0	0	0	-422	-739
22	0	758	-171	-243	0	0	0	0	-425	-744
22	0	762	-163	-237	0	-1	0	0	-429	-749
22	0	762	-163	-237	0	-1	0	0	-432	-754
22	0	762	-163	-237	0	-1	0	0	-436	-759
22	0	765	-155	-234	0	-1	0	0	-439	-764
22	0	765	-155	-234	0	-1	0	0	-443	-769
22	0	765	-155	-234	0	-1	0	0	-446	-774
22	0	770	-148	-230	0	0	0	1	-449	-779
22	0	770	-148	-230	0	0	0	1	-452	-784
22	0	770	-148	-230	0	0	0	1	-456	-789
22	0	775	-142	-228	0	0	0	1	-459	-795
22	0	775	-142	-228	0	0	0	1	-462	-800
22	0	779	-140	-225	0	0	0	1	-467	-808
22	0	779	-140	-225	0	0	0	1	-471	-813
22	0	779	-140	-225	0	0	0	1	-474	-818
22	0	781	-137	-224	0	0	0	0	-477	-823
22	0	781	-137	-224	0	0	0	0	-480	-828
22	0	781	-137	-224	0	0	0	0	-483	-832
22	0	784	-133	-226	0	0	0	0	-486	-837
22	0	784	-133	-226	0	0	0	0	-488	-842
22	0	784	-133	-226	0	0	0	0	-491	-847
22	0	785	-130	-230	0	0	0	0	-494	-851
22	0	785	-130	-230	0	0	0	0	-497	-856
22	0	785	-130	-230	0	0	0	0	-499	-861
22	0	785	-130	-230	0	0	0	0	-502	-866
22	0	790	-125	-234	0	0	0	-1	-505	-871
22	0	790	-125	-234	0	0	0	-1	-508	-876
22	0	790	-121	-238	0	0	0	-1	-512	-884
22	0	790	-121	-238	0	0	0	-1	-515	-889
22	0	790	-121	-238	0	0	0	-1	-517	-894
22	0	792	-122	-240	0	0	0	-1	-520	-899
22	0	792	-122	-240	0	0	0	-1	-523	-905
22	0	793	-121	-242	0	0	0	-1	-526	-911
22	0	793	-121	-242	0	0	0	-1	-529	-918
22	0	793	-117	-244	0	0	0	-1	-535	-929
22	0	793	-117	-244	0	0	0	-1	-537	-934
22	0	793	-117	-244	0	0	0	-1	-540	-939
22	0	795	-113	-242	0	0	0	0	-543	-945
22	0	795	-113	-242	0	0	0	0	-545	-950
22	0	795	-113	-242	0	0	0	0	-547	-956
22	0	795	-106	-240	0	0	0	0	-550	-961
22	0	795	-106	-240	0	0	0	0	-552	-966
22	0	795	-106	-240	0	0	0	0	-554	-971
22	0	796	-101	-240	0	0	0	0	-556	-976
22	0	796	-101	-240	0	0	0	0	-559	-981
22	0	796	-101	-240	0	0	0	0	-561	-986
22	0	796	-101	-240	0	0	0	0	-563	-991
22	0	797	-96	-241	0	0	0	0	-565	-996
22	0	797	-96	-241	0	0	0	0	-567	-1001
22	0	797	-96	-241	0	0	0	0	-569	-1006
22	0	797	-92	-243	0	0	0	0	-571	-1011
22	0	797	-92	-243	0	0	0	0	-573	-1016
22	0	797	-92	-243	0	0	0	0	-575	-1021
22	0	799	-86	-246	0	0	0	1	-577	-1026
22	0	799	-86	-246	0	0	0	1	-580	-1034
22	0	799	-84	-247	0	0	0	1	-582	-1040
22	0	799	-84	-247	0	0	0	1	-583	-1045
22	0	799	-84	-247	0	0	0	1	-585	-1051
22	0	798	-81	-247	0	0	0	0	-587	-1057
22	0	798	-81	-247	0	0	0	0	-590	-1065
22	0	798	-81	-247	0	0	0	0	-592	-1070
22	0	798	-79	-250	0	0	0	0	-593	-1075
22	0	798	-79	-250	0	0	0	0	-595	-1080
22	0	798	-79	-250	0	0	0	0	-597	-1085
22	0	798	-75	-252	0	0	0	0	-598	-1091
22	0	798	-75	-252	0	0	0	0	-600	-1096
22	0	798	-75	-252	0	0	0	0	-601	-1101
22	0	798	-68	-254	0	0	0	0	-603	-1107
22	0	798	-68	-254	0	0	0	0	-604	-1112
22	0	798	-68	-254	0	0	0	0	-606	-1117
22	0	800	-63	-257	0	0	0	-1	-607	-1123
22	0	800	-63	-257	0	0	0	-1	-609	-1128
22	0	800	-63	-257	0	0	0	-1	-610	-1134
22	0	802	-59	-257	0	0	0	-2	-611	-1139
22	0	802	-59	-257	0	0	0	-2	-613	-1147
22	0	804	-61	-255	0	0	0	-2	-615	-1153
22	0	804	-61	-255	0	0	0	-2	-616	-1159
22	0	804	-61	-255	0	0	0	-2	-618	-1165
22	0	804	-64	-250	0	0	0	-2	-619	-1170
22	0	804	-64	-250	0	0	0	-2	-620	-1177
22	0	806	-68	-243	0	0	0	-1	-623	-1185
22	0	806	-68	-243	0	0	0	-1	-624	-1191
22	0	806	-68	-243	0	0	0	-1	-626	-1196
22	0	809	-72	-234	0	0	0	-1	-627	-1201
22	0	809	-72	-234	0	0	0	-1	-629	-1206
22	0	809	-72	-234	0	0	0	-1	-630	-1212
22	0	809	60	-162	0	0	0	-1	-633	-1220
22	0	809	60	-162	0	0	0	-1	-631	-1225
22	0	808	53	-160	0	0	0	0	-630	-1230
22	0	808	53	-160	0	0	0	0	-629	-1233
22	0	808	53	-160	0	0	0	0	-627	-1236
22	0	805	47	-158	0	0	0	0	-626	-1240
22	0	805	47	-158	0	0	0	0	-625	-1243
22	0	805	47	-158	0	0	0	0	-624	-1246
22	0	806	41	-157	0	0	0	0	-623	-1250
22	0	806	41	-157	0	0	0	0	-623	-1253
22	0	806	41	-157	0	0	0	0	-622	-1256
22	0	806	41	-157	0	0	0	0	-621	-1260
22	0	801	199	-55	0	0	0	0	-620	-1263
22	0	801	199	-55	0	0	0	0	-616	-1264
22	0	801	199	-55	0	0	0	0	-612	-1265
22	0	799	195	-55	0	0	0	1	-607	-1266
22	0	796	182	-45	0	0	0	1	-602	-1268
22	0	796	182	-45	0	0	0	1	-593	-1270
22	0	796	182	-45	0	0	0	1	-589	-1271
22	0	791	188	-38	0	0	0	1	-585	-1272
22	0	791	188	-38	0	0	0	1	-579	-1273
22	0	789	187	-39	0	0	0	0	-575	-1274
22	0	789	187	-39	0	0	0	0	-571	-1275
22	0	789	187	-39	0	0	0	0	-567	-1276
22	0	789	187	-39	0	0	0	0	-563	-1277
22	0	784	188	-38	0	0	0	0	-559	-1277
22	0	784	188	-38	0	0	0	0	-555	-1278
22	0	784	188	-38	0	0	0	0	-551	-1279
22	0	780	181	-31	0	0	0	0	-547	-1280
22	0	780	181	-31	0	0	0	0	-543	-1281
22	0	780	181	-31	0	0	0	0	-539	-1281
22	0	777	181	-23	0	0	0	0	-536	-1282
22	0	777	181	-23	0	0	0	0	-532	-1282
22	0	777	181	-23	0	0	0	0	-528	-1283
22	0	772	167	-42	0	0	0	-1	-524	-1283
22	0	772	167	-42	0	0	0	-1	-521	-1284
22	0	772	167	-42	0	0	0	-1	-517	-1285
22	0	768	164	-17	0	0	1	-1	-514	-1286
22	0	768	164	-17	0	0	1	-1	-510	-1286
22	0	768	164	-17	0	0	1	-1	-507	-1287
22	0	767	184	37	0	0	4	-1	-503	-1287
22	0	767	184	37	0	0	4	-1	-499	-1286
22	0	767	184	37	0	0	4	-1	-495	-1286
21	0	763	190	99	0	0	6	-1	-492	-1285
21	0	763	190	99	0	0	6	-1	-488	-1283
21	0	763	190	99	0	0	6	-1	-484	-1281
21	0	760	100	105	0	0	5	-1	-480	-1279
21	0	760	100	105	0	0	5	-1	-477	-1276
21	0	760	100	105	0	0	5	-1	-475	-1274
21	0	760	100	105	0	0	5	-1	-473	-1272
21	0	763	33	71	0	2	3	-1	-471	-1270
21	0	763	33	71	0	2	3	-1	-470	-1268
21	0	763	33	71	0	2	3	-1	-470	-1267
21	0	762	-5	51	0	4	1	-1	-469	-1265
21	0	762	-5	51	0	4	1	-1	-469	-1264
21	0	762	-5	51	0	4	1	-1	-469	-1263
21	0	760	-71	23	0	6	0	-2	-469	-1262
21	0	760	-71	23	0	6	0	-2	-471	-1261
21	0	760	-71	23	0	6	0	-2	-473	-1261
21	0	761	-153	22	0	7	0	-2	-474	-1260
21	0	761	-153	22	0	7	0	-2	-477	-1260
21	0	761	-153	22	0	7	0	-2	-481	-1259
21	0	760	-224	21	0	9	0	-2	-484	-1259
21	0	760	-224	21	0	9	0	-2	-488	-1259
21	0	760	-224	21	0	9	0	-2	-493	-1258
21	0	759	-177	29	0	9	0	-2	-498	-1258
21	0	759	-177	29	0	9	0	-2	-502	-1257
21	0	759	-177	29	0	9	0	-2	-505	-1256
21	0	757	-172	48	0	10	0	-2	-509	-1256
21	0	757	-172	48	0	10	0	-2	-513	-1255
21	0	757	-172	48	0	10	0	-2	-516	-1254
21	0	776	-273	38	0	9	0	-2	-520	-1253
21	0	776	-273	38	0	9	0	-2	-526	-1252
21	0	776	-273	38	0	9	0	-2	-531	-1251
21	0	781	-334	32	0	5	0	-3	-537	-1250
21	0	781	-334	32	0	5	0	-3	-544	-1250
21	0	781	-334	32	0	5	0	-3	-551	-1249
21	0	774	-352	25	0	1	0	-3	-558	-1248
21	0	774	-352	25	0	1	0	-3	-566	-1248
21	0	774	-352	25	0	1	0	-3	-573	-1247
21	0	773	-332	16	0	-2	0	-3	-580	-1247
21	0	773	-332	16	0	-2	0	-3	-587	-1246
21	0	773	-332	16	0	-2	0	-3	-594	-1246
21	0	771	-275	7	0	-4	0	-3	-601	-1246
21	0	771	-275	7	0	-4	0	-3	-607	-1245
21	0	771	-275	7	0	-4	0	-3	-613	-1245
21	0	771	-275	7	0	-4	0	-3	-619	-1245
21	0	763	-207	-5	0	-4	0	-3	-625	-1245
21	0	763	-207	-5	0	-4	0	-3	-629	-1245
21	0	763	-207	-5	0	-4	0	-3	-633	-1245
21	0	758	-155	-16	0	-1	0	-3	-638	-1245
21	0	758	-155	-16	0	-1	0	-3	-641	-1246
21	0	758	-155	-16	0	-1	0	-3	-644	-1246
21	0	753	-137	-26	0	1	0	-3	-647	-1246
21	0	753	-137	-26	0	1	0	-3	-650	-1247
21	0	753	-137	-26	0	1	0	-3	-653	-1247
21	0	753	-155	-35	0	4	0	-3	-656	-1248
21	0	753	-155	-35	0	4	0	-3	-659	-1249
21	0	753	-155	-35	0	4	0	-3	-663	-1249
21	0	757	-207	-41	0	6	0	-3	-666	-1250
21	0	757	-207	-41	0	6	0	-3	-670	-1251
21	0	757	-207	-41	0	6	0	-3	-675	-1252
21	0	758	-281	-46	0	8	0	-3	-679	-1253
21	0	758	-281	-46	0	8	0	-3	-685	-1254
21	0	758	-281	-46	0	8	0	-3	-691	-1255
21	0	756	-344	-47	0	6	0	-3	-697	-1256
21	0	756	-344	-47	0	6	0	-3	-704	-1257
21	0	756	-344	-47	0	6	0	-3	-711	-1258
21	0	755	-375	-45	0	2	0	-3	-718	-1259
21	0	755	-375	-45	0	2	0	-3	-727	-1260
21	0	755	-375	-45	0	2	0	-3	-734	-1261
21	0	749	-367	-44	0	0	0	-3	-742	-1262
21	0	749	-367	-44	0	0	0	-3	-750	-1263
21	0	749	-367	-44	0	0	0	-3	-758	-1263
21	0	749	-367	-44	0	0	0	-3	-765	-1264
21	0	742	-330	-41	0	-2	0	-3	-773	-1265
21	0	742	-330	-41	0	-2	0	-3	-780	-1266
21	0	742	-330	-41	0	-2	0	-3	-787	-1267
21	0	735	-266	-37	0	-5	0	-3	-794	-1268
21	0	735	-266	-37	0	-5	0	-3	-799	-1269
21	0	735	-266	-37	0	-5	0	-3	-805	-1270
21	0	730	-181	-32	0	-6	0	-2	-810	-1270
21	0	730	-181	-32	0	-6	0	-2	-814	-1271
21	0	730	-181	-32	0	-6	0	-2	-818	-1272
21	0	731	-99	-30	0	-4	0	-2	-822	-1272
21	0	731	-99	-30	0	-4	0	-2	-824	-1273
21	0	731	-99	-30	0	-4	0	-2	-826	-1274
21	0	732	-53	-29	0	-2	0	-2	-828	-1274
21	0	732	-53	-29	0	-2	0	-2	-829	-1275
21	0	732	-53	-29	0	-2	0	-2	-830	-1276
21	0	734	-21	-29	0	-1	0	-2	-832	-1276
21	0	734	-21	-29	0	-1	0	-2	-832	-1277
21	0	734	-21	-29	0	-1	0	-2	-832	-1277
21	0	737	5	-28	0	-1	0	-2	-833	-1278
21	0	737	5	-28	0	-1	0	-2	-833	-1279
21	0	737	5	-28	0	-1	0	-2	-833	-1279
21	0	741	28	-32	0	-1	0	-2	-833	-1280
21	0	741	28	-32	0	-1	0	-2	-832	-1280
21	0	741	28	-32	0	-1	0	-2	-831	-1281
21	0	746	47	-59	0	0	-3	-2	-831	-1282
21	0	746	47	-59	0	0	-3	-2	-830	-1283
21	0	746	47	-59	0	0	-3	-2	-829	-1284
21	0	749	63	-117	0	0	-5	-1	-828	-1286
21	0	749	63	-117	0	0	-5	-1	-826	-1288
21	0	749	63	-117	0	0	-5	-1	-825	-1291
21	0	755	74	-167	0	0	-3	-1	-824	-1293
21	0	755	74	-167	0	0	-3	-1	-822	-1297
21	0	755	74	-167	0	0	-3	-1	-821	-1300
21	0	760	78	-185	0	0	0	-1	-819	-1304
21	0	760	78	-185	0	0	0	-1	-817	-1308
21	0	760	78	-185	0	0	0	-1	-816	-1311
21	0	760	78	-185	0	0	0	-1	-814	-1315
21	0	763	78	-173	0	0	1	-1	-812	-1319
21	0	763	78	-173	0	0	1	-1	-811	-1323
21	0	763	78	-173	0	0	1	-1	-809	-1326
21	0	765	71	-146	0	1	2	-1	-807	-1330
21	0	765	71	-146	0	1	2	-1	-806	-1333
21	0	765	71	-146	0	1	2	-1	-804	-1336
21	0	764	59	-111	0	1	3	-1	-803	-1339
21	0	764	59	-111	0	1	3	-1	-802	-1342
21	0	764	59	-111	0	1	3	-1	-800	-1344
21	0	762	48	-76	0	1	2	-1	-799	-1346
21	0	762	48	-76	0	1	2	-1	-798	-1348
21	0	762	48	-76	0	1	2	-1	-797	-1350
21	0	760	39	-48	0	1	1	-1	-796	-1351
21	0	760	39	-48	0	1	1	-1	-795	-1352
21	0	760	39	-48	0	1	1	-1	-795	-1353
21	0	761	27	-36	0	2	0	-1	-794	-1354
21	0	761	27	-36	0	2	0	-1	-793	-1355
21	0	761	27	-36	0	2	0	-1	-793	-1356
21	0	762	7	-41	0	2	0	-1	-792	-1357
21	0	762	7	-41	0	2	0	-1	-792	-1357
21	0	762	7	-41	0	2	0	-1	-792	-1358
21	0	760	-1	-49	0	1	-1	-1	-791	-1359
21	0	760	-1	-49	0	1	-1	-1	-791	-1360
21	0	760	-1	-49	0	1	-1	-1	-792	-1361
21	0	760	-1	-49	0	1	-1	-1	-792	-1362
21	0	758	1	-76	0	0	-3	-1	-792	-1363
21	0	758	1	-76	0	0	-3	-1	-792	-1365
21	0	756	13	-125	0	0	-5	-1	-792	-1366
21	0	756	13	-125	0	0	-5	-1	-791	-1369
21	0	756	13	-125	0	0	-5	-1	-791	-1372
21	0	756	13	-125	0	0	-5	-1	-791	-1374
21	0	756	30	-199	0	-1	-5	-1	-790	-1377
21	0	756	30	-199	0	-1	-5	-1	-790	-1381
21	0	756	30	-199	0	-1	-5	-1	-789	-1385
21	0	755	48	-239	0	0	-2	-1	-789	-1389
21	0	755	48	-239	0	0	-2	-1	-787	-1395
21	0	755	48	-239	0	0	-2	-1	-786	-1400
21	0	756	62	-236	0	0	1	-1	-785	-1405
21	0	756	62	-236	0	0	1	-1	-784	-1410
21	0	756	62	-236	0	0	1	-1	-783	-1415
21	0	754	68	-199	0	0	3	-1	-781	-1420
21	0	754	68	-199	0	0	3	-1	-780	-1424
21	0	754	68	-199	0	0	3	-1	-779	-1428
21	0	755	67	-146	0	0	4	-1	-777	-1432
21	0	755	67	-146	0	0	4	-1	-776	-1435
21	0	755	67	-146	0	0	4	-1	-774	-1438
21	0	755	60	-89	0	1	4	-1	-773	-1441
21	0	755	60	-89	0	1	4	-1	-772	-1443
21	0	755	60	-89	0	1	4	-1	-770	-1445
21	0	755	51	-39	0	1	4	-1	-769	-1447
21	0	755	51	-39	0	1	4	-1	-768	-1448
21	0	755	51	-39	0	1	4	-1	-767	-1449
21	0	755	37	-1	0	1	3	-1	-766	-1449
21	0	755	37	-1	0	1	3	-1	-765	-1449
21	0	755	37	-1	0	1	3	-1	-764	-1449
21	0	753	25	28	0	1	2	0	-764	-1450
21	0	753	25	28	0	1	2	0	-763	-1449
21	0	753	25	28	0	1	2	0	-762	-1448
21	0	754	16	44	0	1	1	1	-762	-1448
21	0	754	16	44	0	1	1	1	-762	-1447
21	0	754	16	44	0	1	1	1	-761	-1446
21	0	754	16	44	0	1	1	1	-761	-1445
21	0	751	14	49	0	0	0	5	-761	-1444
21	0	751	14	49	0	0	0	5	-760	-1443
21	0	751	14	49	0	0	0	5	-760	-1442
21	0	745	14	44	0	0	0	9	-760	-1441
21	0	745	14	44	0	0	0	9	-759	-1440
21	0	745	14	44	0	0	0	9	-759	-1439
21	0	744	16	36	0	0	0	13	-759	-1438
21	0	744	16	36	0	0	0	13	-758	-1437
21	0	744	16	36	0	0	0	13	-758	-1436
21	0	740	21	25	0	0	0	17	-758	-1436
21	0	740	21	25	0	0	0	17	-757	-1435
21	0	740	21	25	0	0	0	17	-757	-1435
21	0	736	23	17	0	0	0	21	-756	-1434
21	0	736	23	17	0	0	0	21	-756	-1434
21	0	736	23	17	0	0	0	21	-755	-1433
21	0	733	26	7	0	0	0	26	-755	-1433
21	0	733	26	7	0	0	0	26	-754	-1433
21	0	733	26	7	0	0	0	26	-754	-1433
21	0	731	25	0	0	0	0	30	-753	-1433
21	0	731	25	0	0	0	0	30	-753	-1433
21	0	731	25	0	0	0	0	30	-752	-1433
20	0	731	23	-3	0	0	0	35	-752	-1433
20	0	731	23	-3	0	0	0	35	-751	-1433
20	0	731	23	-3	0	0	0	35	-751	-1433
20	0	730	16	-4	0	0	0	39	-750	-1433
20	0	730	16	-4	0	0	0	39	-750	-1433
20	0	730	16	-4	0	0	0	39	-749	-1433
20	0	732	4	0	0	1	1	42	-749	-1433
20	0	732	4	0	0	1	1	42	-749	-1433
20	0	732	4	0	0	1	1	42	-749	-1433
20	0	732	4	0	0	1	1	42	-749	-1433
20	0	731	-20	5	0	2	0	45	-749	-1433
20	0	731	-20	5	0	2	0	45	-749	-1433
20	0	731	-20	5	0	2	0	45	-750	-1433
20	0	731	-58	-3	0	3	-1	47	-750	-1433
20	0	731	-58	-3	0	3	-1	47	-751	-1433
20	0	731	-58	-3	0	3	-1	47	-753	-1433
20	0	727	-99	-40	0	3	-4	48	-754	-1433
20	0	727	-99	-40	0	3	-4	48	-756	-1434
20	0	727	-99	-40	0	3	-4	48	-758	-1435
20	0	724	-140	-107	0	3	-6	50	-760	-1435
20	0	724	-140	-107	0	3	-6	50	-763	-1438
20	0	724	-140	-107	0	3	-6	50	-766	-1440
20	0	722	-175	-197	0	3	-8	50	-769	-1442
20	0	722	-175	-197	0	3	-8	50	-772	-1446
20	0	722	-175	-197	0	3	-8	50	-776	-1450
20	0	721	-206	-300	0	2	-9	51	-780	-1455
20	0	721	-206	-300	0	2	-9	51	-784	-1461
20	0	721	-206	-300	0	2	-9	51	-789	-1467
20	0	717	-233	-393	0	2	-8	52	-793	-1474
20	0	717	-233	-393	0	2	-8	52	-798	-1482
20	0	717	-233	-393	0	2	-8	52	-803	-1490
20	0	720	-255	-464	0	1	-6	52	-808	-1498
20	0	720	-255	-464	0	1	-6	52	-813	-1508
20	0	720	-255	-464	0	1	-6	52	-818	-1518
20	0	715	-266	-503	0	1	-4	53	-824	-1528
20	0	715	-266	-503	0	1	-4	53	-829	-1538
20	0	715	-266	-503	0	1	-4	53	-835	-1549
20	0	714	-267	-515	0	0	-2	53	-841	-1559
20	0	714	-267	-515	0	0	-2	53	-846	-1570
20	0	714	-267	-515	0	0	-2	53	-852	-1581
20	0	714	-267	-515	0	0	-2	53	-857	-1592
20	0	714	-260	-513	0	0	-1	53	-863	-1603
20	0	714	-260	-513	0	0	-1	53	-868	-1613
20	0	714	-260	-513	0	0	-1	53	-874	-1624
20	0	715	-252	-523	0	0	-3	53	-879	-1635
20	0	715	-252	-523	0	0	-3	53	-885	-1646
20	0	715	-252	-523	0	0	-3	53	-890	-1657
20	0	714	-244	-552	0	0	-5	52	-895	-1668
20	0	714	-244	-552	0	0	-5	52	-900	-1680
20	0	714	-244	-552	0	0	-5	52	-906	-1691
18	0	718	-240	-596	0	0	-4	52	-911	-1703
18	0	718	-240	-596	0	0	-4	52	-916	-1715
18	0	718	-240	-596	0	0	-4	52	-921	-1728
18	0	723	-235	-613	0	0	-3	53	-926	-1740
18	0	723	-235	-613	0	0	-3	53	-931	-1753
18	0	723	-235	-613	0	0	-3	53	-936	-1767
18	0	728	-229	-606	0	0	-1	53	-941	-1780
18	0	728	-229	-606	0	0	-1	53	-946	-1792
18	0	728	-229	-606	0	0	-1	53	-951	-1805
18	0	734	-221	-580	0	0	0	52	-955	-1818
18	0	734	-221	-580	0	0	0	52	-960	-1830
18	0	734	-221	-580	0	0	0	52	-965	-1842
18	0	736	-209	-534	0	0	2	52	-970	-1855
18	0	736	-209	-534	0	0	2	52	-974	-1867
18	0	736	-209	-534	0	0	2	52	-978	-1877
18	0	738	-196	-469	0	0	4	52	-983	-1889
18	0	738	-196	-469	0	0	4	52	-987	-1898
18	0	738	-196	-469	0	0	4	52	-991	-1908
18	0	741	-183	-389	0	0	6	52	-995	-1918
18	0	741	-183	-389	0	0	6	52	-999	-1926
18	0	741	-183	-389	0	0	6	52	-1003	-1935
18	0	741	-183	-389	0	0	6	52	-1007	-1943
18	0	741	-169	-296	0	0	7	52	-1010	-1951
18	0	741	-169	-296	0	0	7	52	-1014	-1957
18	0	741	-169	-296	0	0	7	52	-1018	-1963
18	0	743	-157	-202	0	-1	7	52	-1021	-1970
18	0	743	-157	-202	0	-1	7	52	-1025	-1974
18	0	743	-157	-202	0	-1	7	52	-1028	-1978
18	0	745	-141	-120	0	-1	6	52	-1031	-1982
18	0	745	-141	-120	0	-1	6	52	-1034	-1985
18	0	745	-141	-120	0	-1	6	52	-1037	-1988
18	0	747	-125	-56	0	-1	4	52	-1040	-1990
18	0	747	-125	-56	0	-1	4	52	-1043	-1991
18	0	747	-125	-56	0	-1	4	52	-1045	-1992
18	0	749	-111	-16	0	-1	2	52	-1048	-1994
18	0	749	-111	-16	0	-1	2	52	-1050	-1994
18	0	749	-111	-16	0	-1	2	52	-1053	-1994
18	0	751	-101	2	0	0	1	52	-1055	-1995
18	0	751	-101	2	0	0	1	52	-1057	-1995
18	0	751	-101	2	0	0	1	52	-1059	-1995
18	0	749	-94	9	0	0	0	52	-1061	-1995
18	0	749	-94	9	0	0	0	52	-1063	-1994
18	0	749	-94	9	0	0	0	52	-1065	-1994
18	0	751	-88	4	0	0	0	52	-1067	-1994
18	0	751	-88	4	0	0	0	52	-1069	-1994
18	0	751	-88	4	0	0	0	52	-1071	-1994
16	0	751	-82	-5	0	0	0	52	-1073	-1994
16	0	751	-82	-5	0	0	0	52	-1075	-1994
16	0	751	-82	-5	0	0	0	52	-1076	-1994
16	0	752	-76	-18	0	0	0	52	-1078	-1994
16	0	752	-76	-18	0	0	0	52	-1080	-1994
16	0	752	-76	-18	0	0	0	52	-1081	-1995
16	0	753	-70	-29	0	0	0	52	-1083	-1995
16	0	753	-70	-29	0	0	0	52	-1085	-1996
16	0	753	-70	-29	0	0	0	52	-1086	-1996
16	0	754	-62	-42	0	-1	0	52	-1088	-1997
16	0	754	-62	-42	0	-1	0	52	-1089	-1998
16	0	754	-62	-42	0	-1	0	52	-1090	-1999
16	0	754	-62	-42	0	-1	0	52	-1091	-2000
16	0	756	-52	-51	0	-1	-1	52	-1093	-2001
16	0	756	-52	-51	0	-1	-1	52	-1094	-2002
16	0	756	-52	-51	0	-1	-1	52	-1095	-2003
16	0	758	-42	-77	0	-1	-3	52	-1096	-2004
16	0	758	-42	-77	0	-1	-3	52	-1097	-2005
16	0	758	-42	-77	0	-1	-3	52	-1098	-2007
16	0	763	-37	-131	0	0	-5	52	-1099	-2009
16	0	763	-37	-131	0	0	-5	52	-1100	-2011
16	0	763	-37	-131	0	0	-5	52	-1100	-2014
16	0	765	-34	-210	0	0	-8	52	-1101	-2017
16	0	765	-34	-210	0	0	-8	52	-1102	-2021
16	0	765	-34	-210	0	0	-8	52	-1103	-2026
16	0	773	-35	-314	0	0	-9	52	-1103	-2030
16	0	773	-35	-314	0	0	-9	52	-1104	-2037
16	0	773	-35	-314	0	0	-9	52	-1105	-2043
16	0	775	-39	-403	0	0	-8	52	-1106	-2050
16	0	775	-39	-403	0	0	-8	52	-1106	-2059
16	0	775	-39	-403	0	0	-8	52	-1107	-2067
16	0	784	-52	-471	0	1	-6	52	-1108	-2075
16	0	784	-52	-471	0	1	-6	52	-1109	-2085
16	0	784	-52	-471	0	1	-6	52	-1110	-2095
16	0	784	-84	-508	0	3	-4	51	-1111	-2105
16	0	784	-84	-508	0	3	-4	51	-1113	-2116
16	0	784	-84	-508	0	3	-4	51	-1115	-2127
16	0	783	-140	-524	0	5	-2	51	-1117	-2137
16	0	783	-140	-524	0	5	-2	51	-1120	-2148
16	0	783	-140	-524	0	5	-2	51	-1123	-2159
16	0	780	-220	-526	0	7	-1	51	-1126	-2170
16	0	780	-220	-526	0	7	-1	51	-1130	-2182
16	0	780	-220	-526	0	7	-1	51	-1135	-2192
16	0	780	-220	-515	0	9	0	51	-1139	-2204
16	0	780	-318	-515	0	9	0	51	-1144	-2214
16	0	780	-318	-515	0	9	0	51	-1151	-2225
16	0	780	-318	-515	0	9	0	51	-1157	-2236
16	0	780	-430	-496	0	10	0	51	-1164	-2247
16	0	780	-430	-496	0	10	0	51	-1173	-2257
16	0	780	-430	-496	0	10	0	51	-1182	-2268
16	0	782	-545	-473	0	11	0	52	-1191	-2278
16	0	782	-545	-473	0	11	0	52	-1203	-2288
16	0	782	-545	-473	0	11	0	52	-1214	-2298
16	0	786	-659	-448	0	10	0	52	-1226	-2308
16	0	786	-659	-448	0	10	0	52	-1240	-2317
16	0	786	-659	-448	0	10	0	52	-1253	-2327
16	0	785	-751	-434	0	9	0	52	-1267	-2336
16	0	785	-751	-434	0	9	0	52	-1282	-2345
16	0	785	-751	-434	0	9	0	52	-1297	-2354
16	0	784	-807	-415	0	5	0	52	-1313	-2363
16	0	784	-807	-415	0	5	0	52	-1330	-2372
16	0	784	-807	-415	0	5	0	52	-1347	-2380
16	0	781	-826	-387	0	2	1	52	-1364	-2389
16	0	781	-826	-387	0	2	1	52	-1381	-2397
16	0	781	-826	-387	0	2	1	52	-1399	-2405
16	0	778	-813	-355	0	0	2	52	-1416	-2413
16	0	778	-813	-355	0	0	2	52	-1433	-2421
16	0	778	-813	-355	0	0	2	52	-1450	-2428
16	0	774	-767	-314	0	-2	2	52	-1467	-2436
16	0	774	-767	-314	0	-2	2	52	-1484	-2442
16	0	774	-767	-314	0	-2	2	52	-1500	-2449
16	0	774	-767	-314	0	-2	2	52	-1516	-2456
16	0	770	-718	-270	0	-1	2	52	-1532	-2462
16	0	770	-718	-270	0	-1	2	52	-1547	-2468
16	0	770	-718	-270	0	-1	2	52	-1562	-2474
16	0	772	-690	-229	0	0	2	52	-1577	-2479
16	0	772	-690	-229	0	0	2	52	-1592	-2484
16	0	772	-690	-229	0	0	2	52	-1607	-2489
16	0	775	-697	-193	0	2	2	52	-1621	-2494
16	0	775	-697	-193	0	2	2	52	-1636	-2498
16	0	775	-697	-193	0	2	2	52	-1651	-2502
16	0	776	-692	-161	0	0	2	52	-1665	-2506
16	0	776	-692	-161	0	0	2	52	-1680	-2510
16	0	776	-692	-161	0	0	2	52	-1694	-2513
16	0	775	-672	-130	0	0	2	52	-1709	-2516
16	0	775	-672	-130	0	0	2	52	-1723	-2519
16	0	775	-672	-130	0	0	2	52	-1737	-2522
16	0	774	-635	-102	0	-2	1	52	-1751	-2525
16	0	774	-635	-102	0	-2	1	52	-1765	-2527
16	0	774	-635	-102	0	-2	1	52	-1778	-2529
16	0	770	-581	-79	0	-4	1	52	-1791	-2531
16	0	770	-581	-79	0	-4	1	52	-1803	-2533
16	0	770	-581	-79	0	-4	1	52	-1816	-2534
16	0	767	-511	-64	0	-5	1	52	-1828	-2536
16	0	767	-511	-64	0	-5	1	52	-1839	-2537
16	0	767	-511	-64	0	-5	1	52	-1849	-2539
16	0	763	-429	-56	0	-6	0	52	-1860	-2540
16	0	763	-429	-56	0	-6	0	52	-1869	-2541
16	0	763	-429	-56	0	-6	0	52	-1878	-2542
16	0	757	-338	-55	0	-7	0	53	-1887	-2544
16	0	757	-338	-55	0	-7	0	53	-1895	-2545
16	0	757	-338	-55	0	-7	0	53	-1901	-2546
16	0	754	-245	-63	0	-7	0	53	-1909	-2547
16	0	754	-245	-63	0	-7	0	53	-1914	-2548
16	0	754	-245	-63	0	-7	0	53	-1919	-2550
16	0	752	-165	-72	0	-5	0	53	-1924	-2551
16	0	752	-165	-72	0	-5	0	53	-1928	-2553
16	0	752	-165	-72	0	-5	0	53	-1931	-2554
16	0	752	-165	-72	0	-5	0	53	-1934	-2556
16	0	754	-102	-82	0	-4	0	53	-1938	-2557
16	0	754	-102	-82	0	-4	0	53	-1940	-2559
16	0	754	-102	-82	0	-4	0	53	-1942	-2561
16	0	755	-57	-92	0	-3	-1	53	-1944	-2562
16	0	755	-57	-92	0	-3	-1	53	-1946	-2564
16	0	755	-57	-92	0	-3	-1	53	-1947	-2566
16	0	754	-30	-115	0	-2	-3	52	-1948	-2568
16	0	754	-30	-115	0	-2	-3	52	-1949	-2571
16	0	754	-30	-115	0	-2	-3	52	-1949	-2573
16	0	758	-16	-167	0	-1	-5	52	-1950	-2576
16	0	758	-16	-167	0	-1	-5	52	-1950	-2579
16	0	758	-16	-167	0	-1	-5	52	-1951	-2583
16	0	758	13	-285	0	0	-8	52	-1951	-2586
16	0	758	13	-285	0	0	-8	52	-1951	-2592
16	0	758	13	-285	0	0	-8	52	-1950	-2598
16	0	760	9	-379	0	0	-9	52	-1950	-2604
16	0	760	9	-379	0	0	-9	52	-1950	-2612
16	0	760	9	-379	0	0	-9	52	-1950	-2620
16	0	764	-1	-481	0	0	-10	52	-1950	-2628
16	0	764	-1	-481	0	0	-10	52	-1950	-2638
16	0	764	-1	-481	0	0	-10	52	-1950	-2648
16	0	764	91	-303	0	1	-11	52	-1950	-2658
16	0	764	91	-303	0	1	-11	52	-1948	-2664
16	0	764	91	-303	0	1	-11	52	-1946	-2671
16	0	759	120	-284	0	1	-11	52	-1944	-2677
16	0	759	120	-284	0	1	-11	52	-1941	-2683
16	0	759	120	-284	0	1	-11	52	-1939	-2689
16	0	759	120	-284	0	1	-11	52	-1936	-2695
16	0	756	140	-353	0	1	-10	52	-1934	-2701
16	0	756	140	-353	0	1	-10	52	-1931	-2708
16	0	754	149	-466	0	1	-10	52	-1927	-2717
16	0	754	149	-466	0	1	-10	52	-1923	-2732
16	0	754	149	-466	0	1	-10	52	-1919	-2741
16	0	761	124	-551	0	2	-8	52	-1916	-2751
16	0	761	124	-551	0	2	-8	52	-1914	-2763
16	0	761	124	-551	0	2	-8	52	-1911	-2774
16	0	763	93	-591	0	3	-5	52	-1909	-2786
16	0	763	93	-591	0	3	-5	52	-1907	-2798
16	0	763	93	-591	0	3	-5	52	-1905	-2811
16	0	758	47	-596	0	5	-2	52	-1903	-2823
16	0	758	47	-596	0	5	-2	52	-1902	-2836
16	0	758	47	-596	0	5	-2	52	-1901	-2848
16	0	748	-17	-578	0	7	0	52	-1900	-2861
16	0	748	-17	-578	0	7	0	52	-1900	-2873
16	0	748	-17	-578	0	7	0	52	-1900	-2885
16	0	745	-110	-540	0	9	0	52	-1901	-2897
16	0	745	-110	-540	0	9	0	52	-1903	-2909
16	0	745	-110	-540	0	9	0	52	-1905	-2920
16	0	745	-110	-540	0	9	0	52	-1908	-2931
16	0	745	-211	-484	0	8	2	52	-1910	-2943
16	0	745	-211	-484	0	8	2	52	-1914	-2953
16	0	745	-211	-484	0	8	2	52	-1919	-2963
16	0	749	-291	-405	0	6	4	52	-1923	-2973
16	0	749	-291	-405	0	6	4	52	-1929	-2982
16	0	749	-291	-405	0	6	4	52	-1936	-2990
16	0	750	-336	-321	0	4	5	51	-1942	-2999
16	0	750	-336	-321	0	4	5	51	-1949	-3005
16	0	750	-336	-321	0	4	5	51	-1956	-3012
16	0	748	-346	-232	0	1	6	51	-1963	-3019
16	0	748	-346	-232	0	1	6	51	-1970	-3024
16	0	748	-346	-232	0	1	6	51	-1977	-3029
16	0	748	-325	-143	0	-1	6	51	-1985	-3034
16	0	748	-325	-143	0	-1	6	51	-1992	-3037
16	0	748	-325	-143	0	-1	6	51	-1998	-3040
16	0	746	-280	-56	0	-3	6	50	-2005	-3043
16	0	746	-280	-56	0	-3	6	50	-2011	-3044
16	0	746	-280	-56	0	-3	6	50	-2017	-3045
16	0	747	-218	25	0	-5	5	50	-2023	-3046
16	0	747	-218	25	0	-5	5	50	-2028	-3046
16	0	747	-218	25	0	-5	5	50	-2032	-3045
16	0	747	-140	96	0	-5	5	50	-2037	-3045
16	0	747	-140	96	0	-5	5	50	-2040	-3043
16	0	747	-140	96	0	-5	5	50	-2043	-3041
16	0	751	-71	151	0	-4	3	50	-2046	-3039
16	0	751	-71	151	0	-4	3	50	-2047	-3035
16	0	751	-71	151	0	-4	3	50	-2049	-3032
16	0	755	-37	186	0	-1	2	51	-2050	-3029
16	0	755	-37	186	0	-1	2	51	-2051	-3025
16	0	755	-37	186	0	-1	2	51	-2052	-3021
16	0	755	-37	186	0	-1	2	51	-2052	-3017
16	0	758	-44	202	0	2	1	51	-2053	-3013
16	0	758	-44	202	0	2	1	51	-2054	-3009
16	0	758	-44	202	0	2	1	51	-2055	-3005
16	0	764	-89	207	0	5	0	51	-2056	-3001
16	0	764	-89	207	0	5	0	51	-2058	-2996
16	0	764	-89	207	0	5	0	51	-2060	-2992
16	0	769	-161	201	0	7	0	51	-2062	-2987
16	0	769	-161	201	0	7	0	51	-2065	-2983
16	0	769	-161	201	0	7	0	51	-2069	-2979
16	0	775	-248	191	0	7	0	51	-2072	-2975
16	0	775	-248	191	0	7	0	51	-2077	-2971
16	0	775	-248	191	0	7	0	51	-2082	-2967
16	0	776	-304	173	0	5	-1	51	-2088	-2963
16	0	776	-304	173	0	5	-1	51	-2094	-2959
16	0	776	-304	173	0	5	-1	51	-2100	-2955
16	0	775	-330	151	0	2	-2	51	-2107	-2952
16	0	775	-330	151	0	2	-2	51	-2114	-2948
16	0	775	-330	151	0	2	-2	51	-2121	-2945
16	0	770	-326	125	0	0	-2	51	-2128	-2942
16	0	770	-326	125	0	0	-2	51	-2134	-2939
16	0	770	-326	125	0	0	-2	51	-2141	-2937
16	0	765	-296	97	0	-2	-2	51	-2148	-2934
16	0	765	-296	97	0	-2	-2	51	-2154	-2932
16	0	765	-296	97	0	-2	-2	51	-2161	-2930
16	0	761	-245	66	0	-4	-2	51	-2167	-2928
16	0	761	-245	66	0	-4	-2	51	-2172	-2927
16	0	761	-245	66	0	-4	-2	51	-2177	-2925
16	0	761	-175	34	0	-5	-2	51	-2182	-2924
16	0	761	-175	34	0	-5	-2	51	-2186	-2923
16	0	761	-175	34	0	-5	-2	51	-2190	-2922
16	0	762	-105	9	0	-4	-2	51	-2193	-2922
16	0	762	-105	9	0	-4	-2	51	-2196	-2921
16	0	762	-105	9	0	-4	-2	51	-2198	-2921
16	0	762	-105	9	0	-4	-2	51	-2200	-2921
16	0	761	-47	-10	0	-3	-1	51	-2202	-2921
16	0	761	-47	-10	0	-3	-1	51	-2203	-2921
16	0	761	-47	-10	0	-3	-1	51	-2204	-2921
16	0	763	-4	-21	0	-2	-1	51	-2205	-2921
16	0	763	-4	-21	0	-2	-1	51	-2205	-2922
16	0	767	22	-27	0	-1	0	51	-2205	-2923
16	0	767	22	-27	0	-1	0	51	-2205	-2923
16	0	767	22	-27	0	-1	0	51	-2204	-2924
16	0	779	34	-26	0	0	0	49	-2204	-2924
16	0	779	34	-26	0	0	0	49	-2203	-2925
16	0	776	25	-11	0	1	1	47	-2202	-2926
16	0	776	25	-11	0	1	1	47	-2201	-2926
16	0	776	25	-11	0	1	1	47	-2201	-2926
16	0	774	2	11	0	2	2	45	-2200	-2927
16	0	774	2	11	0	2	2	45	-2200	-2926
16	0	770	-27	35	0	3	2	42	-2200	-2926
16	0	770	-27	35	0	3	2	42	-2201	-2925
16	0	770	-27	35	0	3	2	42	-2201	-2924
16	0	767	-64	54	0	3	1	38	-2202	-2924
16	0	767	-64	54	0	3	1	38	-2203	-2922
16	0	767	-64	54	0	3	1	38	-2205	-2921
16	0	760	-97	64	0	2	1	34	-2207	-2919
16	0	760	-97	64	0	2	1	34	-2209	-2918
16	0	760	-97	64	0	2	1	34	-2211	-2917
16	0	755	-121	63	0	1	0	30	-2213	-2915
16	0	755	-121	63	0	1	0	30	-2216	-2914
16	0	755	-121	63	0	1	0	30	-2218	-2913
16	0	750	-131	51	0	0	0	26	-2222	-2911
16	0	750	-131	51	0	0	0	26	-2225	-2909
16	0	747	-128	34	0	0	-1	22	-2230	-2908
16	0	747	-128	34	0	0	-1	22	-2233	-2907
16	0	747	-128	34	0	0	-1	22	-2236	-2906
16	0	743	-114	15	0	0	-1	18	-2238	-2905
16	0	743	-114	15	0	0	-1	18	-2242	-2905
16	0	744	-98	0	0	-1	0	14	-2245	-2905
16	0	744	-98	0	0	-1	0	14	-2247	-2905
16	0	744	-98	0	0	-1	0	14	-2249	-2905
16	0	756	6	-109	0	-1	0	10	-2251	-2905
16	0	756	6	-109	0	-1	0	10	-2251	-2907
16	0	756	6	-109	0	-1	0	10	-2251	-2909
16	0	754	24	-105	0	0	0	6	-2251	-2913
16	0	754	24	-105	0	0	0	6	-2250	-2915
16	0	754	24	-105	0	0	0	6	-2250	-2917
16	0	749	40	-96	0	0	0	2	-2249	-2920
16	0	749	40	-96	0	0	0	2	-2248	-2922
16	0	752	50	-105	0	0	0	-1	-2247	-2925
16	0	752	50	-105	0	0	0	-1	-2245	-2928
16	0	752	50	-105	0	0	0	-1	-2244	-2930
16	0	753	57	-90	0	0	0	-3	-2243	-2932
16	0	753	57	-90	0	0	0	-3	-2242	-2934
16	0	753	57	-90	0	0	0	-3	-2241	-2936
16	0	758	64	-66	0	0	1	-4	-2240	-2938
16	0	758	64	-66	0	0	1	-4	-2238	-2939
16	0	758	64	-66	0	0	1	-4	-2237	-2941
16	0	753	76	-37	0	-1	2	-4	-2236	-2942
16	0	753	76	-37	0	-1	2	-4	-2234	-2943
16	0	753	76	-37	0	-1	2	-4	-2232	-2944
16	0	753	76	-37	0	-1	2	-4	-2231	-2945
16	0	750	85	-11	0	0	1	-4	-2229	-2945
16	0	750	85	-11	0	0	1	-4	-2227	-2946
16	0	750	85	-11	0	0	1	-4	-2226	-2946
16	0	746	87	2	0	0	0	-4	-2224	-2946
16	0	746	87	2	0	0	0	-4	-2222	-2946
16	0	746	87	2	0	0	0	-4	-2220	-2946
16	0	745	84	10	0	0	0	-4	-2218	-2946
16	0	745	84	10	0	0	0	-4	-2217	-2946
16	0	745	84	10	0	0	0	-4	-2215	-2945
16	0	748	76	14	0	0	0	-3	-2213	-2945
16	0	748	76	14	0	0	0	-3	-2211	-2945
16	0	748	76	14	0	0	0	-3	-2210	-2945
16	0	749	70	15	0	0	0	-3	-2208	-2944
16	0	749	70	15	0	0	0	-3	-2207	-2944
16	0	749	70	15	0	0	0	-3	-2205	-2944
16	0	749	64	17	0	0	0	-2	-2204	-2943
16	0	749	64	17	0	0	0	-2	-2202	-2943
16	0	755	57	19	0	0	0	-1	-2200	-2942
16	0	755	57	19	0	0	0	-1	-2199	-2942
16	0	755	57	19	0	0	0	-1	-2197	-2941
16	0	754	52	23	0	0	0	-1	-2196	-2941
16	0	754	52	23	0	0	0	-1	-2195	-2940
16	0	754	47	26	0	0	0	0	-2193	-2940
16	0	754	47	26	0	0	0	0	-2192	-2939
16	0	754	47	26	0	0	0	0	-2191	-2939
16	0	754	47	26	0	0	0	0	-2190	-2938
16	0	754	43	30	0	0	0	0	-2189	-2937
16	0	754	43	30	0	0	0	0	-2188	-2937
16	0	754	43	30	0	0	0	0	-2187	-2936
16	0	754	39	33	0	0	0	0	-2186	-2935
16	0	754	39	33	0	0	0	0	-2185	-2935
16	0	754	39	33	0	0	0	0	-2185	-2934
16	0	756	34	38	0	0	0	0	-2184	-2933
16	0	756	34	38	0	0	0	0	-2183	-2933
16	0	756	34	38	0	0	0	0	-2182	-2932
16	0	758	30	44	0	0	0	1	-2182	-2931
16	0	758	30	44	0	0	0	1	-2181	-2930
16	0	758	30	44	0	0	0	1	-2180	-2929
16	0	757	28	51	0	0	0	1	-2180	-2928
16	0	757	28	51	0	0	0	1	-2179	-2927
16	0	756	19	64	0	0	0	1	-2178	-2925
16	0	756	19	64	0	0	0	1	-2178	-2924
16	0	756	19	64	0	0	0	1	-2177	-2922
16	0	758	12	75	0	0	0	1	-2177	-2921
16	0	758	12	75	0	0	0	1	-2176	-2918
16	0	760	8	83	0	0	0	0	-2176	-2917
16	0	760	8	83	0	0	0	0	-2176	-2915
16	0	760	8	83	0	0	0	0	-2176	-2913
16	0	760	8	83	0	0	0	0	-2175	-2911
16	0	757	5	90	0	0	0	0	-2175	-2910
16	0	757	5	90	0	0	0	0	-2175	-2908
16	0	757	5	90	0	0	0	0	-2175	-2906
16	0	755	4	94	0	0	0	0	-2175	-2904
16	0	755	4	94	0	0	0	0	-2175	-2902
16	0	755	4	94	0	0	0	0	-2175	-2900
16	0	755	3	97	0	0	0	0	-2175	-2898
16	0	755	3	97	0	0	0	0	-2174	-2896
16	0	755	3	97	0	0	0	0	-2174	-2894
16	0	753	3	98	0	0	0	-1	-2174	-2892
16	0	753	3	98	0	0	0	-1	-2174	-2890
16	0	751	4	97	0	0	0	-1	-2174	-2886
16	0	751	4	97	0	0	0	-1	-2174	-2884
16	0	751	4	97	0	0	0	-1	-2174	-2882
16	0	750	2	100	0	0	0	-1	-2174	-2880
16	0	750	2	100	0	0	0	-1	-2174	-2878
16	0	750	2	100	0	0	0	-1	-2174	-2876
16	0	755	0	105	0	0	0	0	-2174	-2873
16	0	755	0	105	0	0	0	0	-2174	-2870
16	0	755	0	105	0	0	0	0	-2174	-2868
16	0	754	-2	105	0	0	0	0	-2174	-2865
16	0	754	-2	105	0	0	0	0	-2174	-2863
16	0	754	-2	105	0	0	0	0	-2174	-2861
16	0	755	-4	105	0	0	0	0	-2174	-2859
16	0	755	-4	105	0	0	0	0	-2174	-2857
16	0	755	-4	105	0	0	0	0	-2174	-2854
16	0	754	-5	105	0	0	0	0	-2174	-2852
16	0	754	-5	105	0	0	0	0	-2174	-2850
16	0	754	-5	105	0	0	0	0	-2174	-2848
16	0	755	-3	104	0	0	0	1	-2174	-2845
16	0	755	-3	104	0	0	0	1	-2174	-2843
16	0	755	-3	104	0	0	0	1	-2175	-2840
16	0	753	-3	101	0	0	0	1	-2175	-2838
16	0	753	-3	101	0	0	0	1	-2175	-2835
16	0	750	-8	104	0	0	0	1	-2175	-2831
16	0	750	-8	104	0	0	0	1	-2175	-2828
16	0	753	-9	103	0	0	0	1	-2175	-2826
16	0	753	-9	103	0	0	0	1	-2175	-2824
16	0	753	-9	103	0	0	0	1	-2176	-2822
16	0	752	-9	101	0	0	0	0	-2176	-2819
16	0	752	-9	101	0	0	0	0	-2176	-2817
16	0	752	-9	101	0	0	0	0	-2176	-2815
16	0	752	-9	101	0	0	0	0	-2177	-2813
16	0	750	-7	94	0	0	0	0	-2177	-2811
16	0	750	-7	94	0	0	0	0	-2177	-2809
16	0	750	-7	94	0	0	0	0	-2177	-2807
16	0	752	-1	89	0	0	0	0	-2177	-2805
16	0	752	-1	89	0	0	0	0	-2177	-2803
16	0	752	-1	89	0	0	0	0	-2177	-2801
16	0	750	1	84	0	0	0	0	-2177	-2799
16	0	750	1	84	0	0	0	0	-2177	-2797
16	0	750	1	84	0	0	0	0	-2177	-2796
16	0	747	6	79	0	0	0	-1	-2177	-2794
16	0	747	6	79	0	0	0	-1	-2177	-2791
16	0	746	11	75	0	0	0	-1	-2177	-2789
16	0	746	11	75	0	0	0	-1	-2177	-2787
16	0	746	11	75	0	0	0	-1	-2176	-2785
16	0	749	16	73	0	0	0	-1	-2176	-2784
16	0	749	16	73	0	0	0	-1	-2176	-2782
16	0	749	22	70	0	0	0	-1	-2175	-2779
16	0	749	22	70	0	0	0	-1	-2175	-2778
16	0	749	22	70	0	0	0	-1	-2174	-2776
16	0	747	27	66	0	0	0	0	-2173	-2774
16	0	747	27	66	0	0	0	0	-2173	-2773
16	0	747	27	66	0	0	0	0	-2172	-2772
16	0	746	33	62	0	0	0	0	-2172	-2770
16	0	746	33	62	0	0	0	0	-2171	-2769
16	0	746	33	62	0	0	0	0	-2170	-2768
16	0	747	40	59	0	0	0	0	-2170	-2766
16	0	747	40	59	0	0	0	0	-2169	-2765
16	0	747	40	59	0	0	0	0	-2168	-2764
16	0	747	44	56	0	0	0	0	-2167	-2763
16	0	747	44	56	0	0	0	0	-2166	-2761
16	0	747	44	56	0	0	0	0	-2165	-2760
16	0	748	51	53	0	0	0	1	-2164	-2759
16	0	748	51	53	0	0	0	1	-2163	-2758
16	0	748	51	53	0	0	0	1	-2161	-2756
16	0	749	56	47	0	0	0	1	-2160	-2755
16	0	749	56	47	0	0	0	1	-2159	-2754
16	0	748	57	48	0	0	0	1	-2158	-2753
16	0	748	57	48	0	0	0	1	-2156	-2752
16	0	748	57	48	0	0	0	1	-2155	-2751
16	0	748	60	47	0	0	0	1	-2153	-2749
16	0	748	60	47	0	0	0	1	-2152	-2748
16	0	748	60	47	0	0	0	1	-2151	-2747
16	0	748	64	44	0	0	0	1	-2149	-2746
16	0	748	64	44	0	0	0	1	-2148	-2745
16	0	749	69	41	0	0	0	0	-2146	-2744
16	0	749	69	41	0	0	0	0	-2143	-2742
16	0	749	69	41	0	0	0	0	-2141	-2741
16	0	750	75	40	0	0	0	0	-2140	-2740
16	0	750	75	40	0	0	0	0	-2138	-2739
16	0	750	75	40	0	0	0	0	-2137	-2738
16	0	748	81	39	0	0	0	0	-2135	-2738
16	0	748	81	39	0	0	0	0	-2133	-2737
16	0	748	81	39	0	0	0	0	-2132	-2736
16	0	747	85	38	0	0	0	0	-2130	-2735
16	0	747	85	38	0	0	0	0	-2128	-2734
16	0	747	85	38	0	0	0	0	-2126	-2733
16	0	746	87	35	0	0	0	-1	-2125	-2733
16	0	746	87	35	0	0	0	-1	-2122	-2732
16	0	745	90	35	0	0	0	-1	-2120	-2731
16	0	745	90	35	0	0	0	-1	-2118	-2730
16	0	745	90	35	0	0	0	-1	-2116	-2729
16	0	745	91	36	0	0	0	-1	-2114	-2728
16	0	745	91	36	0	0	0	-1	-2112	-2728
16	0	745	91	36	0	0	0	-1	-2109	-2726
16	0	747	93	37	0	0	0	0	-2107	-2726
16	0	747	93	37	0	0	0	0	-2105	-2725
16	0	747	93	37	0	0	0	0	-2103	-2724
16	0	749	95	38	0	0	0	0	-2101	-2723
16	0	749	95	38	0	0	0	0	-2099	-2722
16	0	749	95	38	0	0	0	0	-2097	-2722
16	0	749	96	36	0	0	0	0	-2095	-2721
16	0	749	96	36	0	0	0	0	-2093	-2720
16	0	749	96	36	0	0	0	0	-2091	-2719
16	0	748	98	34	0	0	0	0	-2089	-2718
16	0	748	98	34	0	0	0	0	-2087	-2718
16	0	748	98	34	0	0	0	0	-2085	-2717
16	0	747	99	32	0	0	0	1	-2083	-2716
16	0	747	99	32	0	0	0	1	-2081	-2716
16	0	747	99	32	0	0	0	1	-2079	-2715
16	0	748	99	30	0	0	0	1	-2076	-2714
16	0	748	99	30	0	0	0	1	-2074	-2714
16	0	748	99	30	0	0	0	1	-2071	-2712
16	0	749	96	32	0	0	0	1	-2069	-2712
16	0	749	96	32	0	0	0	1	-2066	-2711
15	0	749	93	34	0	0	0	1	-2064	-2710
15	0	749	93	34	0	0	0	1	-2062	-2710
15	0	749	93	34	0	0	0	1	-2060	-2709
15	0	750	93	34	0	0	0	0	-2057	-2708
15	0	750	93	34	0	0	0	0	-2055	-2707
15	0	750	93	34	0	0	0	0	-2053	-2706
15	0	752	94	35	0	0	0	0	-2051	-2705
15	0	752	94	35	0	0	0	0	-2049	-2705
15	0	752	94	35	0	0	0	0	-2047	-2704
15	0	755	97	35	0	0	0	0	-2045	-2703
15	0	755	97	35	0	0	0	0	-2043	-2702
15	0	755	97	35	0	0	0	0	-2041	-2702
15	0	753	100	36	0	0	0	0	-2039	-2701
15	0	753	100	36	0	0	0	0	-2037	-2700
15	0	753	100	36	0	0	0	0	-2035	-2699
15	0	751	102	36	0	0	0	0	-2032	-2698
15	0	751	102	36	0	0	0	0	-2030	-2698
15	0	751	102	36	0	0	0	0	-2028	-2697
15	0	749	103	35	0	0	0	-1	-2025	-2696
15	0	749	103	35	0	0	0	-1	-2023	-2695
15	0	749	103	35	0	0	0	-1	-2021	-2695
15	0	747	103	35	0	0	0	-1	-2018	-2694
15	0	747	103	35	0	0	0	-1	-2016	-2693
15	0	745	101	35	0	0	0	-1	-2014	-2692
15	0	745	101	35	0	0	0	-1	-2010	-2691
15	0	745	101	35	0	0	0	-1	-2008	-2690
15	0	749	100	34	0	0	0	0	-2005	-2689
15	0	749	100	34	0	0	0	0	-2003	-2689
15	0	749	100	34	0	0	0	0	-2001	-2688
15	0	749	98	32	0	0	0	0	-1999	-2687
15	0	749	98	32	0	0	0	0	-1997	-2686
15	0	749	98	32	0	0	0	0	-1995	-2686
15	0	750	97	28	0	0	0	0	-1993	-2685
15	0	750	97	28	0	0	0	0	-1991	-2684
15	0	750	97	28	0	0	0	0	-1989	-2684
15	0	750	97	28	0	0	0	0	-1987	-2683
15	0	751	95	22	0	0	0	1	-1985	-2683
15	0	751	95	22	0	0	0	1	-1982	-2682
15	0	750	91	17	0	0	0	1	-1980	-2682
15	0	750	91	17	0	0	0	1	-1978	-2681
15	0	750	91	17	0	0	0	1	-1975	-2681
15	0	751	85	15	0	0	0	1	-1973	-2680
15	0	751	85	15	0	0	0	1	-1971	-2680
15	0	751	85	15	0	0	0	1	-1969	-2679
15	0	751	79	15	0	0	0	1	-1967	-2679
15	0	751	79	15	0	0	0	1	-1965	-2679
15	0	753	74	15	0	0	0	1	-1963	-2678
15	0	753	74	15	0	0	0	1	-1961	-2678
15	0	753	74	15	0	0	0	1	-1960	-2678
15	0	754	70	11	0	0	0	0	-1958	-2677
15	0	754	70	11	0	0	0	0	-1956	-2677
15	0	754	70	11	0	0	0	0	-1955	-2677
15	0	754	65	10	0	0	0	0	-1954	-2677
15	0	754	65	10	0	0	0	0	-1952	-2676
15	0	754	65	10	0	0	0	0	-1951	-2676
15	0	756	63	6	0	0	0	0	-1949	-2676
15	0	756	63	6	0	0	0	0	-1948	-2676
15	0	756	63	6	0	0	0	0	-1947	-2676
15	0	756	63	3	0	0	0	0	-1945	-2675
15	0	756	63	3	0	0	0	0	-1944	-2675
15	0	756	63	3	0	0	0	0	-1943	-2675
15	0	756	63	3	0	0	0	0	-1941	-2675
15	0	755	65	2	0	0	0	-1	-1940	-2675
15	0	755	65	2	0	0	0	-1	-1939	-2675
15	0	754	68	0	0	0	0	-1	-1936	-2675
15	0	754	68	0	0	0	0	-1	-1935	-2675
15	0	754	68	0	0	0	0	-1	-1934	-2675
15	0	752	70	0	0	0	0	-1	-1932	-2675
15	0	752	70	0	0	0	0	-1	-1931	-2675
15	0	752	70	0	0	0	0	-1	-1929	-2675
15	0	752	72	0	0	0	0	0	-1927	-2675
15	0	752	72	0	0	0	0	0	-1926	-2675
15	0	752	72	0	0	0	0	0	-1924	-2675
15	0	758	72	-1	0	0	0	0	-1923	-2675
15	0	758	72	-1	0	0	0	0	-1921	-2675
15	0	758	72	-1	0	0	0	0	-1920	-2675
15	0	757	72	-4	0	0	0	0	-1918	-2675
15	0	757	72	-4	0	0	0	0	-1917	-2675
15	0	757	72	-4	0	0	0	0	-1915	-2675
15	0	758	70	-10	0	0	0	1	-1914	-2675
15	0	758	70	-10	0	0	0	1	-1911	-2676
15	0	755	69	-17	0	0	0	1	-1910	-2676
15	0	755	69	-17	0	0	0	1	-1908	-2676
15	0	755	69	-17	0	0	0	1	-1907	-2677
15	0	751	66	-19	0	0	0	1	-1905	-2677
15	0	751	66	-19	0	0	0	1	-1903	-2678
15	0	751	66	-19	0	0	0	1	-1901	-2678
15	0	749	61	-21	0	0	0	1	-1900	-2679
15	0	749	61	-21	0	0	0	1	-1899	-2679
15	0	747	55	-26	0	0	0	1	-1897	-2680
15	0	747	55	-26	0	0	0	1	-1895	-2681
15	0	747	55	-26	0	0	0	1	-1894	-2681
15	0	745	51	-32	0	0	0	0	-1893	-2682
15	0	745	51	-32	0	0	0	0	-1892	-2682
15	0	745	51	-32	0	0	0	0	-1891	-2683
15	0	743	49	-37	0	0	0	0	-1890	-2684
15	0	743	49	-37	0	0	0	0	-1889	-2685
15	0	743	49	-37	0	0	0	0	-1888	-2685
15	0	743	49	-37	0	0	0	0	-1887	-2686
15	0	740	51	-42	0	0	0	0	-1886	-2687
15	0	740	51	-42	0	0	0	0	-1885	-2688
15	0	740	51	-42	0	0	0	0	-1884	-2689
15	0	738	52	-47	0	0	0	0	-1882	-2690
15	0	738	52	-47	0	0	0	0	-1881	-2691
15	0	738	52	-47	0	0	0	0	-1880	-2692
15	0	737	53	-50	0	0	0	0	-1879	-2693
15	0	737	53	-50	0	0	0	0	-1878	-2694
15	0	737	53	-50	0	0	0	0	-1877	-2695
15	0	735	54	-54	0	0	0	0	-1876	-2696
15	0	735	54	-54	0	0	0	0	-1875	-2697
15	0	735	54	-54	0	0	0	0	-1873	-2698
15	0	730	54	-57	0	0	0	-1	-1872	-2699
15	0	730	54	-57	0	0	0	-1	-1871	-2700
15	0	727	53	-61	0	0	0	-1	-1869	-2702
15	0	727	53	-61	0	0	0	-1	-1868	-2704
15	0	727	53	-61	0	0	0	-1	-1867	-2705
15	0	726	52	-64	0	0	0	0	-1866	-2706
15	0	726	52	-64	0	0	0	0	-1865	-2708
15	0	726	52	-64	0	0	0	0	-1864	-2709
15	0	726	52	-64	0	0	0	0	-1863	-2710
15	0	724	51	-66	0	0	0	0	-1861	-2712
15	0	724	51	-66	0	0	0	0	-1860	-2713
15	0	724	51	-66	0	0	0	0	-1859	-2715
15	0	725	52	-69	0	0	0	0	-1858	-2716
15	0	725	52	-69	0	0	0	0	-1857	-2717
15	0	725	52	-69	0	0	0	0	-1856	-2719
15	0	726	56	-73	0	0	0	1	-1855	-2720
15	0	726	56	-73	0	0	0	1	-1853	-2722
15	0	724	17	-33	0	0	0	2	-1851	-2725
15	0	724	17	-33	0	0	0	2	-1851	-2725
15	0	724	17	-33	0	0	0	2	-1851	-2726
15	0	722	-29	-7	0	0	0	2	-1850	-2727
15	0	722	-29	-7	0	0	0	2	-1851	-2727
15	0	722	-29	-7	0	0	0	2	-1852	-2727
13	0	720	-18	-17	0	0	0	2	-1852	-2727
13	0	720	-18	-17	0	0	0	2	-1853	-2728
13	0	721	-41	0	0	0	0	1	-1853	-2728
13	0	721	-41	0	0	0	0	1	-1854	-2728
13	0	721	-41	0	0	0	0	1	-1855	-2728
13	0	721	-148	95	0	-1	-1	1	-1856	-2728
13	0	721	-148	95	0	-1	-1	1	-1859	-2726
13	0	721	-148	95	0	-1	-1	1	-1864	-2723
13	0	725	-175	108	0	-1	-1	1	-1867	-2721
13	0	725	-175	108	0	-1	-1	1	-1871	-2718
13	0	725	-175	108	0	-1	-1	1	-1876	-2716
13	0	726	-166	114	0	-1	-1	0	-1879	-2714
13	0	726	-166	114	0	-1	-1	0	-1883	-2711
13	0	726	-166	114	0	-1	-1	0	-1886	-2709
13	0	731	-166	101	0	-2	-1	0	-1890	-2706
13	0	731	-166	101	0	-2	-1	0	-1893	-2704
13	0	731	-166	101	0	-2	-1	0	-1897	-2702
13	0	733	-142	91	0	-2	-2	0	-1900	-2700
13	0	733	-142	91	0	-2	-2	0	-1903	-2698
13	0	733	-142	91	0	-2	-2	0	-1906	-2696
13	0	738	-100	70	0	-2	-2	0	-1909	-2694
13	0	738	-100	70	0	-2	-2	0	-1911	-2693
13	0	738	-100	70	0	-2	-2	0	-1913	-2691
13	0	748	-63	53	0	-1	-1	-1	-1915	-2690
13	0	748	-63	53	0	-1	-1	-1	-1918	-2688
13	0	753	-42	33	0	-1	-1	-1	-1919	-2687
13	0	753	-42	33	0	-1	-1	-1	-1920	-2686
13	0	753	-42	33	0	-1	-1	-1	-1921	-2685
13	0	759	-26	4	0	-1	-1	-1	-1922	-2685
13	0	759	-26	4	0	-1	-1	-1	-1923	-2684
13	0	759	-26	4	0	-1	-1	-1	-1923	-2684
13	0	765	-16	-19	0	-1	-1	-1	-1924	-2684
13	0	765	-16	-19	0	-1	-1	-1	-1924	-2685
13	0	765	-16	-19	0	-1	-1	-1	-1925	-2685
13	0	768	4	-31	0	0	-1	0	-1925	-2685
13	0	768	4	-31	0	0	-1	0	-1925	-2686
13	0	768	4	-31	0	0	-1	0	-1925	-2687
13	0	772	11	-42	0	0	-1	0	-1925	-2687
13	0	772	11	-42	0	0	-1	0	-1925	-2688
13	0	772	11	-42	0	0	-1	0	-1924	-2689
13	0	774	16	-54	0	0	-1	0	-1924	-2690
13	0	774	16	-54	0	0	-1	0	-1924	-2691
13	0	774	16	-54	0	0	-1	0	-1924	-2692
13	0	779	17	-70	0	0	-1	1	-1923	-2694
13	0	779	17	-70	0	0	-1	1	-1923	-2696
13	0	783	13	-73	0	0	0	1	-1922	-2697
13	0	783	13	-73	0	0	0	1	-1922	-2699
13	0	783	13	-73	0	0	0	1	-1922	-2701
13	0	788	24	-60	0	0	0	1	-1921	-2702
13	0	788	24	-60	0	0	0	1	-1921	-2704
13	0	792	33	-40	0	0	0	1	-1920	-2706
13	0	792	33	-40	0	0	0	1	-1919	-2707
13	0	792	33	-40	0	0	0	1	-1918	-2708
13	0	795	45	-42	0	0	0	0	-1918	-2709
13	0	795	45	-42	0	0	0	0	-1917	-2710
13	0	795	45	-42	0	0	0	0	-1916	-2711
13	0	795	45	-42	0	0	0	0	-1915	-2712
13	0	797	64	-35	0	0	0	0	-1914	-2712
13	0	797	64	-35	0	0	0	0	-1912	-2713
13	0	797	64	-35	0	0	0	0	-1911	-2714
13	0	799	75	-24	0	0	0	0	-1910	-2715
13	0	799	75	-24	0	0	0	0	-1908	-2715
13	0	799	75	-24	0	0	0	0	-1906	-2716
13	0	800	64	-19	0	0	0	-1	-1905	-2716
13	0	800	64	-19	0	0	0	-1	-1903	-2717
13	0	798	50	-30	0	0	1	-1	-1901	-2717
13	0	798	50	-30	0	0	1	-1	-1900	-2718
13	0	798	50	-30	0	0	1	-1	-1899	-2719
13	0	796	55	-14	0	0	1	0	-1898	-2719
13	0	796	55	-14	0	0	1	0	-1897	-2720
13	0	796	55	-14	0	0	1	0	-1896	-2720
13	0	794	37	-6	0	0	0	0	-1894	-2720
13	0	794	37	-6	0	0	0	0	-1894	-2720
13	0	794	37	-6	0	0	0	0	-1893	-2721
13	0	794	37	-6	0	0	0	0	-1892	-2721
13	0	794	43	-4	0	0	0	0	-1891	-2721
13	0	794	43	-4	0	0	0	0	-1890	-2721
13	0	794	43	-4	0	0	0	0	-1889	-2721
13	0	794	29	-6	0	0	0	1	-1888	-2721
13	0	794	29	-6	0	0	0	1	-1888	-2721
13	0	792	19	0	0	0	0	1	-1887	-2722
13	0	792	19	0	0	0	0	1	-1886	-2722
13	0	792	19	0	0	0	0	1	-1886	-2722
13	0	791	36	5	0	0	0	1	-1886	-2722
13	0	791	36	5	0	0	0	1	-1885	-2721
13	0	786	28	8	0	0	0	1	-1884	-2721
13	0	786	28	8	0	0	0	1	-1883	-2721
13	0	786	28	8	0	0	0	1	-1882	-2721
13	0	782	20	4	0	0	0	1	-1882	-2721
13	0	782	20	4	0	0	0	1	-1881	-2721
13	0	782	20	4	0	0	0	1	-1881	-2721
13	0	783	30	3	0	0	0	1	-1880	-2720
13	0	783	30	3	0	0	0	1	-1880	-2720
13	0	783	30	3	0	0	0	1	-1879	-2720
13	0	779	44	11	0	0	0	0	-1878	-2720
13	0	779	44	11	0	0	0	0	-1877	-2720
13	0	779	44	11	0	0	0	0	-1876	-2720
13	0	785	37	12	0	0	0	0	-1875	-2719
13	0	785	37	12	0	0	0	0	-1875	-2719
13	0	785	37	12	0	0	0	0	-1874	-2719
13	0	785	35	15	0	0	0	0	-1873	-2719
13	0	785	35	15	0	0	0	0	-1872	-2718
13	0	785	35	15	0	0	0	0	-1872	-2718
13	0	782	30	17	0	0	0	0	-1871	-2718
13	0	782	30	17	0	0	0	0	-1870	-2717
13	0	782	30	17	0	0	0	0	-1870	-2717
13	0	782	30	17	0	0	0	0	-1869	-2717
13	0	782	23	26	0	0	1	0	-1868	-2716
13	0	782	23	26	0	0	1	0	-1868	-2716
13	0	782	23	26	0	0	1	0	-1867	-2715
13	0	781	14	43	0	0	0	0	-1867	-2715
13	0	781	14	43	0	0	0	0	-1866	-2714
13	0	781	14	43	0	0	0	0	-1866	-2713
13	0	779	4	50	0	0	0	-1	-1866	-2712
13	0	779	4	50	0	0	0	-1	-1866	-2710
13	0	777	-10	61	0	0	0	-1	-1866	-2709
13	0	777	-10	61	0	0	0	-1	-1866	-2708
13	0	777	-10	61	0	0	0	-1	-1866	-2706
13	0	773	-24	26	0	0	0	-1	-1866	-2705
13	0	773	-24	26	0	0	0	-1	-1867	-2704
13	0	776	-41	27	0	0	0	0	-1868	-2703
13	0	776	-41	27	0	0	0	0	-1869	-2703
13	0	776	-41	27	0	0	0	0	-1869	-2702
13	0	776	-41	27	0	0	0	0	-1870	-2701
13	0	779	-38	27	0	0	0	0	-1871	-2701
13	0	779	-38	27	0	0	0	0	-1872	-2700
13	0	779	-38	27	0	0	0	0	-1873	-2700
13	0	779	-44	35	0	0	0	0	-1874	-2699
13	0	779	-44	35	0	0	0	0	-1875	-2698
13	0	779	-44	35	0	0	0	0	-1876	-2698
13	0	778	-45	31	0	0	0	1	-1876	-2697
13	0	778	-45	31	0	0	0	1	-1877	-2696
13	0	778	-51	41	0	0	0	1	-1879	-2696
13	0	778	-51	41	0	0	0	1	-1880	-2694
13	0	778	-51	41	0	0	0	1	-1881	-2693
13	0	780	-53	45	0	0	0	1	-1882	-2692
13	0	780	-53	45	0	0	0	1	-1884	-2691
13	0	785	-50	68	0	0	0	1	-1885	-2690
13	0	785	-50	68	0	0	0	1	-1887	-2688
13	0	785	-50	68	0	0	0	1	-1888	-2687
13	0	785	-48	62	0	0	0	1	-1889	-2685
13	0	785	-48	62	0	0	0	1	-1890	-2684
13	0	785	-48	62	0	0	0	1	-1891	-2682
13	0	787	-58	59	0	0	0	1	-1892	-2681
13	0	787	-58	59	0	0	0	1	-1894	-2679
13	0	787	-58	59	0	0	0	1	-1895	-2678
13	0	782	-64	70	0	0	0	0	-1897	-2676
13	0	782	-64	70	0	0	0	0	-1898	-2675
13	0	782	-64	70	0	0	0	0	-1899	-2673
13	0	782	-74	64	0	0	0	0	-1901	-2672
13	0	782	-74	64	0	0	0	0	-1902	-2670
13	0	782	-74	64	0	0	0	0	-1904	-2669
13	0	780	-67	56	0	0	0	0	-1905	-2668
13	0	780	-67	56	0	0	0	0	-1907	-2667
13	0	780	-67	56	0	0	0	0	-1908	-2665
13	0	779	-67	57	0	0	0	0	-1910	-2664
13	0	779	-67	57	0	0	0	0	-1911	-2663
13	0	779	-67	57	0	0	0	0	-1913	-2662
13	0	779	-74	59	0	0	0	0	-1914	-2661
13	0	779	-74	59	0	0	0	0	-1915	-2659
13	0	779	-74	59	0	0	0	0	-1917	-2658
13	0	777	-68	77	0	0	0	0	-1919	-2657
13	0	777	-68	77	0	0	0	0	-1920	-2655
13	0	777	-68	77	0	0	0	0	-1921	-2654
13	0	773	-79	85	0	0	0	0	-1923	-2652
13	0	773	-79	85	0	0	0	0	-1925	-2650
13	0	773	-79	85	0	0	0	0	-1926	-2648
13	0	769	-91	89	0	0	0	-1	-1928	-2646
13	0	769	-91	89	0	0	0	-1	-1930	-2645
13	0	769	-91	89	0	0	0	-1	-1933	-2642
13	0	768	-102	74	0	0	0	-1	-1935	-2639
13	0	768	-102	74	0	0	0	-1	-1937	-2638
13	0	765	-117	79	0	0	0	0	-1940	-2636
13	0	765	-117	79	0	0	0	0	-1942	-2634
13	0	765	-117	79	0	0	0	0	-1945	-2633
13	0	765	-117	79	0	0	0	0	-1947	-2631
13	0	764	-127	86	0	0	0	0	-1950	-2629
13	0	764	-127	86	0	0	0	0	-1952	-2628
13	0	764	-127	86	0	0	0	0	-1955	-2626
13	0	763	-140	87	0	0	0	1	-1958	-2624
13	0	763	-140	87	0	0	0	1	-1962	-2621
13	0	759	-168	100	0	0	0	2	-1965	-2619
13	0	759	-168	100	0	0	0	2	-1969	-2617
13	0	759	-168	100	0	0	0	2	-1973	-2615
13	0	760	-131	121	0	0	0	2	-1976	-2613
13	0	760	-131	121	0	0	0	2	-1979	-2610
13	0	760	-131	121	0	0	0	2	-1982	-2607
13	0	757	-161	135	0	0	0	2	-1985	-2605
13	0	757	-161	135	0	0	0	2	-1988	-2602
13	0	757	-161	135	0	0	0	2	-1992	-2599
13	0	757	-161	135	0	0	0	2	-1995	-2596
13	0	749	-173	123	0	-2	0	3	-1998	-2593
13	0	749	-173	123	0	-2	0	3	-2002	-2591
13	0	749	-173	123	0	-2	0	3	-2006	-2588
13	0	738	-115	123	0	-4	0	3	-2009	-2586
13	0	738	-115	123	0	-4	0	3	-2012	-2583
13	0	738	-115	123	0	-4	0	3	-2014	-2581
13	0	727	-47	135	0	-6	1	4	-2017	-2578
13	0	727	-47	135	0	-6	1	4	-2018	-2575
13	0	727	-47	135	0	-6	1	4	-2019	-2572
13	0	714	47	167	0	-8	1	4	-2020	-2569
13	0	714	47	167	0	-8	1	4	-2019	-2566
13	0	714	47	167	0	-8	1	4	-2017	-2562
13	0	709	142	215	0	-8	2	4	-2016	-2559
13	0	709	142	215	0	-8	2	4	-2013	-2554
13	0	709	142	215	0	-8	2	4	-2010	-2550
13	0	711	267	286	0	-6	2	5	-2007	-2545
13	0	711	267	286	0	-6	2	5	-2002	-2539
13	0	711	267	286	0	-6	2	5	-1996	-2533
13	0	728	316	338	0	-2	0	5	-1991	-2527
13	0	728	316	338	0	-2	0	5	-1984	-2520
13	0	728	316	338	0	-2	0	5	-1977	-2513
13	0	733	309	345	0	0	-2	5	-1971	-2506
13	0	733	309	345	0	0	-2	5	-1964	-2498
13	0	733	309	345	0	0	-2	5	-1958	-2491
13	0	738	299	312	0	2	-5	5	-1951	-2484
13	0	738	299	312	0	2	-5	5	-1945	-2477
13	0	738	299	312	0	2	-5	5	-1939	-2471
13	0	739	271	213	0	2	-7	5	-1932	-2464
13	0	739	271	213	0	2	-7	5	-1927	-2460
13	0	739	271	213	0	2	-7	5	-1921	-2455
13	0	742	260	97	0	2	-8	5	-1915	-2451
13	0	742	260	97	0	2	-8	5	-1910	-2449
13	0	742	260	97	0	2	-8	5	-1904	-2447
13	0	742	260	97	0	2	-8	5	-1899	-2445
13	0	734	249	-7	0	2	-9	5	-1893	-2442
13	0	734	249	-7	0	2	-9	5	-1888	-2443
13	0	734	249	-7	0	2	-9	5	-1883	-2443
13	0	726	233	-109	0	1	-10	5	-1878	-2443
13	0	726	233	-109	0	1	-10	5	-1873	-2445
13	0	726	233	-109	0	1	-10	5	-1868	-2448
13	0	726	213	-222	0	1	-10	5	-1863	-2450
13	0	726	213	-222	0	1	-10	5	-1858	-2455
13	0	726	213	-222	0	1	-10	5	-1854	-2459
13	0	715	197	-318	0	1	-10	5	-1849	-2464
13	0	715	197	-318	0	1	-10	5	-1845	-2471
13	0	715	197	-318	0	1	-10	5	-1841	-2477
13	0	706	196	-473	0	1	-8	5	-1837	-2484
13	0	706	196	-473	0	1	-8	5	-1833	-2494
13	0	706	196	-473	0	1	-8	5	-1829	-2504
13	0	696	210	-525	0	1	-6	5	-1825	-2514
13	0	696	210	-525	0	1	-6	5	-1820	-2525
13	0	696	210	-525	0	1	-6	5	-1816	-2536
13	0	685	207	-565	0	2	-3	5	-1811	-2547
13	0	685	207	-565	0	2	-3	5	-1807	-2559
13	0	685	207	-565	0	2	-3	5	-1803	-2571
13	0	681	147	-542	0	2	0	6	-1798	-2583
13	0	681	147	-542	0	2	0	6	-1795	-2594
13	0	681	147	-542	0	2	0	6	-1792	-2605
13	0	673	106	-495	0	3	3	6	-1789	-2617
13	0	673	106	-495	0	3	3	6	-1787	-2627
13	0	673	106	-495	0	3	3	6	-1784	-2638
13	0	669	62	-411	0	3	6	6	-1782	-2648
13	0	669	62	-411	0	3	6	6	-1781	-2657
13	0	669	62	-411	0	3	6	6	-1780	-2665
13	0	664	20	-297	0	3	9	7	-1778	-2674
13	0	664	20	-297	0	3	9	7	-1778	-2680
13	0	664	20	-297	0	3	9	7	-1777	-2686
13	0	664	20	-297	0	3	9	7	-1777	-2693
13	0	663	-17	-167	0	3	10	8	-1777	-2699
13	0	663	-17	-167	0	3	10	8	-1777	-2702
13	0	663	-17	-167	0	3	10	8	-1777	-2706
13	0	659	-46	-47	0	2	8	8	-1778	-2709
13	0	659	-46	-47	0	2	8	8	-1779	-2710
13	0	659	-46	-47	0	2	8	8	-1780	-2711
13	0	651	-62	35	0	1	4	9	-1781	-2712
13	0	651	-62	35	0	1	4	9	-1782	-2712
13	0	651	-62	35	0	1	4	9	-1783	-2711
13	0	643	-67	59	0	0	0	9	-1785	-2710
13	0	643	-67	59	0	0	0	9	-1786	-2709
13	0	643	-67	59	0	0	0	9	-1787	-2708
13	0	638	-59	25	0	0	-4	9	-1789	-2706
13	0	638	-59	25	0	0	-4	9	-1790	-2706
13	0	638	-59	25	0	0	-4	9	-1791	-2705
13	0	629	-62	-64	0	-1	-8	10	-1793	-2705
13	0	629	-62	-64	0	-1	-8	10	-1794	-2706
13	0	629	-62	-64	0	-1	-8	10	-1795	-2707
13	0	630	-102	-167	0	-1	-10	10	-1797	-2709
13	0	630	-102	-167	0	-1	-10	10	-1799	-2712
13	0	630	-102	-167	0	-1	-10	10	-1801	-2716
13	0	629	-85	-260	0	-1	-12	10	-1803	-2719
13	0	629	-85	-260	0	-1	-12	10	-1805	-2725
13	0	629	-85	-260	0	-1	-12	10	-1807	-2730
13	0	626	-85	-382	0	-1	-12	11	-1808	-2736
13	0	626	-85	-382	0	-1	-12	11	-1810	-2744
13	0	626	-85	-382	0	-1	-12	11	-1812	-2752
13	0	633	-58	-484	0	-1	-10	11	-1814	-2760
13	0	633	-58	-484	0	-1	-10	11	-1815	-2770
13	0	633	-58	-484	0	-1	-10	11	-1816	-2780
13	0	633	-58	-484	0	-1	-10	11	-1817	-2790
13	0	631	6	-523	0	-1	-8	11	-1819	-2801
13	0	631	6	-523	0	-1	-8	11	-1819	-2811
13	0	631	6	-523	0	-1	-8	11	-1818	-2823
13	0	627	71	-557	0	-1	-5	11	-1818	-2834
13	0	627	71	-557	0	-1	-5	11	-1817	-2845
13	0	627	71	-557	0	-1	-5	11	-1815	-2857
13	0	627	74	-552	0	-1	-2	10	-1814	-2869
13	0	627	74	-552	0	-1	-2	10	-1812	-2880
13	0	627	74	-552	0	-1	-2	10	-1811	-2892
13	0	622	105	-516	0	-1	1	10	-1809	-2904
13	0	622	105	-516	0	-1	1	10	-1807	-2914
13	0	622	105	-516	0	-1	1	10	-1805	-2925
13	0	624	124	-455	0	-1	4	10	-1802	-2936
13	0	624	124	-455	0	-1	4	10	-1800	-2946
13	0	624	124	-455	0	-1	4	10	-1797	-2955
13	0	619	140	-368	0	0	6	9	-1795	-2965
13	0	619	140	-368	0	0	6	9	-1792	-2973
13	0	619	140	-368	0	0	6	9	-1789	-2980
13	0	615	134	-271	0	1	6	8	-1786	-2988
13	0	615	134	-271	0	1	6	8	-1783	-2994
13	0	615	134	-271	0	1	6	8	-1780	-2999
13	0	610	110	-180	0	2	6	8	-1777	-3005
13	0	610	110	-180	0	2	6	8	-1775	-3009
13	0	610	110	-180	0	2	6	8	-1773	-3013
13	0	610	84	-113	0	2	4	7	-1770	-3016
13	0	610	84	-113	0	2	4	7	-1769	-3019
13	0	610	84	-113	0	2	4	7	-1767	-3021
13	0	594	67	-76	0	1	2	6	-1765	-3024
13	0	594	67	-76	0	1	2	6	-1764	-3025
13	0	594	67	-76	0	1	2	6	-1762	-3027
13	0	594	67	-76	0	1	2	6	-1761	-3028
13	0	560	43	-36	0	0	1	6	-1759	-3030
13	0	560	43	-36	0	0	1	6	-1758	-3031
13	0	560	43	-36	0	0	1	6	-1758	-3032
13	0	534	25	-8	0	0	0	5	-1757	-3032
13	0	534	25	-8	0	0	0	5	-1756	-3033
13	0	534	25	-8	0	0	0	5	-1756	-3033
13	0	493	17	1	0	0	0	5	-1755	-3033
13	0	493	17	1	0	0	0	5	-1755	-3033
13	0	493	17	1	0	0	0	5	-1754	-3033
13	0	455	17	1	0	0	-1	5	-1754	-3033
13	0	455	17	1	0	0	-1	5	-1753	-3033
13	0	455	17	1	0	0	-1	5	-1753	-3033
13	0	412	25	-7	0	0	-1	4	-1753	-3033
13	0	412	25	-7	0	0	-1	4	-1752	-3033
13	0	412	25	-7	0	0	-1	4	-1752	-3033
13	0	362	33	-20	0	0	-1	4	-1751	-3033
13	0	362	33	-20	0	0	-1	4	-1750	-3034
13	0	362	33	-20	0	0	-1	4	-1750	-3034
13	0	314	39	-32	0	0	-1	4	-1749	-3034
13	0	314	39	-32	0	0	-1	4	-1748	-3035
13	0	314	39	-32	0	0	-1	4	-1747	-3036
13	0	264	27	-50	0	0	-1	4	-1746	-3036
13	0	264	27	-50	0	0	-1	4	-1746	-3038
13	0	264	27	-50	0	0	-1	4	-1745	-3039
13	0	216	26	-242	0	0	-1	4	-1745	-3040
13	0	216	26	-242	0	0	-1	4	-1744	-3045
13	0	216	26	-242	0	0	-1	4	-1744	-3050
13	0	177	18	-171	0	0	-1	4	-1743	-3055
13	0	177	18	-171	0	0	-1	4	-1743	-3059
13	0	177	18	-171	0	0	-1	4	-1742	-3062
13	0	126	-22	-206	0	0	0	4	-1742	-3066
13	0	126	-22	-206	0	0	0	4	-1742	-3070
13	0	126	-22	-206	0	0	0	4	-1743	-3074
13	0	126	-22	-206	0	0	0	4	-1743	-3079
13	0	78	3	-121	0	0	0	5	-1744	-3083
13	0	78	3	-121	0	0	0	5	-1744	-3085
13	0	78	3	-121	0	0	0	5	-1744	-3088
13	0	24	107	-63	0	0	0	4	-1744	-3090
13	0	24	107	-63	0	0	0	4	-1741	-3092
13	0	24	107	-63	0	0	0	4	-1739	-3093
13	0	0	0	0	0	0	0	5	-1737	-3095
13	0	0	0	0	0	0	0	5	-1737	-3095
13	0	0	0	0	0	0	0	5	-1737	-3095
13	0	0	0	0	0	0	0	6	-1737	-3095
13	0	0	0	0	0	0	0	6	-1737	-3095
13	0	0	0	0	0	0	0	6	-1737	-3095
13	0	0	0	0	0	0	0	6	-1737	-3095
13	0	0	0	0	0	0	0	6	-1737	-3095
13	0	0	0	0	0	0	0	6	-1737	-3095
13	0	0	0	0	0	0	0	5	-1737	-3095
13	0	0	0	0	0	0	0	5	-1737	-3095
13	0	0	0	0	0	0	0	5	-1737	-3095
13	0	0	0	0	0	0	0	5	-1737	-3095
13	0	0	0	0	0	0	0	5	-1737	-3095
13	0	0	0	0	0	0	0	5	-1737	-3095
13	0	0	0	0	0	0	0	5	-1737	-3095
13	0	0	0	0	0	0	0	5	-1737	-3095
13	0	0	0	0	0	0	0	5	-1737	-3095
13	0	0	0	0	0	0	0	5	-1737	-3095
13	0	0	0	0	0	0	0	5	-1737	-3095
13	0	0	0	0	0	0	0	5	-1737	-3095
13	0	0	0	0	0	0	0	5	-1737	-3095
13	0	0	0	0	0	0	0	5	-1737	-3095
13	0	0	0	0	0	0	0	5	-1737	-3095
13	0	0	0	0	0	0	0	5	-1737	-3095
13	0	0	0	0	0	0	0	5	-1737	-3095
13	0	0	0	0	0	0	0	5	-1737	-3095
13	0	0	0	0	0	0	0	5	-1737	-3095
13	0	0	0	0	0	0	0	5	-1737	-3095
13	0	0	0	0	0	0	0	5	-1737	-3095
13	0	0	0	0	0	0	0	5	-1737	-3095
13	0	0	0	0	0	0	0	5	-1737	-3095
13	0	0	0	0	0	0	0	5	-1737	-3095
13	0	0	0	0	0	0	0	5	-1737	-3095
13	0	0	0	0	0	0	0	5	-1737	-3095
13	0	0	0	0	0	0	0	5	-1737	-3095
13	0	0	0	0	0	0	0	5	-1737	-3095
13	0	0	0	0	0	0	0	5	-1737	-3095
13	0	0	0	0	0	0	0	5	-1737	-3095
13	0	0	0	0	0	0	0	5	-1737	-3095
13	0	0	0	0	0	0	0	5	-1737	-3095
13	0	0	0	0	0	0	0	5	-1737	-3095
13	0	0	0	0	0	0	0	5	-1737	-3095
13	0	0	0	0	0	0	0	5	-1737	-3095
13	0	0	0	0	0	0	0	5	-1737	-3095
13	0	0	0	0	0	0	0	5	-1737	-3095
13	0	0	0	0	0	0	0	5	-1737	-3095
13	0	0	0	0	0	0	0	5	-1737	-3095
13	0	0	0	0	0	0	0	5	-1737	-3095
13	0	0	0	0	0	0	0	5	-1737	-3095
13	0	0	0	0	0	0	0	5	-1737	-3095
13	0	0	0	0	0	0	0	5	-1737	-3095
13	0	0	0	0	0	0	0	5	-1737	-3095
13	0	0	0	0	0	0	0	5	-1737	-3095
13	0	0	0	0	0	0	0	5	-1737	-3095
13	0	0	0	0	0	0	0	5	-1737	-3095
13	0	0	0	0	0	0	0	5	-1737	-3095
13	0	0	0	0	0	0	0	5	-1737	-3095
13	0	0	0	0	0	0	0	5	-1737	-3095
13	0	0	0	0	0	0	0	5	-1737	-3095
13	0	0	0	0	0	0	0	5	-1737	-3095
13	0	0	0	0	0	0	0	5	-1737	-3095
13	0	0	0	0	0	0	0	5	-1737	-3095
13	0	0	0	0	0	0	0	5	-1737	-3095
13	0	0	0	0	0	0	0	5	-1737	-3095
13	0	0	0	0	0	0	0	5	-1737	-3095
13	0	0	0	0	0	0	0	5	-1737	-3095
13	0	0	0	0	0	0	0	5	-1737	-3095
13	0	0	0	0	0	0	0	5	-1737	-3095
13	0	0	0	0	0	0	0	5	-1737	-3095
13	0	0	0	0	0	0	0	5	-1737	-3095
13	0	0	0	0	0	0	0	5	-1737	-3095
13	0	0	0	0	0	0	0	5	-1737	-3095
13	0	0	0	0	0	0	0	5	-1737	-3095
13	0	0	0	0	0	0	0	5	-1737	-3095
13	0	0	0	0	0	0	0	5	-1737	-3095
13	0	0	0	0	0	0	0	5	-1737	-3095
13	0	0	0	0	0	0	0	5	-1737	-3095
13	0	0	0	0	0	0	0	5	-1737	-3095
13	0	0	0	0	0	0	0	5	-1737	-3095
13	0	0	0	0	0	0	0	5	-1737	-3095
13	0	0	0	0	0	0	0	5	-1737	-3095
13	0	0	0	0	0	0	0	5	-1737	-3095
13	0	0	0	0	0	0	0	5	-1737	-3095
13	0	0	0	0	0	0	0	5	-1737	-3095
13	0	0	0	0	0	0	0	5	-1737	-3095
13	0	0	0	0	0	0	0	5	-1737	-3095
13	0	0	0	0	0	0	0	5	-1737	-3095
13	0	0	0	0	0	0	0	5	-1737	-3095
13	0	0	0	0	0	0	0	5	-1737	-3095
13	0	0	0	0	0	0	0	5	-1737	-3095
13	0	0	0	0	0	0	0	5	-1737	-3095
13	0	0	0	0	0	0	0	5	-1737	-3095
13	0	0	0	0	0	0	0	5	-1737	-3095
13	0	0	0	0	0	0	0	5	-1737	-3095
13	0	0	0	0	0	0	0	5	-1737	-3095
13	0	0	0	0	0	0	0	5	-1737	-3095
13	0	0	0	0	0	0	0	5	-1737	-3095
13	0	0	0	0	0	0	0	5	-1737	-3095
13	0	0	0	0	0	0	0	5	-1737	-3095
13	0	0	0	0	0	0	0	5	-1737	-3095
13	0	0	0	0	0	0	0	5	-1737	-3095
13	0	0	0	0	0	0	0	5	-1737	-3095
13	0	0	0	0	0	0	0	5	-1737	-3095
13	0	0	0	0	0	0	0	5	-1737	-3095
13	0	0	0	0	0	0	0	5	-1737	-3095
13	0	0	0	0	0	0	0	5	-1737	-3095
13	0	0	0	0	0	0	0	5	-1737	-3095
13	0	0	0	0	0	0	0	5	-1737	-3095
13	0	0	0	0	0	0	0	5	-1737	-3095
13	0	0	0	0	0	0	0	5	-1737	-3095
13	0	0	0	0	0	0	0	5	-1737	-3095
13	0	0	0	0	0	0	0	5	-1737	-3095
13	0	0	0	0	0	0	0	5	-1737	-3095
13	0	0	0	0	0	0	0	5	-1737	-3095
13	0	0	0	0	0	0	0	5	-1737	-3095
13	0	0	0	0	0	0	0	5	-1737	-3095
13	0	0	0	0	0	0	0	5	-1737	-3095
13	0	0	0	0	0	0	0	5	-1737	-3095
13	0	0	0	0	0	0	0	5	-1737	-3095
13	0	0	0	0	0	0	0	5	-1737	-3095
13	0	0	0	0	0	0	0	5	-1737	-3095
13	0	0	0	0	0	0	0	5	-1737	-3095
13	0	0	0	0	0	0	0	5	-1737	-3095
13	0	0	0	0	0	0	0	5	-1737	-3095
13	0	0	0	0	0	0	0	5	-1737	-3095
13	0	0	0	0	0	0	0	5	-1737	-3095
13	0	0	0	0	0	0	0	5	-1737	-3095
13	0	0	0	0	0	0	0	5	-1737	-3095
13	0	0	0	0	0	0	0	5	-1737	-3095
13	0	0	0	0	0	0	0	5	-1737	-3095
13	0	0	0	0	0	0	0	5	-1737	-3095
13	0	0	0	0	0	0	0	5	-1737	-3095
13	0	0	0	0	0	0	0	5	-1737	-3095
13	0	0	0	0	0	0	0	5	-1737	-3095
13	0	0	0	0	0	0	0	5	-1737	-3095
13	0	0	0	0	0	0	0	5	-1737	-3095
13	0	0	0	0	0	0	0	5	-1737	-3095
13	0	0	0	0	0	0	0	5	-1737	-3095
13	0	0	0	0	0	0	0	5	-1737	-3095
13	0	0	0	0	0	0	0	5	-1737	-3095
13	0	0	0	0	0	0	0	5	-1737	-3095
13	0	0	0	0	0	0	0	5	-1737	-3095
13	0	0	0	0	0	0	0	5	-1737	-3095
13	0	0	0	0	0	0	0	5	-1737	-3095
13	0	0	0	0	0	0	0	5	-1737	-3095
13	0	0	0	0	0	0	0	5	-1737	-3095
13	0	0	0	0	0	0	0	5	-1737	-3095
13	0	0	0	0	0	0	0	5	-1737	-3095
13	0	0	0	0	0	0	0	5	-1737	-3095
13	0	0	0	0	0	0	0	5	-1737	-3095
13	0	0	0	0	0	0	0	5	-1737	-3095
13	0	0	0	0	0	0	0	5	-1737	-3095
13	0	0	0	0	0	0	0	5	-1737	-3095
13	0	0	0	0	0	0	0	5	-1737	-3095
13	0	0	0	0	0	0	0	5	-1737	-3095
13	0	0	0	0	0	0	0	5	-1737	-3095
13	0	0	0	0	0	0	0	5	-1737	-3095
13	0	0	0	0	0	0	0	5	-1737	-3095
13	0	0	0	0	0	0	0	5	-1737	-3095
13	0	0	0	0	0	0	0	5	-1737	-3095
13	0	0	0	0	0	0	0	5	-1737	-3095
13	0	0	0	0	0	0	0	5	-1737	-3095
13	0	0	0	0	0	0	0	5	-1737	-3095
13	0	0	0	0	0	0	0	5	-1737	-3095
13	0	0	0	0	0	0	0	5	-1737	-3095
13	0	0	0	0	0	0	0	5	-1737	-3095
13	0	0	0	0	0	0	0	5	-1737	-3095
13	0	0	0	0	0	0	0	5	-1737	-3095
13	0	0	0	0	0	0	0	5	-1737	-3095
13	0	0	0	0	0	0	0	5	-1737	-3095
13	0	0	0	0	0	0	0	5	-1737	-3095
13	0	0	0	0	0	0	0	5	-1737	-3095
13	0	0	0	0	0	0	0	5	-1737	-3095
13	0	0	0	0	0	0	0	5	-1737	-3095
13	0	0	0	0	0	0	0	5	-1737	-3095
13	0	0	0	0	0	0	0	5	-1737	-3095
13	0	0	0	0	0	0	0	5	-1737	-3095
13	0	0	0	0	0	0	0	5	-1737	-3095
13	0	0	0	0	0	0	0	5	-1737	-3095
13	0	0	0	0	0	0	0	5	-1737	-3095
13	0	0	0	0	0	0	0	5	-1737	-3095
13	0	0	0	0	0	0	0	5	-1737	-3095
13	0	0	0	0	0	0	0	5	-1737	-3095
13	0	0	0	0	0	0	0	5	-1737	-3095
13	0	0	0	0	0	0	0	5	-1737	-3095
13	0	0	0	0	0	0	0	5	-1737	-3095
13	0	0	0	0	0	0	0	5	-1737	-3095
13	0	0	0	0	0	0	0	5	-1737	-3095
13	0	0	0	0	0	0	0	5	-1737	-3095
13	0	0	0	0	0	0	0	5	-1737	-3095
13	0	0	0	0	0	0	0	5	-1737	-3095
13	0	0	0	0	0	0	0	5	-1737	-3095
13	0	0	0	0	0	0	0	5	-1737	-3095
13	0	0	0	0	0	0	0	5	-1737	-3095
13	0	0	0	0	0	0	0	5	-1737	-3095
13	0	0	0	0	0	0	0	5	-1737	-3095
13	0	0	0	0	0	0	0	5	-1737	-3095
13	0	0	0	0	0	0	0	5	-1737	-3095
13	0	0	0	0	0	0	0	5	-1737	-3095
13	0	0	0	0	0	0	0	5	-1737	-3095
13	0	0	0	0	0	0	0	5	-1737	-3095
13	0	0	0	0	0	0	0	5	-1737	-3095
13	0	0	0	0	0	0	0	5	-1737	-3095
13	0	0	0	0	0	0	0	5	-1737	-3095
13	0	0	0	0	0	0	0	5	-1737	-3095
13	0	0	0	0	0	0	0	5	-1737	-3095
13	0	0	0	0	0	0	0	5	-1737	-3095
13	0	0	0	0	0	0	0	5	-1737	-3095
13	0	0	0	0	0	0	0	5	-1737	-3095
13	0	0	0	0	0	0	0	5	-1737	-3095
13	0	0	0	0	0	0	0	5	-1737	-3095
13	0	0	0	0	0	0	0	5	-1737	-3095
13	0	0	0	0	0	0	0	5	-1737	-3095
13	0	0	0	0	0	0	0	5	-1737	-3095
13	0	0	0	0	0	0	0	5	-1737	-3095
13	0	0	0	0	0	0	0	5	-1737	-3095
13	0	0	0	0	0	0	0	5	-1737	-3095
13	0	0	0	0	0	0	0	5	-1737	-3095
13	0	0	0	0	0	0	0	5	-1737	-3095
13	0	0	0	0	0	0	0	5	-1737	-3095
13	0	0	0	0	0	0	0	5	-1737	-3095
13	0	0	0	0	0	0	0	5	-1737	-3095
13	0	0	0	0	0	0	0	5	-1737	-3095
13	0	0	0	0	0	0	0	5	-1737	-3095
13	0	0	0	0	0	0	0	5	-1737	-3095
13	0	0	0	0	0	0	0	5	-1737	-3095
13	0	0	0	0	0	0	0	5	-1737	-3095
13	0	0	0	0	0	0	0	5	-1737	-3095
13	0	0	0	0	0	0	0	5	-1737	-3095
13	0	0	0	0	0	0	0	5	-1737	-3095
13	0	0	0	0	0	0	0	5	-1737	-3095
13	0	0	0	0	0	0	0	5	-1737	-3095
13	0	0	0	0	0	0	0	5	-1737	-3095
13	0	0	0	0	0	0	0	5	-1737	-3095
13	0	0	0	0	0	0	0	5	-1737	-3095
13	0	0	0	0	0	0	0	5	-1737	-3095
13	0	0	0	0	0	0	0	5	-1737	-3095
13	0	0	0	0	0	0	0	5	-1737	-3095
13	0	0	0	0	0	0	0	5	-1737	-3095
13	0	0	0	0	0	0	0	5	-1737	-3095
13	0	0	0	0	0	0	0	5	-1737	-3095
13	0	0	0	0	0	0	0	5	-1737	-3095
13	0	0	0	0	0	0	0	5	-1737	-3095
13	0	0	0	0	0	0	0	5	-1737	-3095
13	0	0	0	0	0	0	0	5	-1737	-3095
13	0	0	0	0	0	0	0	5	-1737	-3095
13	0	0	0	0	0	0	0	5	-1737	-3095
13	0	0	0	0	0	0	0	5	-1737	-3095
13	0	0	0	0	0	0	0	5	-1737	-3095
13	0	0	0	0	0	0	0	5	-1737	-3095
13	0	0	0	0	0	0	0	5	-1737	-3095
13	0	0	0	0	0	0	0	5	-1737	-3095
13	0	0	0	0	0	0	0	5	-1737	-3095
13	0	0	0	0	0	0	0	5	-1737	-3095
13	0	0	0	0	0	0	0	5	-1737	-3095
13	0	0	0	0	0	0	0	5	-1737	-3095
13	0	0	0	0	0	0	0	5	-1737	-3095
13	0	0	0	0	0	0	0	5	-1737	-3095
13	0	0	0	0	0	0	0	5	-1737	-3095
13	0	0	0	0	0	0	0	5	-1737	-3095
13	0	0	0	0	0	0	0	5	-1737	-3095
13	0	0	0	0	0	0	0	5	-1737	-3095
13	0	0	0	0	0	0	0	5	-1737	-3095
13	0	0	0	0	0	0	0	5	-1737	-3095
13	0	0	0	0	0	0	0	5	-1737	-3095
13	0	0	0	0	0	0	0	5	-1737	-3095
13	0	0	0	0	0	0	0	5	-1737	-3095
13	0	0	0	0	0	0	0	5	-1737	-3095
13	0	0	0	0	0	0	0	5	-1737	-3095
13	0	0	0	0	0	0	0	5	-1737	-3095
13	0	0	0	0	0	0	0	5	-1737	-3095
13	0	0	0	0	0	0	0	5	-1737	-3095
13	0	0	0	0	0	0	0	5	-1737	-3095
13	0	0	0	0	0	0	0	5	-1737	-3095
13	0	0	0	0	0	0	0	5	-1737	-3095
13	0	0	0	0	0	0	0	5	-1737	-3095
13	0	0	0	0	0	0	0	5	-1737	-3095
13	0	0	0	0	0	0	0	5	-1737	-3095
13	0	0	0	0	0	0	0	5	-1737	-3095
13	0	0	0	0	0	0	0	5	-1737	-3095
13	0	0	0	0	0	0	0	5	-1737	-3095
13	0	0	0	0	0	0	0	5	-1737	-3095
13	0	0	0	0	0	0	0	5	-1737	-3095
13	0	0	0	0	0	0	0	5	-1737	-3095
13	0	0	0	0	0	0	0	5	-1737	-3095
13	0	0	0	0	0	0	0	5	-1737	-3095
13	0	0	0	0	0	0	0	5	-1737	-3095
13	0	0	0	0	0	0	0	5	-1737	-3095
13	0	0	0	0	0	0	0	5	-1737	-3095
13	0	0	0	0	0	0	0	5	-1737	-3095
13	0	0	0	0	0	0	0	5	-1737	-3095
13	0	0	0	0	0	0	0	5	-1737	-3095
13	0	0	0	0	0	0	0	5	-1737	-3095
13	0	0	0	0	0	0	0	5	-1737	-3095
13	0	0	0	0	0	0	0	5	-1737	-3095
13	0	0	0	0	0	0	0	5	-1737	-3095
13	0	0	0	0	0	0	0	5	-1737	-3095
13	0	0	0	0	0	0	0	5	-1737	-3095
13	0	0	0	0	0	0	0	5	-1737	-3095
13	0	0	0	0	0	0	0	5	-1737	-3095
13	0	0	0	0	0	0	0	5	-1737	-3095
13	0	0	0	0	0	0	0	5	-1737	-3095
13	0	0	0	0	0	0	0	5	-1737	-3095
13	0	0	0	0	0	0	0	5	-1737	-3095
13	0	0	0	0	0	0	0	5	-1737	-3095
13	0	0	0	0	0	0	0	5	-1737	-3095
13	0	0	0	0	0	0	0	5	-1737	-3095
13	0	0	0	0	0	0	0	5	-1737	-3095
13	0	0	0	0	0	0	0	5	-1737	-3095
13	0	0	0	0	0	0	0	5	-1737	-3095
13	0	0	0	0	0	0	0	5	-1737	-3095
13	0	0	0	0	0	0	0	5	-1737	-3095
13	0	0	0	0	0	0	0	5	-1737	-3095
13	0	0	0	0	0	0	0	5	-1737	-3095
13	0	0	0	0	0	0	0	5	-1737	-3095
13	0	0	0	0	0	0	0	5	-1737	-3095
13	0	0	0	0	0	0	0	5	-1737	-3095
13	0	0	0	0	0	0	0	5	-1737	-3095
13	0	0	0	0	0	0	0	5	-1737	-3095
13	0	0	0	0	0	0	0	5	-1737	-3095
13	0	0	0	0	0	0	0	5	-1737	-3095
13	0	0	0	0	0	0	0	5	-1737	-3095
13	0	0	0	0	0	0	0	5	-1737	-3095
13	0	0	0	0	0	0	0	5	-1737	-3095
13	0	0	0	0	0	0	0	5	-1737	-3095
13	0	0	0	0	0	0	0	5	-1737	-3095
13	0	0	0	0	0	0	0	5	-1737	-3095
13	0	0	0	0	0	0	0	5	-1737	-3095
13	0	0	0	0	0	0	0	5	-1737	-3095
13	0	0	0	0	0	0	0	5	-1737	-3095
13	0	0	0	0	0	0	0	5	-1737	-3095
13	0	0	0	0	0	0	0	5	-1737	-3095
13	0	0	0	0	0	0	0	5	-1737	-3095
13	0	0	0	0	0	0	0	5	-1737	-3095
13	0	0	0	0	0	0	0	5	-1737	-3095
13	0	0	0	0	0	0	0	5	-1737	-3095
13	0	0	0	0	0	0	0	5	-1737	-3095
13	0	0	0	0	0	0	0	5	-1737	-3095
13	0	0	0	0	0	0	0	5	-1737	-3095
13	0	0	0	0	0	0	0	5	-1737	-3095
13	0	0	0	0	0	0	0	5	-1737	-3095
13	0	0	0	0	0	0	0	5	-1737	-3095
13	0	0	0	0	0	0	0	5	-1737	-3095
13	0	0	0	0	0	0	0	5	-1737	-3095
13	0	0	0	0	0	0	0	5	-1737	-3095
13	0	0	0	0	0	0	0	5	-1737	-3095
13	0	0	0	0	0	0	0	5	-1737	-3095
13	0	0	0	0	0	0	0	5	-1737	-3095
13	0	0	0	0	0	0	0	5	-1737	-3095
13	0	0	0	0	0	0	0	5	-1737	-3095
13	0	0	0	0	0	0	0	5	-1737	-3095
13	0	0	0	0	0	0	0	5	-1737	-3095
13	0	0	0	0	0	0	0	5	-1737	-3095
13	0	0	0	0	0	0	0	5	-1737	-3095
13	0	0	0	0	0	0	0	5	-1737	-3095
13	0	0	0	0	0	0	0	5	-1737	-3095
13	0	0	0	0	0	0	0	5	-1737	-3095
13	0	0	0	0	0	0	0	5	-1737	-3095
13	0	0	0	0	0	0	0	5	-1737	-3095
13	0	0	0	0	0	0	0	5	-1737	-3095
13	0	0	0	0	0	0	0	5	-1737	-3095
13	0	0	0	0	0	0	0	5	-1737	-3095
13	0	0	0	0	0	0	0	5	-1737	-3095
13	0	0	0	0	0	0	0	5	-1737	-3095
13	0	0	0	0	0	0	0	5	-1737	-3095
13	0	0	0	0	0	0	0	5	-1737	-3095
13	0	0	0	0	0	0	0	5	-1737	-3095
13	0	0	0	0	0	0	0	5	-1737	-3095
13	0	0	0	0	0	0	0	5	-1737	-3095
13	0	0	0	0	0	0	0	5	-1737	-3095
13	0	0	0	0	0	0	0	5	-1737	-3095
13	0	0	0	0	0	0	0	5	-1737	-3095
13	0	0	0	0	0	0	0	5	-1737	-3095
13	0	0	0	0	0	0	0	5	-1737	-3095
13	0	0	0	0	0	0	0	5	-1737	-3095
13	0	0	0	0	0	0	0	5	-1737	-3095
13	0	0	0	0	0	0	0	5	-1737	-3095
13	0	0	0	0	0	0	0	5	-1737	-3095
13	0	0	0	0	0	0	0	5	-1737	-3095
13	0	0	0	0	0	0	0	5	-1737	-3095
13	0	0	0	0	0	0	0	5	-1737	-3095
13	0	0	0	0	0	0	0	5	-1737	-3095
13	0	0	0	0	0	0	0	5	-1737	-3095
13	0	0	0	0	0	0	0	5	-1737	-3095
13	0	0	0	0	0	0	0	5	-1737	-3095
13	0	0	0	0	0	0	0	5	-1737	-3095
13	0	0	0	0	0	0	0	5	-1737	-3095
13	0	0	0	0	0	0	0	5	-1737	-3095
13	0	0	0	0	0	0	0	5	-1737	-3095
13	0	0	0	0	0	0	0	5	-1737	-3095
13	0	0	0	0	0	0	0	5	-1737	-3095
13	0	0	0	0	0	0	0	5	-1737	-3095
13	0	0	0	0	0	0	0	5	-1737	-3095
13	0	0	0	0	0	0	0	5	-1737	-3095
13	0	0	0	0	0	0	0	5	-1737	-3095
13	0	0	0	0	0	0	0	5	-1737	-3095
13	0	0	0	0	0	0	0	5	-1737	-3095
13	0	0	0	0	0	0	0	5	-1737	-3095
13	0	0	0	0	0	0	0	5	-1737	-3095
13	0	0	0	0	0	0	0	5	-1737	-3095
13	0	0	0	0	0	0	0	5	-1737	-3095
13	0	0	0	0	0	0	0	5	-1737	-3095
13	0	0	0	0	0	0	0	5	-1737	-3095
13	0	0	0	0	0	0	0	5	-1737	-3095
13	0	0	0	0	0	0	0	5	-1737	-3095
13	0	0	0	0	0	0	0	5	-1737	-3095
13	0	0	0	0	0	0	0	5	-1737	-3095
13	0	0	0	0	0	0	0	5	-1737	-3095
13	0	0	0	0	0	0	0	5	-1737	-3095
13	0	0	0	0	0	0	0	5	-1737	-3095
13	0	0	0	0	0	0	0	5	-1737	-3095
13	0	0	0	0	0	0	0	5	-1737	-3095
13	0	0	0	0	0	0	0	5	-1737	-3095
13	0	0	0	0	0	0	0	5	-1737	-3095
13	0	0	0	0	0	0	0	5	-1737	-3095
13	0	0	0	0	0	0	0	5	-1737	-3095
13	0	0	0	0	0	0	0	5	-1737	-3095
13	0	0	0	0	0	0	0	5	-1737	-3095
13	0	0	0	0	0	0	0	5	-1737	-3095
13	0	0	0	0	0	0	0	5	-1737	-3095
13	0	0	0	0	0	0	0	5	-1737	-3095
13	0	0	0	0	0	0	0	5	-1737	-3095
13	0	0	0	0	0	0	0	5	-1737	-3095
13	0	0	0	0	0	0	0	5	-1737	-3095
13	0	0	0	0	0	0	0	5	-1737	-3095
13	0	0	0	0	0	0	0	5	-1737	-3095
13	0	0	0	0	0	0	0	5	-1737	-3095
13	0	0	0	0	0	0	0	5	-1737	-3095
13	0	0	0	0	0	0	0	5	-1737	-3095
13	0	0	0	0	0	0	0	5	-1737	-3095
13	0	0	0	0	0	0	0	5	-1737	-3095
13	0	0	0	0	0	0	0	5	-1737	-3095
13	0	0	0	0	0	0	0	5	-1737	-3095
13	0	0	0	0	0	0	0	5	-1737	-3095
13	0	0	0	0	0	0	0	5	-1737	-3095
13	0	0	0	0	0	0	0	5	-1737	-3095
13	0	0	0	0	0	0	0	5	-1737	-3095
13	0	0	0	0	0	0	0	5	-1737	-3095
13	0	0	0	0	0	0	0	5	-1737	-3095
13	0	0	0	0	0	0	0	5	-1737	-3095
13	0	0	0	0	0	0	0	5	-1737	-3095
13	0	0	0	0	0	0	0	5	-1737	-3095
13	0	0	0	0	0	0	0	5	-1737	-3095
13	0	0	0	0	0	0	0	5	-1737	-3095
13	0	0	0	0	0	0	0	5	-1737	-3095
13	0	0	0	0	0	0	0	5	-1737	-3095
13	0	0	0	0	0	0	0	5	-1737	-3095
13	0	0	0	0	0	0	0	5	-1737	-3095
13	0	0	0	0	0	0	0	5	-1737	-3095
13	0	0	0	0	0	0	0	5	-1737	-3095
13	0	0	0	0	0	0	0	5	-1737	-3095
13	0	0	0	0	0	0	0	5	-1737	-3095
13	0	0	0	0	0	0	0	5	-1737	-3095
13	0	0	0	0	0	0	0	5	-1737	-3095
13	0	0	0	0	0	0	0	5	-1737	-3095
13	0	0	0	0	0	0	0	5	-1737	-3095
13	0	0	0	0	0	0	0	5	-1737	-3095
13	0	0	0	0	0	0	0	5	-1737	-3095
13	0	0	0	0	0	0	0	5	-1737	-3095
13	0	0	0	0	0	0	0	5	-1737	-3095
13	0	0	0	0	0	0	0	5	-1737	-3095
13	0	0	0	0	0	0	0	5	-1737	-3095
13	0	0	0	0	0	0	0	5	-1737	-3095
13	0	0	0	0	0	0	0	5	-1737	-3095
13	0	0	0	0	0	0	0	5	-1737	-3095
13	0	0	0	0	0	0	0	5	-1737	-3095
13	0	0	0	0	0	0	0	5	-1737	-3095
13	0	0	0	0	0	0	0	5	-1737	-3095
13	0	0	0	0	0	0	0	5	-1737	-3095
13	0	0	0	0	0	0	0	5	-1737	-3095
13	0	0	0	0	0	0	0	5	-1737	-3095
13	0	0	0	0	0	0	0	5	-1737	-3095
13	0	0	0	0	0	0	0	5	-1737	-3095
13	0	0	0	0	0	0	0	5	-1737	-3095
13	0	0	0	0	0	0	0	5	-1737	-3095
13	0	0	0	0	0	0	0	5	-1737	-3095
13	0	0	0	0	0	0	0	5	-1737	-3095
13	0	0	0	0	0	0	0	5	-1737	-3095
13	0	0	0	0	0	0	0	5	-1737	-3095
13	0	0	0	0	0	0	0	5	-1737	-3095
13	0	0	0	0	0	0	0	5	-1737	-3095
13	0	0	0	0	0	0	0	5	-1737	-3095
13	0	0	0	0	0	0	0	5	-1737	-3095
13	0	0	0	0	0	0	0	5	-1737	-3095
13	0	0	0	0	0	0	0	5	-1737	-3095
13	0	0	0	0	0	0	0	5	-1737	-3095
13	0	0	0	0	0	0	0	5	-1737	-3095
13	0	0	0	0	0	0	0	5	-1737	-3095
13	0	0	0	0	0	0	0	5	-1737	-3095
13	0	0	0	0	0	0	0	5	-1737	-3095
13	0	0	0	0	0	0	0	5	-1737	-3095
13	0	0	0	0	0	0	0	5	-1737	-3095
13	0	0	0	0	0	0	0	5	-1737	-3095
13	0	0	0	0	0	0	0	5	-1737	-3095
13	0	0	0	0	0	0	0	5	-1737	-3095
13	0	0	0	0	0	0	0	5	-1737	-3095
13	0	0	0	0	0	0	0	5	-1737	-3095
13	0	0	0	0	0	0	0	5	-1737	-3095
13	0	0	0	0	0	0	0	5	-1737	-3095
13	0	0	0	0	0	0	0	5	-1737	-3095
13	0	0	0	0	0	0	0	5	-1737	-3095
13	0	0	0	0	0	0	0	5	-1737	-3095
13	0	0	0	0	0	0	0	5	-1737	-3095
13	0	0	0	0	0	0	0	5	-1737	-3095
13	0	0	0	0	0	0	0	5	-1737	-3095
13	0	0	0	0	0	0	0	5	-1737	-3095
13	0	0	0	0	0	0	0	5	-1737	-3095
13	0	0	0	0	0	0	0	5	-1737	-3095
13	0	0	0	0	0	0	0	5	-1737	-3095
13	0	0	0	0	0	0	0	5	-1737	-3095
13	0	0	0	0	0	0	0	5	-1737	-3095
13	0	0	0	0	0	0	0	5	-1737	-3095
13	0	0	0	0	0	0	0	5	-1737	-3095
13	0	0	0	0	0	0	0	5	-1737	-3095
13	0	0	0	0	0	0	0	5	-1737	-3095
13	0	0	0	0	0	0	0	5	-1737	-3095
13	0	0	0	0	0	0	0	5	-1737	-3095
13	0	0	0	0	0	0	0	5	-1737	-3095
13	0	0	0	0	0	0	0	5	-1737	-3095
13	0	0	0	0	0	0	0	5	-1737	-3095
13	0	0	0	0	0	0	0	5	-1737	-3095
13	0	0	0	0	0	0	0	5	-1737	-3095
13	0	0	0	0	0	0	0	5	-1737	-3095
13	0	0	0	0	0	0	0	5	-1737	-3095
13	0	0	0	0	0	0	0	5	-1737	-3095
13	0	0	0	0	0	0	0	5	-1737	-3095
13	0	0	0	0	0	0	0	5	-1737	-3095
13	0	0	0	0	0	0	0	5	-1737	-3095
13	0	0	0	0	0	0	0	5	-1737	-3095
13	0	0	0	0	0	0	0	5	-1737	-3095
13	0	0	0	0	0	0	0	5	-1737	-3095
13	0	0	0	0	0	0	0	5	-1737	-3095
13	0	0	0	0	0	0	0	5	-1737	-3095
13	0	0	0	0	0	0	0	5	-1737	-3095
13	0	0	0	0	0	0	0	5	-1737	-3095
13	0	0	0	0	0	0	0	5	-1737	-3095
13	0	0	0	0	0	0	0	5	-1737	-3095
13	0	0	0	0	0	0	0	5	-1737	-3095
13	0	0	0	0	0	0	0	5	-1737	-3095
13	0	0	0	0	0	0	0	5	-1737	-3095
13	0	0	0	0	0	0	0	5	-1737	-3095
13	0	0	0	0	0	0	0	5	-1737	-3095
13	0	0	0	0	0	0	0	5	-1737	-3095
13	0	0	0	0	0	0	0	5	-1737	-3095
13	0	0	0	0	0	0	0	5	-1737	-3095
13	0	0	0	0	0	0	0	5	-1737	-3095
13	0	0	0	0	0	0	0	5	-1737	-3095
13	0	0	0	0	0	0	0	5	-1737	-3095
13	0	0	0	0	0	0	0	5	-1737	-3095
13	0	0	0	0	0	0	0	5	-1737	-3095
13	0	0	0	0	0	0	0	5	-1737	-3095
