bat	flyst.	alt	vx	vy	vz	theta	phi	psi	px	py
0	0	0	0	0	0	0	0	0	0	0
0	0	0	0	0	0	0	0	0	0	0
0	0	0	0	0	0	0	0	0	0	0
0	0	0	0	0	0	0	0	0	0	0
0	0	0	0	0	0	0	0	0	0	0
0	0	0	0	0	0	0	0	0	0	0
0	0	0	0	0	0	0	0	0	0	0
0	0	0	0	0	0	0	0	0	0	0
0	0	0	0	0	0	0	0	0	0	0
0	0	0	0	0	0	0	0	0	0	0
0	0	0	0	0	0	0	0	0	0	0
0	0	0	0	0	0	0	0	0	0	0
0	0	0	0	0	0	0	0	0	0	0
0	0	0	0	0	0	0	0	0	0	0
0	0	0	0	0	0	0	0	0	0	0
0	0	0	0	0	0	0	0	0	0	0
0	0	0	0	0	0	0	0	0	0	0
0	0	0	0	0	0	0	0	0	0	0
0	0	0	0	0	0	0	0	0	0	0
0	0	0	0	0	0	0	0	0	0	0
0	0	0	0	0	0	0	0	0	0	0
0	0	0	0	0	0	0	0	0	0	0
0	0	0	0	0	0	0	0	0	0	0
0	0	0	0	0	0	0	0	0	0	0
0	0	0	0	0	0	0	0	0	0	0
0	0	0	0	0	0	0	0	0	0	0
0	0	0	0	0	0	0	0	0	0	0
0	0	0	0	0	0	0	0	0	0	0
0	0	0	0	0	0	0	0	0	0	0
0	0	0	0	0	0	0	0	0	0	0
0	0	0	0	0	0	0	0	0	0	0
0	0	0	0	0	0	0	0	0	0	0
0	0	0	0	0	0	0	0	0	0	0
0	0	0	0	0	0	0	0	0	0	0
0	0	0	0	0	0	0	0	0	0	0
0	0	0	0	0	0	0	0	0	0	0
0	0	0	0	0	0	0	0	0	0	0
0	0	0	0	0	0	0	0	0	0	0
0	0	0	0	0	0	0	0	0	0	0
0	0	0	0	0	0	0	0	0	0	0
0	0	0	0	0	0	0	0	0	0	0
0	0	0	0	0	0	0	0	0	0	0
0	0	0	0	0	0	0	0	0	0	0
0	0	0	0	0	0	0	0	0	0	0
0	0	0	0	0	0	0	0	0	0	0
0	0	0	0	0	0	0	0	0	0	0
0	0	0	0	0	0	0	0	0	0	0
0	0	0	0	0	0	0	0	0	0	0
0	0	0	0	0	0	0	0	0	0	0
0	0	0	0	0	0	0	0	0	0	0
0	0	0	0	0	0	0	0	0	0	0
0	0	0	0	0	0	0	0	0	0	0
0	0	0	0	0	0	0	0	0	0	0
0	0	0	0	0	0	0	0	0	0	0
0	0	0	0	0	0	0	0	0	0	0
0	0	0	0	0	0	0	0	0	0	0
0	0	0	0	0	0	0	0	0	0	0
0	0	0	0	0	0	0	0	0	0	0
0	0	0	0	0	0	0	0	0	0	0
0	0	0	0	0	0	0	0	0	0	0
0	0	0	0	0	0	0	0	0	0	0
0	0	0	0	0	0	0	0	0	0	0
0	0	0	0	0	0	0	0	0	0	0
0	0	0	0	0	0	0	0	0	0	0
0	0	0	0	0	0	0	0	0	0	0
0	0	0	0	0	0	0	0	0	0	0
0	0	0	0	0	0	0	0	0	0	0
0	0	0	0	0	0	0	0	0	0	0
0	0	0	0	0	0	0	0	0	0	0
0	0	0	0	0	0	0	0	0	0	0
0	0	0	0	0	0	0	0	0	0	0
0	0	0	0	0	0	0	0	0	0	0
0	0	0	0	0	0	0	0	0	0	0
0	0	0	0	0	0	0	0	0	0	0
0	0	0	0	0	0	0	0	0	0	0
0	0	0	0	0	0	0	0	0	0	0
0	0	0	0	0	0	0	0	0	0	0
48	0	0	0	0	0	0	0	1	0	0
48	0	0	0	0	0	0	0	1	0	0
48	0	0	0	0	0	0	0	1	0	0
48	0	0	0	0	0	0	0	1	0	0
48	0	0	0	0	0	0	0	1	0	0
48	0	0	0	0	0	0	0	1	0	0
48	0	0	0	0	0	0	0	1	0	0
48	0	0	0	0	0	0	0	1	0	0
48	0	0	0	0	0	0	0	1	0	0
48	0	0	0	0	0	0	0	1	0	0
48	0	0	0	0	0	0	0	1	0	0
48	0	0	0	0	0	0	0	1	0	0
48	0	0	0	0	0	0	0	1	0	0
48	0	0	0	0	0	0	0	1	0	0
48	0	0	0	0	0	0	0	1	0	0
48	0	0	0	0	0	0	0	1	0	0
48	0	0	0	0	0	0	0	1	0	0
48	0	0	0	0	0	0	0	1	0	0
48	0	0	0	0	0	0	0	1	0	0
48	0	0	0	0	0	0	0	1	0	0
48	0	0	0	0	0	0	0	1	0	0
48	0	0	0	0	0	0	0	1	0	0
48	0	0	0	0	0	0	0	1	0	0
48	0	0	0	0	0	0	0	1	0	0
48	0	0	0	0	0	0	0	1	0	0
48	0	0	0	0	0	0	0	1	0	0
48	0	0	0	0	0	0	0	1	0	0
48	0	0	0	0	0	0	0	1	0	0
48	0	0	0	0	0	0	0	1	0	0
48	0	0	0	0	0	0	0	1	0	0
48	0	0	0	0	0	0	0	1	0	0
48	0	0	0	0	0	0	0	1	0	0
48	0	0	0	0	0	0	0	1	0	0
48	0	0	0	0	0	0	0	1	0	0
48	0	0	0	0	0	0	0	1	0	0
48	0	0	0	0	0	0	0	1	0	0
48	0	0	0	0	0	0	0	1	0	0
48	0	0	0	0	0	0	0	1	0	0
48	0	0	0	0	0	0	0	1	0	0
48	0	0	0	0	0	0	0	1	0	0
48	0	0	0	0	0	0	0	1	0	0
48	0	0	0	0	0	0	0	1	0	0
48	0	0	0	0	0	0	0	1	0	0
48	0	0	0	0	0	0	0	1	0	0
48	0	0	0	0	0	0	0	1	0	0
48	0	0	0	0	0	0	0	1	0	0
48	0	0	0	0	0	0	0	1	0	0
48	0	0	0	0	0	0	0	1	0	0
48	0	0	0	0	0	0	0	1	0	0
48	0	0	0	0	0	0	0	1	0	0
48	0	0	0	0	0	0	0	1	0	0
48	0	0	0	0	0	0	0	1	0	0
48	0	0	0	0	0	0	0	1	0	0
48	0	0	0	0	0	0	0	1	0	0
48	0	0	0	0	0	0	0	1	0	0
48	0	0	0	0	0	0	0	1	0	0
48	0	0	0	0	0	0	0	1	0	0
48	0	0	0	0	0	0	0	1	0	0
48	0	0	0	0	0	0	0	1	0	0
48	0	0	0	0	0	0	0	1	0	0
48	0	0	0	0	0	0	0	1	0	0
48	0	0	0	0	0	0	0	1	0	0
48	0	0	0	0	0	0	0	1	0	0
48	0	0	0	0	0	0	0	1	0	0
48	0	0	0	0	0	0	0	1	0	0
48	0	0	0	0	0	0	0	1	0	0
48	0	0	0	0	0	0	0	1	0	0
48	0	0	0	0	0	0	0	1	0	0
48	0	0	0	0	0	0	0	1	0	0
48	0	0	0	0	0	0	0	1	0	0
48	0	0	0	0	0	0	0	1	0	0
48	0	0	0	0	0	0	0	1	0	0
48	0	0	0	0	0	0	0	1	0	0
48	0	0	0	0	0	0	0	1	0	0
48	0	0	0	0	0	0	0	1	0	0
48	0	0	0	0	0	0	0	1	0	0
48	0	0	0	0	0	0	0	1	0	0
48	0	0	0	0	0	0	0	1	0	0
48	0	0	0	0	0	0	0	1	0	0
48	0	0	0	0	0	0	0	1	0	0
48	0	0	0	0	0	0	0	1	0	0
48	0	0	0	0	0	0	0	1	0	0
48	0	0	0	0	0	0	0	1	0	0
48	0	0	0	0	0	0	0	1	0	0
48	0	0	0	0	0	0	0	1	0	0
48	0	0	0	0	0	0	0	1	0	0
47	0	0	0	0	0	0	0	1	0	0
47	0	0	0	0	0	0	0	1	0	0
47	0	0	0	0	0	0	0	1	0	0
47	0	0	0	0	0	0	0	1	0	0
47	0	0	0	0	0	0	0	1	0	0
47	0	0	0	0	0	0	0	1	0	0
47	0	0	0	0	0	0	0	1	0	0
47	0	0	0	0	0	0	0	1	0	0
47	0	0	0	0	0	0	0	1	0	0
47	0	0	0	0	0	0	0	1	0	0
47	0	0	0	0	0	0	0	1	0	0
47	0	0	0	0	0	0	0	1	0	0
47	0	0	0	0	0	0	0	1	0	0
47	0	0	0	0	0	0	0	1	0	0
47	0	0	0	0	0	0	0	1	0	0
47	0	0	0	0	0	0	0	1	0	0
47	0	0	0	0	0	0	0	1	0	0
47	0	0	0	0	0	0	0	1	0	0
47	0	0	0	0	0	0	0	1	0	0
47	0	0	0	0	0	0	0	1	0	0
47	0	0	0	0	0	0	0	1	0	0
47	0	0	0	0	0	0	0	1	0	0
47	0	0	0	0	0	0	0	1	0	0
47	0	0	0	0	0	0	0	1	0	0
47	0	0	0	0	0	0	0	1	0	0
47	0	0	0	0	0	0	0	1	0	0
47	0	0	0	0	0	0	0	1	0	0
47	0	0	0	0	0	0	0	1	0	0
47	0	0	0	0	0	0	0	1	0	0
47	0	0	0	0	0	0	0	1	0	0
47	0	0	0	0	0	0	0	1	0	0
47	0	0	0	0	0	0	0	1	0	0
47	0	0	0	0	0	0	0	1	0	0
47	0	0	0	0	0	0	0	1	0	0
47	0	0	0	0	0	0	0	1	0	0
47	0	0	0	0	0	0	0	1	0	0
47	0	0	0	0	0	0	0	1	0	0
47	0	0	0	0	0	0	0	1	0	0
47	0	0	0	0	0	0	0	1	0	0
47	0	0	0	0	0	0	0	1	0	0
47	0	0	0	0	0	0	0	1	0	0
47	0	0	0	0	0	0	0	1	0	0
47	0	0	0	0	0	0	0	1	0	0
47	0	0	0	0	0	0	0	1	0	0
47	0	0	0	0	0	0	0	1	0	0
47	0	0	0	0	0	0	0	1	0	0
47	0	0	0	0	0	0	0	1	0	0
47	0	0	0	0	0	0	0	1	0	0
47	0	0	0	0	0	0	0	1	0	0
47	0	0	0	0	0	0	0	1	0	0
47	0	0	0	0	0	0	0	1	0	0
47	0	0	0	0	0	0	0	1	0	0
47	0	0	0	0	0	0	0	1	0	0
47	0	0	0	0	0	0	0	1	0	0
47	0	0	0	0	0	0	0	1	0	0
47	0	0	0	0	0	0	0	1	0	0
47	0	0	0	0	0	0	0	1	0	0
47	0	0	0	0	0	0	0	1	0	0
47	0	0	0	0	0	0	0	1	0	0
47	0	0	0	0	0	0	0	1	0	0
47	0	0	0	0	0	0	0	1	0	0
47	0	0	0	0	0	0	0	1	0	0
47	0	0	0	0	0	0	0	1	0	0
47	0	0	0	0	0	0	0	1	0	0
47	0	0	0	0	0	0	0	1	0	0
47	0	0	0	0	0	0	0	1	0	0
47	0	0	0	0	0	0	0	1	0	0
47	0	0	0	0	0	0	0	1	0	0
47	0	0	0	0	0	0	0	1	0	0
0	0	0	0	0	0	0	0	0	0	0
0	0	0	0	0	0	0	0	0	0	0
0	0	0	0	0	0	0	0	0	0	0
47	0	0	1	2	0	0	0	1	0	0
47	0	0	1	2	0	0	0	1	0	0
47	0	0	1	2	0	0	0	1	0	0
47	0	0	0	1	0	0	0	1	0	0
47	0	0	0	1	0	0	0	1	0	0
47	0	0	0	1	0	0	0	1	0	0
47	0	0	0	0	0	0	0	1	0	0
47	0	0	0	0	0	0	0	1	0	0
47	0	0	0	0	0	0	0	1	0	0
47	0	0	0	0	0	0	0	1	0	0
47	0	0	0	0	0	0	0	1	0	0
47	0	0	0	0	0	0	0	1	0	0
47	0	0	0	0	0	0	0	1	0	0
47	0	0	0	0	0	0	0	1	0	0
47	0	0	0	0	0	0	0	1	0	0
47	0	0	0	0	0	0	0	1	0	0
47	0	0	0	0	0	0	0	1	0	0
47	0	0	0	0	0	0	0	1	0	0
47	0	0	0	0	0	0	0	1	0	0
47	0	0	0	0	0	0	0	1	0	0
47	0	0	0	0	0	0	0	1	0	0
47	0	0	0	0	0	0	0	1	0	0
53	0	0	0	0	0	0	0	1	0	0
53	0	0	0	0	0	0	0	1	0	0
53	0	0	0	0	0	0	0	1	0	0
53	0	0	0	0	0	0	0	1	0	0
53	0	0	0	0	0	0	0	1	0	0
53	0	0	0	0	0	0	0	1	0	0
53	0	0	1	0	0	0	0	1	0	0
53	0	0	1	0	0	0	0	1	0	0
53	0	0	1	0	0	0	0	1	0	0
53	0	0	1	0	0	0	0	1	0	0
53	0	0	1	0	0	0	0	1	0	0
53	0	0	1	0	0	0	0	1	0	0
53	0	0	0	0	0	0	0	1	0	0
53	0	0	0	0	0	0	0	1	0	0
53	0	0	0	0	0	0	0	1	0	0
53	0	0	0	0	0	0	0	1	0	0
53	0	0	0	0	0	0	0	1	0	0
53	0	0	0	0	0	0	0	1	0	0
53	0	0	0	0	0	0	0	1	0	0
53	0	0	0	0	0	0	0	1	0	0
53	0	0	0	0	0	0	0	1	0	0
53	0	0	0	0	0	0	0	1	0	0
53	0	0	0	0	0	0	0	1	0	0
53	0	0	0	0	0	0	0	1	0	0
53	0	0	0	0	0	0	0	1	0	0
53	0	0	0	0	0	0	0	1	0	0
53	0	0	0	0	0	0	0	1	0	0
53	0	0	0	0	0	0	0	1	0	0
53	0	0	0	0	0	0	0	1	0	0
53	0	0	0	0	0	0	0	1	0	0
53	0	0	0	0	0	0	0	1	0	0
53	0	0	0	0	0	0	0	1	0	0
53	0	0	0	0	0	0	0	1	0	0
53	0	0	0	0	0	0	0	1	0	0
53	0	0	0	-1	0	0	0	1	0	0
53	0	0	0	-1	0	0	0	1	0	0
53	0	0	0	-1	0	0	0	1	0	0
53	0	0	0	0	0	0	0	1	0	0
53	0	0	0	0	0	0	0	1	0	0
53	0	0	0	0	0	0	0	1	0	0
53	0	0	0	0	0	0	0	1	0	0
53	0	0	0	0	0	0	0	1	0	0
53	0	0	0	0	0	0	0	1	0	0
53	0	0	0	-1	0	0	0	1	0	0
53	0	0	0	-1	0	0	0	1	0	0
53	0	0	0	-1	0	0	0	1	0	0
53	0	0	0	0	0	0	0	1	0	0
53	0	0	0	0	0	0	0	1	0	0
53	0	0	0	0	0	0	0	1	0	0
60	0	0	0	0	0	0	0	1	0	0
60	0	0	0	0	0	0	0	1	0	0
60	0	0	0	0	0	0	0	1	0	0
60	0	0	0	0	0	0	0	1	0	0
60	0	0	0	-1	0	0	0	1	0	0
60	0	0	0	-1	0	0	0	1	0	0
60	0	0	0	0	0	0	0	1	0	0
60	0	0	0	0	0	0	0	1	0	0
60	0	0	0	0	0	0	0	1	0	0
60	0	0	0	0	0	0	0	1	0	0
60	0	0	0	0	0	0	0	1	0	0
60	0	0	0	0	0	0	0	1	0	0
60	0	0	0	0	0	0	0	1	0	0
60	0	0	0	0	0	0	0	1	0	0
60	0	0	0	0	0	0	0	1	0	0
60	0	0	0	0	0	0	0	1	0	0
60	0	0	0	0	0	0	0	1	0	0
60	0	0	0	0	0	0	0	1	0	0
60	0	0	0	0	0	0	0	1	0	0
60	0	0	0	0	0	0	0	1	0	0
60	0	0	0	0	0	0	0	1	0	0
60	0	0	0	0	0	0	0	1	0	0
60	0	0	0	0	0	0	0	2	0	0
60	0	0	0	0	0	0	0	2	0	0
60	0	0	0	0	0	0	0	2	0	0
60	0	0	-2	0	0	0	0	2	0	0
60	0	0	-2	0	0	0	0	2	0	0
60	0	0	-2	0	0	0	0	2	0	0
60	0	0	-2	1	0	0	0	2	0	0
60	0	0	-2	1	0	0	0	2	0	0
60	0	0	-2	1	0	0	0	2	0	0
60	0	0	-1	-2	0	0	0	2	0	0
60	0	0	-1	-2	0	0	0	2	0	0
60	0	0	-1	-2	0	0	0	2	0	0
60	0	0	0	0	0	0	0	1	0	0
60	0	0	0	0	0	0	0	1	0	0
60	0	0	0	0	0	0	0	1	0	0
60	0	0	0	3	0	0	0	1	0	0
60	0	0	0	3	0	0	0	1	0	0
60	0	0	0	3	0	0	0	1	0	0
60	0	0	0	1	0	0	0	1	0	0
60	0	0	0	1	0	0	0	1	0	0
60	0	0	0	1	0	0	0	1	0	0
60	0	0	0	0	0	0	0	1	0	0
60	0	0	0	0	0	0	0	1	0	0
60	0	0	0	0	0	0	0	1	0	0
60	0	0	0	0	0	0	0	1	0	0
60	0	0	0	0	0	0	0	1	0	0
60	0	0	0	0	0	0	0	1	0	0
60	0	0	0	0	0	0	0	1	0	0
60	0	0	-2	-1	0	0	0	1	0	0
60	0	0	-2	-1	0	0	0	1	0	0
60	0	0	-2	-1	0	0	0	1	0	0
60	0	0	-1	0	0	0	0	1	0	0
60	0	0	-1	0	0	0	0	1	0	0
60	0	0	-1	0	0	0	0	1	0	0
60	0	0	0	5	0	0	0	1	0	0
60	0	0	0	5	0	0	0	1	0	0
60	0	0	0	5	0	0	0	1	0	0
60	0	0	0	5	0	0	0	1	0	0
60	0	0	0	5	0	0	0	1	0	0
60	0	0	0	5	0	0	0	1	0	0
60	0	0	0	5	0	0	0	1	0	0
60	0	0	0	1	0	0	0	2	0	0
60	0	0	0	1	0	0	0	2	0	0
60	0	0	0	1	0	0	1	2	0	0
60	0	0	0	1	0	0	1	2	0	1
60	0	0	0	1	0	0	1	2	0	1
60	0	241	-4	11	0	0	1	14	0	1
60	0	241	-4	11	0	0	1	14	0	1
60	0	241	-4	11	0	0	1	14	0	1
60	0	243	-5	32	0	-1	2	13	0	1
60	0	243	-5	32	0	-1	2	13	0	2
60	0	243	-5	32	0	-1	2	13	0	3
60	0	243	-5	32	0	-1	2	13	-1	3
60	0	251	13	84	0	-1	4	13	-1	4
60	0	251	13	84	0	-1	4	13	0	6
60	0	251	13	84	0	-1	4	13	0	8
60	0	253	42	147	0	-1	5	14	0	9
60	0	253	42	147	0	-1	5	14	0	12
60	0	253	42	147	0	-1	5	14	1	16
60	0	256	53	194	0	0	4	14	2	19
60	0	256	53	194	0	0	4	14	3	23
60	0	256	53	194	0	0	4	14	4	27
60	0	293	-254	-9	0	0	3	14	5	31
60	0	293	-254	-9	0	0	3	14	0	31
60	0	293	-254	-9	0	0	3	14	-4	31
60	0	276	-154	-48	0	0	2	14	-10	30
60	0	276	-154	-48	0	0	2	14	-13	29
60	0	276	-154	-48	0	0	2	14	-16	28
60	0	297	8	-46	0	0	1	14	-19	27
60	0	297	8	-46	0	0	1	14	-19	26
60	0	297	8	-46	0	0	1	14	-19	25
60	0	297	8	-46	0	0	1	14	-19	24
60	0	297	8	-46	0	0	1	14	-19	23
60	0	297	8	-46	0	0	1	14	-19	22
60	0	297	8	-46	0	0	1	14	-18	21
60	0	307	20	-32	0	0	1	14	-18	20
60	0	307	20	-32	0	0	1	14	-18	20
52	0	383	41	-42	0	0	0	14	-17	19
52	0	383	41	-42	0	0	0	14	-16	18
52	0	383	41	-42	0	0	0	14	-16	17
52	0	383	41	-42	0	0	0	14	-15	16
52	0	430	39	-45	0	0	0	14	-14	16
52	0	430	39	-45	0	0	0	14	-13	15
52	0	430	39	-45	0	0	0	14	-12	14
52	0	480	26	-42	0	0	0	14	-11	13
52	0	480	26	-42	0	0	0	14	-11	12
52	0	480	26	-42	0	0	0	14	-10	11
52	0	529	10	-42	0	1	0	13	-10	10
52	0	529	10	-42	0	1	0	13	-9	9
52	0	529	10	-42	0	1	0	13	-9	8
52	0	566	0	-42	0	1	0	13	-9	7
52	0	566	0	-42	0	1	0	13	-9	6
52	0	566	0	-42	0	1	0	13	-9	6
52	0	600	-6	-43	0	1	0	13	-9	5
52	0	600	-6	-43	0	1	0	13	-9	4
52	0	600	-6	-43	0	1	0	13	-9	3
52	0	617	-9	-44	0	0	0	13	-9	2
52	0	617	-9	-44	0	0	0	13	-10	1
52	0	617	-9	-44	0	0	0	13	-10	0
52	0	629	-9	-46	0	0	0	13	-10	0
52	0	629	-9	-46	0	0	0	13	-10	-1
52	0	629	-9	-46	0	0	0	13	-10	-2
52	0	643	-10	-47	0	0	0	13	-11	-3
52	0	643	-10	-47	0	0	0	13	-11	-4
52	0	643	-10	-47	0	0	0	13	-11	-5
52	0	651	-10	-51	0	0	0	13	-11	-6
52	0	651	-10	-51	0	0	0	13	-11	-7
52	0	651	-10	-51	0	0	0	13	-12	-8
52	0	654	-9	-113	0	0	-2	13	-12	-9
52	0	654	-9	-113	0	0	-2	13	-12	-11
52	0	654	-9	-113	0	0	-2	13	-12	-14
52	0	661	-12	-162	0	0	-4	13	-13	-16
52	0	661	-12	-162	0	0	-4	13	-13	-20
52	0	661	-12	-162	0	0	-4	13	-13	-23
52	0	661	-12	-162	0	0	-4	13	-13	-26
52	0	663	-13	-207	0	0	-3	13	-14	-30
52	0	663	-13	-207	0	0	-3	13	-14	-34
52	0	670	-13	-214	0	0	0	13	-14	-39
52	0	670	-13	-214	0	0	0	13	-14	-43
52	0	670	-13	-214	0	0	0	13	-15	-48
52	0	670	-13	-214	0	0	0	13	-15	-52
42	0	678	-13	-192	0	0	2	13	-15	-57
42	0	678	-13	-192	0	0	2	13	-16	-61
42	0	678	-13	-192	0	0	2	13	-16	-65
42	0	679	-15	-155	0	0	3	13	-16	-69
42	0	679	-15	-155	0	0	3	13	-16	-72
42	0	679	-15	-155	0	0	3	13	-17	-75
42	0	678	-15	-111	0	0	3	13	-17	-78
42	0	678	-15	-111	0	0	3	13	-17	-81
42	0	678	-15	-111	0	0	3	13	-18	-83
42	0	680	-19	-97	0	0	0	13	-18	-85
42	0	680	-19	-97	0	0	0	13	-18	-87
42	0	680	-19	-97	0	0	0	13	-19	-90
42	0	680	-23	-137	0	0	-4	13	-19	-92
42	0	680	-23	-137	0	0	-4	13	-20	-94
42	0	680	-23	-137	0	0	-4	13	-20	-97
42	0	683	-28	-216	0	0	-7	13	-21	-100
42	0	683	-28	-216	0	0	-7	13	-21	-105
42	0	683	-28	-216	0	0	-7	13	-22	-109
42	0	687	-29	-312	0	0	-9	13	-23	-114
42	0	687	-29	-312	0	0	-9	13	-23	-120
42	0	687	-29	-312	0	0	-9	13	-24	-127
42	0	692	-31	-414	0	0	-9	13	-24	-134
42	0	692	-31	-414	0	0	-9	13	-25	-142
42	0	692	-31	-414	0	0	-9	13	-26	-151
42	0	692	-31	-414	0	0	-9	13	-26	-160
42	0	701	-32	-511	0	0	-9	13	-27	-168
42	0	701	-32	-511	0	0	-9	13	-28	-179
42	0	701	-32	-511	0	0	-9	13	-28	-190
42	0	700	-34	-582	0	0	-6	13	-29	-201
42	0	700	-34	-582	0	0	-6	13	-30	-213
42	0	700	-34	-582	0	0	-6	13	-31	-225
42	0	700	-36	-573	0	0	1	13	-31	-237
42	0	700	-36	-573	0	0	1	13	-32	-249
42	0	700	-36	-573	0	0	1	13	-33	-261
42	0	699	-33	-490	0	0	7	13	-34	-273
42	0	699	-33	-490	0	0	7	13	-34	-284
42	0	699	-33	-490	0	0	7	13	-35	-294
42	0	700	-21	-259	0	0	10	13	-36	-304
42	0	700	-21	-259	0	0	10	13	-36	-310
42	0	700	-21	-259	0	0	10	13	-37	-315
42	0	701	-4	13	0	0	10	13	-37	-321
42	0	701	-4	13	0	0	10	13	-37	-320
42	0	701	-4	13	0	0	10	13	-37	-320
42	0	704	-8	108	0	1	5	13	-37	-320
42	0	704	-8	108	0	1	5	13	-38	-318
42	0	704	-8	108	0	1	5	13	-38	-315
42	0	705	-35	134	0	2	1	11	-38	-313
42	0	705	-35	134	0	2	1	11	-39	-310
42	0	705	-35	134	0	2	1	11	-39	-307
42	0	705	-35	134	0	2	1	11	-40	-305
36	0	706	-77	121	0	3	-1	9	-41	-302
36	0	706	-77	121	0	3	-1	9	-43	-299
36	0	706	-119	94	0	3	-1	6	-44	-297
36	0	706	-119	94	0	3	-1	6	-47	-295
36	0	706	-119	94	0	3	-1	6	-49	-293
36	0	706	-119	94	0	3	-1	6	-52	-291
36	0	706	-155	73	0	3	0	2	-54	-289
36	0	706	-155	73	0	3	0	2	-57	-287
36	0	706	-155	73	0	3	0	2	-61	-286
36	0	699	-181	61	0	2	0	0	-64	-284
36	0	699	-181	61	0	2	0	0	-68	-283
36	0	699	-181	61	0	2	0	0	-72	-281
36	0	692	-199	57	0	1	0	-4	-75	-280
36	0	692	-199	57	0	1	0	-4	-80	-279
36	0	692	-199	57	0	1	0	-4	-84	-278
36	0	688	-205	64	0	0	1	-7	-88	-276
36	0	688	-205	64	0	0	1	-7	-92	-275
36	0	688	-205	64	0	0	1	-7	-97	-274
36	0	684	-196	72	0	0	1	-9	-101	-272
36	0	684	-196	72	0	0	1	-9	-105	-271
36	0	684	-196	72	0	0	1	-9	-109	-269
36	0	679	-171	79	0	-2	0	-11	-113	-268
36	0	679	-171	79	0	-2	0	-11	-117	-266
36	0	679	-171	79	0	-2	0	-11	-121	-264
36	0	673	-132	83	0	-3	0	-12	-124	-263
36	0	673	-132	83	0	-3	0	-12	-127	-261
36	0	673	-132	83	0	-3	0	-12	-130	-259
36	0	668	-86	85	0	-3	0	-12	-132	-258
36	0	668	-86	85	0	-3	0	-12	-134	-256
36	0	668	-86	85	0	-3	0	-12	-136	-254
36	0	663	-40	88	0	-3	0	-13	-138	-252
36	0	663	-40	88	0	-3	0	-13	-139	-250
36	0	663	-40	88	0	-3	0	-13	-140	-248
36	0	660	-2	87	0	-2	0	-14	-141	-247
36	0	660	-2	87	0	-2	0	-14	-141	-245
36	0	660	-2	87	0	-2	0	-14	-141	-243
36	0	660	-2	87	0	-2	0	-14	-141	-241
36	0	658	31	88	0	-2	0	-14	-141	-239
36	0	658	31	88	0	-2	0	-14	-140	-237
36	0	658	31	88	0	-2	0	-14	-139	-236
36	0	656	72	95	0	-4	0	-14	-139	-234
36	0	656	72	95	0	-4	0	-14	-137	-232
36	0	656	72	95	0	-4	0	-14	-136	-230
36	0	652	129	103	0	-5	0	-14	-134	-228
36	0	652	129	103	0	-5	0	-14	-131	-225
36	0	652	129	103	0	-5	0	-14	-129	-223
30	0	649	206	111	0	-7	0	-15	-126	-221
30	0	649	206	111	0	-7	0	-15	-122	-219
30	0	649	206	111	0	-7	0	-15	-117	-216
30	0	647	275	61	0	-7	0	-15	-113	-214
30	0	647	275	61	0	-7	0	-15	-107	-213
30	0	647	275	61	0	-7	0	-15	-101	-212
30	0	645	333	69	0	-4	0	-15	-96	-210
30	0	645	333	69	0	-4	0	-15	-89	-209
30	0	645	333	69	0	-4	0	-15	-82	-207
30	0	646	352	76	0	-1	0	-15	-75	-206
30	0	646	352	76	0	-1	0	-15	-67	-204
30	0	646	352	76	0	-1	0	-15	-60	-203
30	0	648	336	82	0	1	0	-15	-52	-201
30	0	648	336	82	0	1	0	-15	-45	-199
30	0	648	336	82	0	1	0	-15	-38	-198
30	0	654	290	85	0	4	0	-15	-31	-196
30	0	654	290	85	0	4	0	-15	-25	-194
30	0	654	290	85	0	4	0	-15	-19	-192
30	0	658	222	85	0	5	0	-15	-13	-190
30	0	658	222	85	0	5	0	-15	-8	-189
30	0	658	222	85	0	5	0	-15	-3	-187
30	0	658	222	85	0	5	0	-15	0	-185
30	0	662	143	82	0	6	0	-15	5	-183
30	0	662	143	82	0	6	0	-15	8	-182
30	0	662	143	82	0	6	0	-15	11	-180
30	0	667	71	79	0	5	0	-15	14	-178
30	0	667	71	79	0	5	0	-15	15	-176
30	0	667	71	79	0	5	0	-15	17	-175
30	0	668	18	77	0	4	0	-15	18	-173
30	0	668	18	77	0	4	0	-15	19	-171
30	0	668	18	77	0	4	0	-15	19	-170
30	0	668	-18	76	0	3	0	-15	20	-168
30	0	668	-18	76	0	3	0	-15	19	-167
30	0	668	-18	76	0	3	0	-15	19	-165
30	0	671	-40	75	0	1	0	-15	18	-163
30	0	671	-40	75	0	1	0	-15	18	-162
30	0	671	-40	75	0	1	0	-15	17	-160
30	0	670	-45	72	0	0	0	-15	16	-159
30	0	670	-45	72	0	0	0	-15	15	-157
30	0	670	-45	72	0	0	0	-15	14	-156
30	0	672	-47	71	0	0	0	-17	13	-154
30	0	672	-47	71	0	0	0	-17	12	-153
30	0	672	-47	71	0	0	0	-17	11	-151
30	0	673	-50	75	0	0	0	-18	10	-150
30	0	673	-50	75	0	0	0	-18	9	-148
30	0	673	-50	75	0	0	0	-18	8	-146
30	0	676	-55	89	0	0	0	-19	7	-145
30	0	676	-55	89	0	0	0	-19	6	-143
30	0	676	-55	89	0	0	0	-19	4	-141
26	0	676	-52	93	0	0	0	-20	3	-139
26	0	676	-52	93	0	0	0	-20	2	-137
26	0	676	-52	93	0	0	0	-20	1	-135
26	0	676	-52	93	0	0	0	-20	0	-133
26	0	675	-45	95	0	0	0	-23	0	-131
26	0	675	-45	95	0	0	0	-23	-1	-129
26	0	675	-45	95	0	0	0	-23	-2	-127
26	0	675	-36	100	0	0	0	-24	-3	-125
26	0	675	-36	100	0	0	0	-24	-4	-123
26	0	675	-36	100	0	0	0	-24	-5	-121
26	0	674	-24	99	0	-1	0	-25	-5	-119
26	0	674	-24	99	0	-1	0	-25	-6	-117
26	0	674	-24	99	0	-1	0	-25	-6	-115
26	0	671	-8	89	0	-1	-1	-26	-7	-113
26	0	671	-8	89	0	-1	-1	-26	-7	-111
26	0	671	-8	89	0	-1	-1	-26	-7	-109
26	0	666	7	75	0	-1	-1	-26	-7	-107
26	0	666	7	75	0	-1	-1	-26	-7	-105
26	0	666	7	75	0	-1	-1	-26	-7	-104
26	0	667	23	58	0	-1	-1	-27	-7	-102
26	0	667	23	58	0	-1	-1	-27	-6	-101
26	0	667	23	58	0	-1	-1	-27	-6	-100
26	0	667	23	58	0	-1	-1	-27	-5	-99
26	0	668	35	42	0	0	-1	-27	-5	-97
26	0	668	35	42	0	0	-1	-27	-4	-97
26	0	671	41	30	0	0	-1	-27	-3	-96
26	0	671	41	30	0	0	-1	-27	-2	-95
26	0	671	41	30	0	0	-1	-27	-2	-94
26	0	672	42	24	0	0	-1	-27	-1	-94
26	0	672	42	24	0	0	-1	-27	0	-93
26	0	672	42	24	0	0	-1	-27	0	-93
26	0	675	38	20	0	0	0	-28	1	-92
26	0	675	38	20	0	0	0	-28	2	-92
26	0	675	38	20	0	0	0	-28	3	-91
26	0	675	38	20	0	0	0	-28	3	-91
26	0	677	30	19	0	0	0	-28	4	-90
26	0	677	30	19	0	0	0	-28	5	-90
26	0	677	30	19	0	0	0	-28	5	-90
26	0	677	21	21	0	0	0	-28	6	-89
26	0	677	21	21	0	0	0	-28	7	-89
26	0	677	21	21	0	0	0	-28	7	-88
26	0	682	15	24	0	0	0	-28	7	-88
26	0	682	15	24	0	0	0	-28	8	-87
26	0	682	15	24	0	0	0	-28	8	-87
26	0	687	10	28	0	0	0	-28	8	-86
26	0	687	10	28	0	0	0	-28	9	-86
26	0	687	10	28	0	0	0	-28	9	-85
25	0	688	6	30	0	0	0	-28	9	-85
25	0	688	6	30	0	0	0	-28	9	-84
25	0	688	6	30	0	0	0	-28	9	-83
25	0	693	5	30	0	0	0	-28	10	-83
25	0	693	5	30	0	0	0	-28	10	-82
25	0	693	5	30	0	0	0	-28	10	-81
25	0	693	5	30	0	0	0	-28	10	-81
25	0	695	4	30	0	0	0	-27	10	-80
25	0	695	4	30	0	0	0	-27	10	-80
25	0	700	3	29	0	0	0	-27	10	-79
25	0	700	3	29	0	0	0	-27	10	-78
25	0	700	3	29	0	0	0	-27	10	-78
25	0	706	4	27	0	0	0	-27	10	-77
25	0	706	4	27	0	0	0	-27	11	-76
25	0	706	4	27	0	0	0	-27	11	-76
25	0	711	5	22	0	0	0	-27	11	-75
25	0	711	5	22	0	0	0	-27	11	-75
25	0	711	5	22	0	0	0	-27	11	-74
25	0	711	5	22	0	0	0	-27	11	-74
25	0	717	2	19	0	0	-1	-27	11	-73
25	0	717	2	19	0	0	-1	-27	11	-73
25	0	717	2	19	0	0	-1	-27	11	-73
25	0	722	-1	16	0	0	-1	-27	11	-72
25	0	722	-1	16	0	0	-1	-27	11	-72
25	0	722	-1	16	0	0	-1	-27	11	-72
25	0	729	-3	10	0	0	-1	-27	11	-71
25	0	729	-3	10	0	0	-1	-27	11	-71
25	0	729	-3	10	0	0	-1	-27	11	-71
25	0	733	-6	5	0	0	-1	-27	11	-71
25	0	733	-6	5	0	0	-1	-27	11	-70
25	0	733	-6	5	0	0	-1	-27	11	-70
25	0	737	-9	0	0	0	-1	-27	11	-70
25	0	737	-9	0	0	0	-1	-27	10	-70
25	0	737	-9	0	0	0	-1	-27	10	-70
25	0	744	-10	-5	0	0	-1	-27	10	-70
25	0	744	-10	-5	0	0	-1	-27	10	-70
25	0	744	-10	-5	0	0	-1	-27	10	-70
25	0	747	-10	-9	0	0	-1	-27	9	-70
25	0	747	-10	-9	0	0	-1	-27	9	-71
25	0	747	-10	-9	0	0	-1	-27	9	-71
25	0	755	-10	-11	0	0	0	-27	9	-71
25	0	755	-10	-11	0	0	0	-27	9	-71
25	0	755	-10	-11	0	0	0	-27	8	-72
25	0	755	-10	-12	0	0	0	-27	8	-72
25	0	755	-10	-12	0	0	0	-27	8	-72
25	0	755	-10	-12	0	0	0	-27	8	-72
25	0	755	-9	-15	0	0	0	-27	7	-73
25	0	755	-9	-15	0	0	0	-27	7	-73
25	0	755	-9	-15	0	0	0	-27	7	-73
25	0	755	-9	-15	0	0	0	-27	7	-74
23	0	755	-9	-16	0	0	0	-27	7	-74
23	0	755	-9	-16	0	0	0	-27	6	-74
23	0	756	-8	-17	0	0	0	-27	6	-75
23	0	756	-8	-17	0	0	0	-27	6	-75
23	0	756	-8	-17	0	0	0	-27	6	-75
23	0	756	-8	-17	0	0	0	-27	6	-76
23	0	757	-8	-15	0	0	0	-27	5	-76
23	0	757	-8	-15	0	0	0	-27	5	-76
23	0	757	-8	-15	0	0	0	-27	5	-77
23	0	761	-10	-12	0	0	0	-27	5	-77
23	0	761	-10	-12	0	0	0	-27	5	-77
23	0	761	-10	-12	0	0	0	-27	5	-78
23	0	762	-13	-9	0	0	0	-27	4	-78
23	0	762	-13	-9	0	0	0	-27	4	-78
23	0	762	-13	-9	0	0	0	-27	4	-78
23	0	764	-14	-6	0	0	0	-27	3	-78
23	0	764	-14	-6	0	0	0	-27	3	-79
23	0	764	-14	-6	0	0	0	-27	3	-79
23	0	762	-17	-1	0	0	0	-27	3	-79
23	0	762	-17	-1	0	0	0	-27	2	-79
23	0	762	-17	-1	0	0	0	-27	2	-79
23	0	761	-21	1	0	0	0	-27	1	-79
23	0	761	-21	1	0	0	0	-27	1	-79
23	0	761	-21	1	0	0	0	-27	1	-79
23	0	763	-26	6	0	0	0	-27	0	-79
23	0	763	-26	6	0	0	0	-27	0	-79
23	0	763	-26	6	0	0	0	-27	0	-79
23	0	763	-26	6	0	0	0	-27	-1	-78
23	0	762	-28	12	0	0	0	-27	-1	-78
23	0	762	-28	12	0	0	0	-27	-2	-78
23	0	761	-29	21	0	0	0	-27	-2	-78
23	0	761	-29	21	0	0	0	-27	-3	-77
23	0	761	-29	21	0	0	0	-27	-4	-77
23	0	761	-29	21	0	0	0	-27	-4	-76
23	0	758	-28	27	0	0	0	-27	-5	-76
23	0	758	-28	27	0	0	0	-27	-5	-75
23	0	758	-28	27	0	0	0	-27	-6	-75
23	0	757	-24	28	0	0	0	-28	-7	-74
23	0	757	-24	28	0	0	0	-28	-7	-74
23	0	757	-24	28	0	0	0	-28	-8	-73
23	0	753	-19	29	0	0	0	-28	-8	-72
23	0	753	-19	29	0	0	0	-28	-9	-72
23	0	753	-19	29	0	0	0	-28	-9	-71
23	0	753	-10	25	0	0	0	-28	-9	-71
23	0	753	-10	25	0	0	0	-28	-10	-70
23	0	753	-10	25	0	0	0	-28	-10	-69
22	0	752	-1	22	0	0	0	-28	-10	-69
22	0	752	-1	22	0	0	0	-28	-10	-68
22	0	752	-1	22	0	0	0	-28	-10	-68
22	0	749	7	22	0	0	0	-28	-10	-67
22	0	749	7	22	0	0	0	-28	-10	-67
22	0	748	16	22	0	0	0	-27	-10	-67
22	0	748	16	22	0	0	0	-27	-9	-66
22	0	748	16	22	0	0	0	-27	-9	-65
22	0	742	22	26	0	0	0	-25	-9	-65
22	0	742	22	26	0	0	0	-25	-8	-64
22	0	742	22	26	0	0	0	-25	-7	-64
22	0	739	29	35	0	0	0	-22	-7	-63
22	0	739	29	35	0	0	0	-22	-6	-62
22	0	739	29	35	0	0	0	-22	-6	-62
22	0	738	38	51	0	0	1	-18	-5	-61
22	0	738	38	51	0	0	1	-18	-4	-60
22	0	738	38	51	0	0	1	-18	-4	-59
22	0	730	50	69	0	0	1	-14	-3	-58
22	0	730	50	69	0	0	1	-14	-2	-56
22	0	730	50	69	0	0	1	-14	-1	-55
22	0	725	61	76	0	0	0	-10	0	-53
22	0	725	61	76	0	0	0	-10	1	-51
22	0	725	61	76	0	0	0	-10	2	-50
22	0	718	66	77	0	0	0	-6	3	-48
22	0	718	66	77	0	0	0	-6	5	-47
22	0	718	66	77	0	0	0	-6	6	-45
22	0	718	66	77	0	0	0	-6	8	-43
22	0	714	69	72	0	0	0	-2	9	-42
22	0	714	69	72	0	0	0	-2	11	-40
22	0	714	69	72	0	0	0	-2	12	-38
22	0	714	69	66	0	0	0	1	14	-37
22	0	714	69	66	0	0	0	1	15	-36
22	0	714	69	66	0	0	0	1	17	-34
22	0	713	63	62	0	1	0	4	18	-33
22	0	713	63	62	0	1	0	4	19	-31
22	0	713	63	62	0	1	0	4	21	-30
22	0	717	41	77	0	2	1	6	22	-29
22	0	717	41	77	0	2	1	6	23	-27
22	0	717	41	77	0	2	1	6	24	-25
22	0	715	5	101	0	3	2	8	25	-24
22	0	715	5	101	0	3	2	8	25	-22
22	0	710	-33	130	0	3	2	9	25	-19
22	0	710	-33	130	0	3	2	9	24	-17
22	0	710	-33	130	0	3	2	9	23	-14
22	0	710	-33	130	0	3	2	9	23	-11
22	0	706	-73	158	0	3	2	10	22	-8
22	0	706	-73	158	0	3	2	10	20	-5
22	0	706	-73	158	0	3	2	10	19	-2
21	0	703	-113	185	0	3	2	10	17	1
21	0	703	-113	185	0	3	2	10	15	4
21	0	703	-113	185	0	3	2	10	13	8
21	0	701	-150	207	0	3	2	10	10	12
21	0	701	-150	207	0	3	2	10	6	18
21	0	701	-150	207	0	3	2	10	3	22
21	0	697	-182	226	0	3	2	10	0	26
21	0	697	-182	226	0	3	2	10	-3	31
21	0	697	-182	226	0	3	2	10	-7	36
21	0	693	-207	239	0	2	1	9	-10	41
21	0	693	-207	239	0	2	1	9	-15	46
21	0	693	-207	239	0	2	1	9	-19	51
21	0	687	-222	241	0	1	0	8	-23	56
21	0	687	-222	241	0	1	0	8	-28	61
21	0	687	-222	241	0	1	0	8	-33	66
21	0	686	-227	234	0	0	0	7	-37	71
21	0	686	-227	234	0	0	0	7	-42	76
21	0	686	-227	234	0	0	0	7	-47	81
21	0	677	-224	220	0	0	0	6	-52	86
21	0	677	-224	220	0	0	0	6	-57	91
21	0	677	-224	220	0	0	0	6	-61	95
21	0	677	-224	220	0	0	0	6	-66	100
21	0	676	-213	196	0	-1	-1	5	-71	105
21	0	676	-213	196	0	-1	-1	5	-75	109
21	0	671	-198	167	0	-1	-1	3	-80	113
21	0	671	-198	167	0	-1	-1	3	-84	116
21	0	671	-198	167	0	-1	-1	3	-88	120
21	0	671	-198	167	0	-1	-1	3	-92	123
21	0	667	-182	134	0	-1	-1	1	-96	127
21	0	667	-182	134	0	-1	-1	1	-100	130
21	0	667	-182	134	0	-1	-1	1	-104	133
21	0	669	-167	100	0	0	-1	0	-108	135
21	0	669	-167	100	0	0	-1	0	-111	137
21	0	669	-167	100	0	0	-1	0	-115	140
21	0	672	-159	73	0	0	-1	0	-118	142
21	0	672	-159	73	0	0	-1	0	-122	143
21	0	672	-159	73	0	0	-1	0	-125	145
21	0	676	-148	44	0	0	-1	-1	-129	146
21	0	676	-148	44	0	0	-1	-1	-132	147
21	0	676	-148	44	0	0	-1	-1	-135	148
21	0	681	-133	19	0	-1	-1	-2	-138	149
21	0	681	-133	19	0	-1	-1	-2	-141	150
21	0	681	-133	19	0	-1	-1	-2	-144	150
21	0	686	-119	-2	0	-1	-1	-2	-146	150
21	0	686	-119	-2	0	-1	-1	-2	-149	150
21	0	686	-119	-2	0	-1	-1	-2	-151	150
19	0	695	-92	21	0	-1	-1	-1	-154	150
19	0	695	-92	21	0	-1	-1	-1	-156	151
19	0	695	-92	21	0	-1	-1	-1	-158	151
19	0	703	-17	288	0	-1	-1	-1	-160	152
19	0	703	-17	288	0	-1	-1	-1	-160	158
19	0	703	-17	288	0	-1	-1	-1	-161	164
19	0	712	39	335	0	-1	-1	0	-161	170
19	0	712	39	335	0	-1	-1	0	-160	177
19	0	712	39	335	0	-1	-1	0	-159	184
19	0	712	39	335	0	-1	-1	0	-158	191
19	0	721	110	345	0	0	-1	0	-158	198
19	0	721	110	345	0	0	-1	0	-155	205
19	0	721	110	345	0	0	-1	0	-153	212
19	0	730	96	356	0	0	-1	0	-151	220
19	0	730	96	356	0	0	-1	0	-149	228
19	0	730	96	356	0	0	-1	0	-147	235
19	0	737	116	399	0	0	-1	0	-145	242
19	0	737	116	399	0	0	-1	0	-142	251
19	0	737	116	399	0	0	-1	0	-140	259
19	0	744	207	338	0	0	-1	1	-137	267
19	0	744	207	338	0	0	-1	1	-133	274
19	0	744	207	338	0	0	-1	1	-129	282
19	0	750	276	171	0	0	0	3	-124	289
19	0	750	276	171	0	0	0	3	-118	292
19	0	750	276	171	0	0	0	3	-113	296
19	0	754	314	161	0	1	0	5	-107	300
19	0	754	314	161	0	1	0	5	-100	303
19	0	754	314	161	0	1	0	5	-94	306
19	0	758	315	174	0	2	1	7	-87	310
19	0	758	315	174	0	2	1	7	-80	313
19	0	758	315	174	0	2	1	7	-73	317
19	0	762	281	226	0	3	1	8	-67	321
19	0	762	281	226	0	3	1	8	-61	326
19	0	762	281	226	0	3	1	8	-55	331
19	0	766	266	241	0	3	1	8	-49	335
19	0	766	266	241	0	3	1	8	-43	340
19	0	766	266	241	0	3	1	8	-38	346
19	0	768	246	243	0	2	0	7	-32	351
19	0	768	246	243	0	2	0	7	-27	356
19	0	768	246	243	0	2	0	7	-22	361
19	0	765	235	258	0	1	0	7	-16	366
19	0	765	235	258	0	1	0	7	-11	371
19	0	765	235	258	0	1	0	7	-6	377
19	0	765	235	258	0	1	0	7	-1	383
19	0	766	208	261	0	0	0	5	3	388
19	0	766	208	261	0	0	0	5	7	393
17	0	765	203	266	0	0	-1	4	11	399
17	0	765	203	266	0	0	-1	4	15	404
17	0	765	203	266	0	0	-1	4	20	410
17	0	765	203	266	0	0	-1	4	24	416
17	0	764	203	262	0	0	-1	1	28	421
17	0	764	203	262	0	0	-1	1	33	427
17	0	764	203	262	0	0	-1	1	37	432
17	0	764	198	253	0	0	-1	0	41	438
17	0	764	198	253	0	0	-1	0	45	443
17	0	764	198	253	0	0	-1	0	49	448
17	0	764	202	229	0	0	-1	-1	54	454
17	0	764	202	229	0	0	-1	-1	58	458
17	0	764	202	229	0	0	-1	-1	63	464
17	0	764	205	193	0	0	-1	-2	67	469
17	0	764	205	193	0	0	-1	-2	71	473
17	0	764	205	193	0	0	-1	-2	75	477
17	0	764	197	162	0	0	-1	-2	80	481
17	0	764	197	162	0	0	-1	-2	84	484
17	0	764	197	162	0	0	-1	-2	88	488
17	0	766	206	124	0	0	-1	-2	92	491
17	0	766	206	124	0	0	-1	-2	97	494
17	0	766	206	124	0	0	-1	-2	101	496
17	0	768	199	95	0	0	-1	-2	105	499
17	0	768	199	95	0	0	-1	-2	110	501
17	0	768	199	95	0	0	-1	-2	114	503
17	0	768	208	81	0	0	0	-1	118	505
17	0	768	208	81	0	0	0	-1	123	507
17	0	768	208	81	0	0	0	-1	127	509
17	0	771	218	62	0	0	0	-1	131	510
17	0	771	218	62	0	0	0	-1	136	512
17	0	771	218	62	0	0	0	-1	140	513
17	0	772	228	58	0	0	0	0	145	514
17	0	772	228	58	0	0	0	0	150	515
17	0	772	228	58	0	0	0	0	155	517
17	0	772	237	53	0	0	0	0	159	518
17	0	772	237	53	0	0	0	0	164	519
17	0	772	237	53	0	0	0	0	169	520
17	0	772	237	53	0	0	0	0	174	521
17	0	771	231	59	0	0	0	0	179	522
17	0	771	231	59	0	0	0	0	184	524
17	0	771	231	59	0	0	0	0	189	525
17	0	771	218	47	0	0	0	0	194	526
17	0	771	218	47	0	0	0	0	199	527
17	0	771	218	47	0	0	0	0	203	528
17	0	771	236	33	0	0	0	1	208	529
17	0	771	236	33	0	0	0	1	213	530
17	0	771	236	33	0	0	0	1	218	530
17	0	773	241	60	0	0	0	1	223	531
17	0	773	241	60	0	0	0	1	228	532
14	0	776	231	63	0	0	0	1	233	534
14	0	776	231	63	0	0	0	1	238	535
14	0	776	231	63	0	0	0	1	243	536
14	0	776	231	63	0	0	0	1	248	538
14	0	776	216	56	0	0	0	0	253	539
14	0	776	216	56	0	0	0	0	257	540
14	0	776	216	56	0	0	0	0	262	541
14	0	777	221	48	0	0	0	0	266	543
14	0	777	221	48	0	0	0	0	271	544
14	0	777	221	48	0	0	0	0	276	545
14	0	780	226	21	0	0	0	0	280	546
14	0	780	226	21	0	0	0	0	285	546
14	0	780	226	21	0	0	0	0	290	547
14	0	782	236	23	0	0	0	0	295	547
14	0	782	236	23	0	0	0	0	300	548
14	0	782	236	23	0	0	0	0	304	548
14	0	782	240	39	0	0	0	-1	309	549
14	0	782	240	39	0	0	0	-1	315	549
14	0	782	240	39	0	0	0	-1	320	550
14	0	784	254	13	0	0	0	-1	325	551
14	0	784	254	13	0	0	0	-1	330	551
14	0	784	254	13	0	0	0	-1	335	552
14	0	786	232	-6	0	0	0	-1	340	552
14	0	786	232	-6	0	0	0	-1	345	552
14	0	786	232	-6	0	0	0	-1	351	552
14	0	786	232	-6	0	0	0	-1	355	552
14	0	787	247	-26	0	0	0	0	360	551
14	0	787	247	-26	0	0	0	0	365	551
14	0	787	247	-26	0	0	0	0	371	550
14	0	796	236	-35	0	0	0	0	376	550
14	0	796	236	-35	0	0	0	0	381	549
14	0	796	236	-35	0	0	0	0	386	548
14	0	796	226	-41	0	0	0	0	391	547
14	0	796	226	-41	0	0	0	0	395	547
14	0	796	226	-41	0	0	0	0	400	546
14	0	797	218	-44	0	0	0	0	405	545
14	0	797	218	-44	0	0	0	0	409	544
14	0	797	218	-44	0	0	0	0	414	543
14	0	799	210	-48	0	0	0	1	419	542
14	0	799	210	-48	0	0	0	1	423	541
14	0	799	210	-48	0	0	0	1	428	540
14	0	805	201	-49	0	0	0	1	432	539
14	0	805	201	-49	0	0	0	1	436	538
14	0	805	201	-49	0	0	0	1	440	537
14	0	806	190	-45	0	0	0	1	445	536
14	0	806	190	-45	0	0	0	1	449	535
14	0	806	190	-45	0	0	0	1	453	534
13	0	808	177	-41	0	0	0	0	457	533
13	0	808	177	-41	0	0	0	0	460	532
13	0	808	177	-41	0	0	0	0	464	531
13	0	808	177	-41	0	0	0	0	468	530
13	0	808	164	-41	0	0	0	0	472	530
13	0	808	164	-41	0	0	0	0	475	529
13	0	808	164	-41	0	0	0	0	479	528
13	0	808	155	-43	0	0	0	0	482	527
13	0	808	155	-43	0	0	0	0	485	526
13	0	808	155	-43	0	0	0	0	488	525
13	0	806	150	-43	0	0	0	0	492	524
13	0	806	150	-43	0	0	0	0	495	523
13	0	806	150	-43	0	0	0	0	498	522
13	0	805	143	-42	0	0	0	-1	501	521
13	0	805	143	-42	0	0	0	-1	504	520
13	0	805	143	-42	0	0	0	-1	507	520
13	0	806	137	-43	0	0	0	-1	510	519
13	0	806	137	-43	0	0	0	-1	513	518
13	0	806	137	-43	0	0	0	-1	516	517
13	0	805	128	-45	0	0	0	-1	519	516
13	0	805	128	-45	0	0	0	-1	522	515
13	0	805	128	-45	0	0	0	-1	524	514
13	0	804	117	-45	0	0	0	-1	527	513
13	0	804	117	-45	0	0	0	-1	530	512
13	0	804	117	-45	0	0	0	-1	532	511
13	0	801	108	-50	0	0	0	0	535	510
13	0	801	108	-50	0	0	0	0	537	509
13	0	801	108	-50	0	0	0	0	539	508
13	0	801	99	-55	0	0	0	0	541	507
13	0	801	99	-55	0	0	0	0	543	506
13	0	801	99	-55	0	0	0	0	546	505
13	0	801	90	-58	0	0	0	0	548	503
13	0	801	90	-58	0	0	0	0	550	502
13	0	801	90	-58	0	0	0	0	551	501
13	0	801	90	-58	0	0	0	0	553	500
13	0	800	85	-60	0	0	0	0	555	499
13	0	800	85	-60	0	0	0	0	557	497
13	0	803	79	-59	0	0	0	1	559	496
13	0	803	79	-59	0	0	0	1	561	494
13	0	803	79	-59	0	0	0	1	563	493
13	0	801	74	-55	0	0	0	1	565	492
13	0	801	74	-55	0	0	0	1	566	491
13	0	801	74	-55	0	0	0	1	568	489
13	0	798	70	-46	0	0	0	1	569	488
13	0	798	70	-46	0	0	0	1	571	487
13	0	798	70	-46	0	0	0	1	572	486
13	0	795	66	-37	0	0	0	1	574	485
13	0	795	66	-37	0	0	0	1	575	485
13	0	795	66	-37	0	0	0	1	577	484
13	0	793	62	-31	0	0	0	0	578	483
13	0	793	62	-31	0	0	0	0	579	482
13	0	793	62	-31	0	0	0	0	581	482
13	0	793	62	-31	0	0	0	0	582	481
13	0	790	60	-25	0	0	0	0	583	480
13	0	790	60	-25	0	0	0	0	585	480
13	0	790	60	-25	0	0	0	0	586	479
13	0	790	59	-18	0	0	0	0	587	479
13	0	790	59	-18	0	0	0	0	588	478
13	0	790	59	-18	0	0	0	0	590	478
13	0	787	60	-12	0	0	0	0	591	478
13	0	787	60	-12	0	0	0	0	592	477
13	0	787	60	-12	0	0	0	0	593	477
13	0	786	62	-5	0	0	0	-1	595	477
13	0	786	62	-5	0	0	0	-1	596	477
13	0	786	62	-5	0	0	0	-1	597	477
13	0	783	65	0	0	0	0	-1	599	476
13	0	783	65	0	0	0	0	-1	600	476
13	0	783	65	0	0	0	0	-1	601	476
13	0	781	66	2	0	0	0	-1	603	476
13	0	781	66	2	0	0	0	-1	604	476
13	0	781	66	2	0	0	0	-1	606	476
13	0	780	65	5	0	0	0	-1	607	477
13	0	780	65	5	0	0	0	-1	608	477
13	0	780	65	5	0	0	0	-1	610	477
13	0	776	66	7	0	0	0	0	611	477
13	0	776	66	7	0	0	0	0	613	477
13	0	776	66	7	0	0	0	0	614	477
13	0	778	67	9	0	0	0	0	616	477
13	0	778	67	9	0	0	0	0	617	478
13	0	778	67	9	0	0	0	0	618	478
13	0	783	68	10	0	0	0	0	620	478
13	0	783	68	10	0	0	0	0	621	478
13	0	783	68	10	0	0	0	0	623	478
13	0	782	70	11	0	0	0	0	624	479
13	0	782	70	11	0	0	0	0	626	479
13	0	782	70	11	0	0	0	0	627	479
13	0	782	70	11	0	0	0	0	629	479
13	0	779	69	13	0	0	0	1	630	480
13	0	779	69	13	0	0	0	1	632	480
13	0	775	69	13	0	0	0	1	633	480
13	0	775	69	13	0	0	0	1	634	481
13	0	775	69	13	0	0	0	1	636	481
13	0	775	69	13	0	0	0	1	637	481
13	0	780	65	14	0	0	0	1	639	481
13	0	780	65	14	0	0	0	1	640	482
13	0	780	65	14	0	0	0	1	642	482
12	0	777	64	15	0	0	0	1	643	482
12	0	777	64	15	0	0	0	1	644	483
12	0	777	64	15	0	0	0	1	646	483
12	0	774	61	18	0	0	0	0	647	483
12	0	774	61	18	0	0	0	0	648	484
12	0	774	61	18	0	0	0	0	650	484
12	0	777	58	18	0	0	0	0	651	485
12	0	777	58	18	0	0	0	0	652	485
12	0	777	58	18	0	0	0	0	653	485
12	0	784	54	20	0	0	0	0	655	486
12	0	784	54	20	0	0	0	0	656	486
12	0	784	54	20	0	0	0	0	657	487
12	0	782	49	23	0	0	0	0	658	487
12	0	782	49	23	0	0	0	0	659	487
12	0	782	49	23	0	0	0	0	660	488
12	0	779	47	25	0	0	0	-1	661	488
12	0	779	47	25	0	0	0	-1	662	489
12	0	779	47	25	0	0	0	-1	663	490
12	0	777	45	24	0	0	0	-1	664	490
12	0	777	45	24	0	0	0	-1	665	491
12	0	777	45	24	0	0	0	-1	666	491
12	0	775	42	20	0	0	0	-1	667	492
12	0	775	42	20	0	0	0	-1	668	492
12	0	775	42	20	0	0	0	-1	669	492
12	0	775	39	16	0	0	0	-1	670	493
12	0	775	39	16	0	0	0	-1	671	493
12	0	775	39	16	0	0	0	-1	671	494
12	0	774	35	15	0	0	0	0	672	494
12	0	774	35	15	0	0	0	0	673	494
12	0	774	35	15	0	0	0	0	674	495
12	0	774	35	15	0	0	0	0	674	495
12	0	772	31	15	0	0	0	0	675	495
12	0	772	31	15	0	0	0	0	676	496
12	0	772	31	15	0	0	0	0	677	496
12	0	769	33	14	0	0	0	0	677	496
12	0	769	33	14	0	0	0	0	678	497
12	0	769	33	14	0	0	0	0	679	497
12	0	767	37	13	0	0	0	0	679	497
12	0	767	37	13	0	0	0	0	680	497
12	0	767	37	13	0	0	0	0	681	498
12	0	765	42	11	0	0	0	1	682	498
12	0	765	42	11	0	0	0	1	683	498
12	0	765	42	11	0	0	0	1	684	499
12	0	764	47	7	0	0	0	1	685	499
12	0	764	47	7	0	0	0	1	686	499
12	0	767	48	4	0	0	0	1	687	499
12	0	767	48	4	0	0	0	1	688	499
12	0	767	48	4	0	0	0	1	689	499
12	0	767	48	4	0	0	0	1	690	499
12	0	765	51	3	0	0	0	1	691	500
12	0	765	51	3	0	0	0	1	692	500
12	0	765	53	1	0	0	0	0	693	500
12	0	765	53	1	0	0	0	0	694	500
12	0	765	53	1	0	0	0	0	695	500
12	0	765	53	1	0	0	0	0	697	500
12	0	761	54	0	0	0	0	0	698	500
12	0	761	54	0	0	0	0	0	699	500
12	0	761	54	0	0	0	0	0	700	500
12	0	760	55	0	0	0	0	0	701	500
12	0	760	55	0	0	0	0	0	702	500
12	0	760	55	0	0	0	0	0	704	500
12	0	758	55	0	0	0	0	-1	705	500
12	0	758	55	0	0	0	0	-1	706	500
12	0	758	55	0	0	0	0	-1	707	500
12	0	758	54	-1	0	0	0	-1	708	500
12	0	758	54	-1	0	0	0	-1	709	500
12	0	758	54	-1	0	0	0	-1	710	500
12	0	753	50	-3	0	0	0	-1	712	500
12	0	753	50	-3	0	0	0	-1	713	500
12	0	753	50	-3	0	0	0	-1	714	500
12	0	755	49	-5	0	0	0	-1	715	499
12	0	755	49	-5	0	0	0	-1	716	499
12	0	755	49	-5	0	0	0	-1	717	499
12	0	752	46	-4	0	0	0	-1	718	499
12	0	752	46	-4	0	0	0	-1	719	499
12	0	752	46	-4	0	0	0	-1	720	499
12	0	750	38	1	0	0	0	-3	721	499
12	0	750	38	1	0	0	0	-3	722	499
12	0	750	38	1	0	0	0	-3	722	499
12	0	750	38	1	0	0	0	-3	723	499
12	0	749	15	19	0	2	2	-5	724	499
12	0	749	15	19	0	2	2	-5	725	499
12	0	744	-17	45	0	3	2	-8	725	500
12	0	744	-17	45	0	3	2	-8	724	501
12	0	744	-17	45	0	3	2	-8	724	502
12	0	744	-17	45	0	3	2	-8	724	503
12	0	738	-58	74	0	3	3	-11	723	504
12	0	738	-58	74	0	3	3	-11	722	505
12	0	738	-58	74	0	3	3	-11	721	507
12	0	730	-101	99	0	3	3	-14	720	508
12	0	730	-101	99	0	3	3	-14	717	511
12	0	730	-101	99	0	3	3	-14	715	513
12	0	724	-143	121	0	2	2	-18	713	515
12	0	724	-143	121	0	2	2	-18	709	518
11	0	714	-168	135	0	1	1	-20	706	521
11	0	714	-168	135	0	1	1	-20	703	523
11	0	714	-168	135	0	1	1	-20	699	526
11	0	714	-168	135	0	1	1	-20	696	529
11	0	702	-168	125	0	-1	-1	-22	692	532
11	0	702	-168	125	0	-1	-1	-22	689	535
11	0	702	-168	125	0	-1	-1	-22	685	537
11	0	694	-134	93	0	-3	-2	-23	682	540
11	0	694	-134	93	0	-3	-2	-23	679	542
11	0	694	-134	93	0	-3	-2	-23	676	544
11	0	684	-81	57	0	-4	-2	-24	673	546
11	0	684	-81	57	0	-4	-2	-24	671	547
11	0	684	-81	57	0	-4	-2	-24	670	548
11	0	680	-16	24	0	-5	-2	-24	668	550
11	0	680	-16	24	0	-5	-2	-24	667	550
11	0	680	-16	24	0	-5	-2	-24	667	551
11	0	677	43	-1	0	-4	-1	-25	667	551
11	0	677	43	-1	0	-4	-1	-25	668	551
11	0	677	43	-1	0	-4	-1	-25	669	551
11	0	679	92	-16	0	-3	-1	-25	669	551
11	0	679	92	-16	0	-3	-1	-25	671	551
11	0	679	92	-16	0	-3	-1	-25	673	550
11	0	685	124	-25	0	-2	0	-26	675	550
11	0	685	124	-25	0	-2	0	-26	678	550
11	0	685	124	-25	0	-2	0	-26	681	549
11	0	694	141	-24	0	-1	0	-26	683	548
11	0	694	141	-24	0	-1	0	-26	686	548
11	0	694	141	-24	0	-1	0	-26	689	547
11	0	701	143	-14	0	0	0	-27	692	547
11	0	701	143	-14	0	0	0	-27	695	547
11	0	701	143	-14	0	0	0	-27	698	546
11	0	710	127	14	0	1	2	-29	701	546
11	0	710	127	14	0	1	2	-29	704	546
11	0	710	127	14	0	1	2	-29	707	547
11	0	714	100	52	0	2	3	-32	709	547
11	0	714	100	52	0	2	3	-32	711	548
11	0	714	100	52	0	2	3	-32	713	549
11	0	714	100	52	0	2	3	-32	716	550
11	0	715	62	92	0	2	3	-35	718	551
11	0	715	62	92	0	2	3	-35	719	553
11	0	715	62	92	0	2	3	-35	720	555
11	0	716	20	128	0	3	3	-38	722	557
11	0	716	20	128	0	3	3	-38	722	560
11	0	716	20	128	0	3	3	-38	722	562
11	0	714	-22	158	0	2	2	-42	723	565
11	0	714	-22	158	0	2	2	-42	722	568
11	0	714	-22	158	0	2	2	-42	722	572
11	0	715	-61	177	0	2	1	-45	721	575
11	0	715	-61	177	0	2	1	-45	720	579
11	0	715	-61	177	0	2	1	-45	719	583
10	0	712	-88	185	0	1	1	-49	718	586
10	0	712	-88	185	0	1	1	-49	716	590
10	0	712	-88	185	0	1	1	-49	714	594
10	0	706	-102	180	0	0	0	-53	712	598
10	0	706	-102	180	0	0	0	-53	710	602
10	0	706	-102	180	0	0	0	-53	708	606
10	0	702	-100	169	0	-1	0	-58	706	609
10	0	702	-100	169	0	-1	0	-58	703	613
10	0	702	-100	169	0	-1	0	-58	701	616
10	0	700	-85	149	0	-2	0	-62	699	620
10	0	700	-85	149	0	-2	0	-62	697	623
10	0	700	-85	149	0	-2	0	-62	696	626
10	0	702	-25	79	0	-2	0	-66	694	629
10	0	702	-25	79	0	-2	0	-66	693	631
10	0	702	-25	79	0	-2	0	-66	693	633
10	0	706	1	72	0	-2	0	-70	692	634
10	0	706	1	72	0	-2	0	-70	692	636
10	0	706	1	72	0	-2	0	-70	692	638
10	0	706	1	72	0	-2	0	-70	692	639
10	0	711	27	69	0	-2	0	-74	692	641
10	0	711	27	69	0	-2	0	-74	693	642
10	0	720	50	73	0	-2	0	-78	694	644
10	0	720	50	73	0	-2	0	-78	695	645
10	0	720	50	73	0	-2	0	-78	696	647
10	0	720	50	73	0	-2	0	-78	697	648
10	0	729	114	28	0	-1	0	-82	698	650
10	0	729	114	28	0	-1	0	-82	700	650
10	0	729	114	28	0	-1	0	-82	703	651
10	0	742	127	40	0	-1	0	-86	705	652
10	0	742	127	40	0	-1	0	-86	708	653
10	0	742	127	40	0	-1	0	-86	711	653
10	0	752	135	49	0	-1	0	-90	713	654
10	0	752	135	49	0	-1	0	-90	716	655
10	0	752	135	49	0	-1	0	-90	719	656
10	0	757	113	-19	0	-1	0	-94	722	657
10	0	757	113	-19	0	-1	0	-94	724	657
10	0	757	113	-19	0	-1	0	-94	727	657
10	0	760	119	-7	0	0	0	-98	729	656
10	0	760	119	-7	0	0	0	-98	732	656
10	0	760	119	-7	0	0	0	-98	734	656
10	0	769	122	4	0	0	0	-102	737	656
10	0	769	122	4	0	0	0	-102	739	656
10	0	769	122	4	0	0	0	-102	742	656
10	0	769	122	19	0	0	0	-106	744	656
10	0	769	122	19	0	0	0	-106	747	656
10	0	769	122	19	0	0	0	-106	750	657
10	0	773	117	33	0	0	0	-109	752	657
10	0	773	117	33	0	0	0	-109	755	658
10	0	773	117	33	0	0	0	-109	757	659
10	0	774	103	50	0	0	0	-111	760	659
10	0	774	103	50	0	0	0	-111	762	660
10	0	774	103	50	0	0	0	-111	764	661
10	0	780	77	63	0	1	0	-113	766	663
10	0	780	77	63	0	1	0	-113	768	664
10	0	780	77	63	0	1	0	-113	769	665
10	0	782	48	73	0	2	0	-114	771	667
10	0	782	48	73	0	2	0	-114	772	668
10	0	782	48	73	0	2	0	-114	773	670
10	0	787	17	77	0	2	0	-115	774	671
10	0	787	17	77	0	2	0	-115	774	673
10	0	787	17	77	0	2	0	-115	775	674
10	0	787	17	77	0	2	0	-115	775	676
10	0	788	-9	77	0	1	0	-115	776	678
10	0	788	-9	77	0	1	0	-115	775	679
10	0	788	-9	77	0	1	0	-115	775	681
10	0	788	-31	74	0	1	-1	-116	775	683
10	0	788	-31	74	0	1	-1	-116	774	684
10	0	788	-31	74	0	1	-1	-116	774	686
10	0	789	-45	71	0	0	-1	-116	773	687
10	0	789	-45	71	0	0	-1	-116	772	689
10	0	789	-45	71	0	0	-1	-116	771	690
10	0	789	-53	66	0	0	-1	-116	770	692
10	0	789	-53	66	0	0	-1	-116	769	693
10	0	789	-53	66	0	0	-1	-116	768	695
10	0	789	-55	62	0	0	-1	-116	767	696
10	0	789	-55	62	0	0	-1	-116	765	697
10	0	789	-55	62	0	0	-1	-116	764	699
10	0	786	-52	61	0	0	-1	-116	763	700
10	0	786	-52	61	0	0	-1	-116	762	701
10	0	786	-52	61	0	0	-1	-116	761	703
10	0	783	-48	60	0	0	-1	-116	760	704
10	0	783	-48	60	0	0	-1	-116	759	705
10	0	783	-48	60	0	0	-1	-116	758	706
10	0	782	-41	62	0	0	0	-116	757	708
10	0	782	-41	62	0	0	0	-116	756	709
10	0	782	-41	62	0	0	0	-116	755	710
10	0	782	-35	66	0	0	0	-116	754	712
10	0	782	-35	66	0	0	0	-116	753	713
10	0	782	-35	66	0	0	0	-116	753	714
10	0	779	-31	70	0	0	0	-116	752	716
10	0	779	-31	70	0	0	0	-116	751	717
10	0	779	-31	70	0	0	0	-116	751	719
10	0	779	-31	70	0	0	0	-116	750	720
10	0	774	-31	75	0	0	0	-116	749	722
10	0	774	-31	75	0	0	0	-116	749	723
10	0	774	-31	75	0	0	0	-116	748	725
10	0	769	-35	79	0	0	0	-116	747	726
10	0	769	-35	79	0	0	0	-116	747	728
10	0	769	-35	79	0	0	0	-116	746	730
10	0	766	-41	81	0	0	-1	-116	745	732
10	0	766	-41	81	0	0	-1	-116	744	733
10	0	766	-41	81	0	0	-1	-116	743	735
10	0	765	-52	76	0	0	-2	-117	742	737
10	0	765	-52	76	0	0	-2	-117	741	738
10	0	765	-52	76	0	0	-2	-117	740	740
10	0	765	-52	76	0	0	-2	-117	739	741
10	0	765	-52	76	0	0	-2	-117	738	743
10	0	765	-52	76	0	0	-2	-117	737	745
10	0	760	-83	-72	0	0	-8	-117	727	759
10	0	769	6	-289	0	0	-10	-117	724	757
10	0	769	6	-289	0	0	-10	-117	724	751
10	0	769	6	-289	0	0	-10	-117	724	745
10	0	769	6	-289	0	0	-10	-117	724	739
10	0	769	6	-289	0	0	-10	-117	725	732
10	0	769	6	-289	0	0	-10	-117	725	726
10	0	769	6	-289	0	0	-10	-117	725	720
10	0	769	6	-289	0	0	-10	-117	725	714
10	0	769	6	-289	0	0	-10	-117	725	708
10	0	769	6	-289	0	0	-10	-117	725	702
10	0	769	6	-289	0	0	-10	-117	725	694
10	0	740	-29	-354	0	1	1	-116	726	688
10	0	729	-80	406	0	0	1	-110	725	680
10	0	729	-80	406	0	0	1	-110	723	689
10	0	729	-80	406	0	0	1	-110	721	698
10	0	723	-95	384	0	0	2	-103	720	706
10	0	723	-95	384	0	0	2	-103	718	714
10	0	723	-95	384	0	0	2	-103	716	722
10	0	723	-95	384	0	0	2	-103	714	730
10	0	720	-60	546	0	0	3	-98	712	739
10	0	720	-60	546	0	0	3	-98	701	835
10	0	708	92	741	0	0	4	-88	700	846
10	0	708	92	741	0	0	4	-88	702	862
10	0	696	103	746	0	1	3	-86	727	1064
10	0	673	58	660	0	2	-1	-85	729	1079
10	0	673	58	660	0	2	-1	-85	730	1093
10	0	673	58	660	0	2	-1	-85	732	1107
10	0	673	58	660	0	2	-1	-85	733	1121
10	0	673	58	660	0	2	-1	-85	734	1135
10	0	673	58	660	0	2	-1	-85	735	1149
10	0	673	58	660	0	2	-1	-85	737	1162
10	0	673	58	660	0	2	-1	-85	738	1176
10	0	673	58	660	0	2	-1	-85	739	1190
10	0	673	58	660	0	2	-1	-85	746	1265
10	0	573	134	79	0	-2	-5	-91	747	1279
10	0	573	134	79	0	-2	-5	-91	750	1280
10	0	573	134	79	0	-2	-5	-91	753	1282
10	0	573	134	79	0	-2	-5	-91	755	1284
10	0	573	134	79	0	-2	-5	-91	758	1285
10	0	559	110	20	0	0	0	-101	786	1302
10	0	559	110	20	0	0	0	-101	788	1302
10	0	559	110	20	0	0	0	-101	791	1303
10	0	559	110	20	0	0	0	-101	793	1303
10	0	559	110	20	0	0	0	-101	795	1304
10	0	559	110	20	0	0	0	-101	798	1304
10	0	559	110	20	0	0	0	-101	800	1304
10	0	559	110	20	0	0	0	-101	802	1305
10	0	559	110	20	0	0	0	-101	804	1305
10	0	559	110	20	0	0	0	-101	821	1308
9	0	572	28	-49	0	2	0	-111	824	1309
9	0	677	19	4	0	0	1	-117	832	1295
9	0	677	19	4	0	0	1	-117	832	1295
9	0	677	19	4	0	0	1	-117	833	1295
9	0	677	19	4	0	0	1	-117	833	1295
9	0	677	19	4	0	0	1	-117	833	1295
9	0	677	19	4	0	0	1	-117	834	1295
9	0	677	19	4	0	0	1	-117	834	1295
9	0	677	19	4	0	0	1	-117	835	1295
9	0	677	19	4	0	0	1	-117	835	1296
9	0	677	19	4	0	0	1	-117	838	1296
9	0	735	20	53	0	0	4	-117	838	1296
9	0	769	20	206	0	0	7	-118	838	1297
9	0	769	20	206	0	0	7	-118	839	1302
9	0	769	20	206	0	0	7	-118	839	1306
9	0	806	-1	203	0	0	-2	-118	844	1355
9	0	806	-1	203	0	0	-2	-118	844	1359
9	0	832	1	108	0	0	-3	-118	844	1363
9	0	832	1	108	0	0	-3	-118	844	1366
9	0	832	1	108	0	0	-3	-118	844	1368
9	0	837	6	74	0	0	-1	-118	844	1370
9	0	837	6	74	0	0	-1	-118	844	1372
9	0	837	6	74	0	0	-1	-118	844	1373
9	0	840	11	75	0	0	1	-118	844	1375
9	0	840	11	75	0	0	1	-118	845	1376
9	0	840	11	75	0	0	1	-118	845	1378
9	0	844	19	116	0	0	5	-118	845	1380
9	0	844	19	116	0	0	5	-118	846	1382
9	0	844	19	116	0	0	5	-118	846	1384
9	0	844	19	116	0	0	5	-118	846	1387
9	0	847	24	189	0	0	6	-118	847	1389
9	0	847	24	189	0	0	6	-118	847	1393
9	0	850	23	245	0	0	4	-118	848	1397
9	0	850	23	245	0	0	4	-118	848	1402
9	0	850	23	245	0	0	4	-118	849	1407
9	0	850	23	245	0	0	4	-118	849	1413
9	0	849	17	260	0	0	1	-118	850	1418
9	0	849	17	260	0	0	1	-118	850	1423
9	0	849	17	260	0	0	1	-118	851	1429
9	0	850	13	263	0	0	1	-118	851	1434
9	0	850	13	263	0	0	1	-118	851	1440
9	0	850	13	263	0	0	1	-118	851	1445
9	0	849	15	284	0	0	3	-118	852	1451
9	0	849	15	284	0	0	3	-118	852	1457
9	0	849	15	284	0	0	3	-118	852	1463
9	0	846	17	329	0	0	6	-118	853	1469
9	0	846	17	329	0	0	6	-118	853	1476
9	0	846	17	329	0	0	6	-118	853	1482
9	0	847	22	400	0	0	8	-118	854	1490
9	0	847	22	400	0	0	8	-118	854	1498
9	0	847	22	400	0	0	8	-118	855	1507
9	0	849	26	490	0	0	10	-118	855	1515
9	0	849	26	490	0	0	10	-118	856	1525
9	0	849	26	490	0	0	10	-118	856	1536
9	0	847	31	583	0	0	10	-118	857	1546
9	0	847	31	583	0	0	10	-118	858	1558
9	0	847	31	583	0	0	10	-118	858	1570
9	0	850	39	683	0	0	10	-118	859	1583
9	0	850	39	683	0	0	10	-118	860	1597
9	0	850	39	683	0	0	10	-118	861	1612
9	0	850	39	683	0	0	10	-118	861	1626
9	0	849	46	756	0	0	8	-118	862	1641
9	0	849	46	756	0	0	8	-118	863	1657
9	0	849	46	756	0	0	8	-118	864	1672
9	0	849	53	802	0	0	6	-118	865	1688
9	0	849	53	802	0	0	6	-118	866	1705
9	0	849	53	802	0	0	6	-118	867	1722
9	0	845	60	815	0	0	3	-118	869	1739
9	0	845	60	815	0	0	3	-118	870	1756
9	0	845	60	815	0	0	3	-118	871	1772
9	0	842	66	796	0	0	0	-118	872	1789
9	0	842	66	796	0	0	0	-118	874	1806
9	0	842	66	796	0	0	0	-118	875	1823
9	0	844	69	743	0	0	-3	-118	876	1840
9	0	844	69	743	0	0	-3	-118	878	1855
9	0	844	69	743	0	0	-3	-118	879	1871
9	0	843	69	659	0	0	-6	-118	881	1886
9	0	843	69	659	0	0	-6	-118	882	1900
9	0	843	69	659	0	0	-6	-118	884	1914
9	0	840	68	549	0	0	-8	-118	885	1928
9	0	840	68	549	0	0	-8	-118	887	1939
9	0	840	68	549	0	0	-8	-118	888	1951
9	0	842	66	414	0	0	-9	-118	890	1962
9	0	842	66	414	0	0	-9	-118	891	1971
9	0	842	66	414	0	0	-9	-118	892	1980
9	0	841	59	289	0	0	-9	-118	894	1989
9	0	841	59	289	0	0	-9	-118	895	1995
9	0	841	59	289	0	0	-9	-118	896	2001
9	0	839	49	176	0	0	-8	-118	898	2007
9	0	839	49	176	0	0	-8	-118	899	2013
9	0	839	49	176	0	0	-8	-118	900	2016
9	0	842	41	82	0	0	-6	-118	901	2020
9	0	842	41	82	0	0	-6	-118	902	2022
9	0	842	41	82	0	0	-6	-118	903	2023
9	0	835	30	20	0	0	-3	-118	904	2025
9	0	835	30	20	0	0	-3	-118	904	2026
9	0	835	30	20	0	0	-3	-118	905	2026
9	0	830	18	-2	0	0	0	-118	906	2026
9	0	830	18	-2	0	0	0	-118	906	2026
9	0	830	18	-2	0	0	0	-118	906	2026
9	0	823	7	16	0	0	4	-118	907	2026
9	0	823	7	16	0	0	4	-118	907	2027
9	0	823	7	16	0	0	4	-118	907	2027
9	0	815	-3	73	0	1	7	-118	907	2027
9	0	815	-3	73	0	1	7	-118	907	2029
9	0	815	-3	73	0	1	7	-118	907	2030
9	0	812	-16	162	0	1	9	-118	907	2032
9	0	812	-16	162	0	1	9	-118	907	2035
9	0	812	-16	162	0	1	9	-118	906	2039
9	0	812	-16	162	0	1	9	-118	906	2042
9	0	806	-27	266	0	1	10	-118	906	2046
9	0	806	-27	266	0	1	10	-118	905	2051
9	0	806	-27	266	0	1	10	-118	905	2057
9	0	802	-40	375	0	1	10	-118	904	2062
9	0	802	-40	375	0	1	10	-118	903	2070
9	0	802	-40	375	0	1	10	-118	902	2078
9	0	799	-55	458	0	1	7	-118	901	2086
9	0	799	-55	458	0	1	7	-118	900	2096
9	0	799	-55	458	0	1	7	-118	899	2105
9	0	796	-66	506	0	0	4	-118	898	2115
9	0	796	-66	506	0	0	4	-118	897	2126
9	0	796	-66	506	0	0	4	-118	895	2136
9	0	790	-71	516	0	0	2	-118	894	2147
9	0	790	-71	516	0	0	2	-118	892	2158
9	0	790	-71	516	0	0	2	-118	891	2169
9	0	788	-70	513	0	0	2	-118	889	2179
9	0	788	-70	513	0	0	2	-118	888	2190
9	0	788	-70	513	0	0	2	-118	886	2201
9	0	783	-66	517	0	0	3	-117	885	2212
9	0	783	-66	517	0	0	3	-117	883	2223
9	0	783	-66	517	0	0	3	-117	882	2234
9	0	780	-62	531	0	0	2	-117	881	2244
9	0	780	-62	531	0	0	2	-117	879	2255
9	0	780	-62	531	0	0	2	-117	878	2267
9	0	780	-62	531	0	0	2	-117	877	2278
9	0	775	-58	524	0	0	0	-117	875	2289
9	0	775	-58	524	0	0	0	-117	874	2300
9	0	771	-52	497	0	0	0	-117	873	2311
9	0	771	-52	497	0	0	0	-117	872	2321
9	0	771	-52	497	0	0	0	-117	871	2331
9	0	771	-52	497	0	0	0	-117	870	2342
9	0	769	-45	466	0	0	0	-117	869	2352
9	0	769	-45	466	0	0	0	-117	868	2362
9	0	769	-45	466	0	0	0	-117	867	2372
9	0	765	-39	455	0	0	1	-117	866	2382
9	0	765	-39	455	0	0	1	-117	865	2392
9	0	765	-39	455	0	0	1	-117	864	2401
9	0	764	-37	442	0	0	0	-117	863	2410
9	0	764	-37	442	0	0	0	-117	862	2420
9	0	762	-34	413	0	0	-1	-117	861	2433
9	0	762	-34	413	0	0	-1	-117	861	2442
9	0	762	-34	413	0	0	-1	-117	860	2450
9	0	762	-34	413	0	0	-1	-117	859	2459
9	0	758	-31	369	0	0	-1	-117	858	2468
9	0	758	-31	369	0	0	-1	-117	858	2475
9	0	758	-31	369	0	0	-1	-117	857	2483
9	0	755	-25	335	0	0	0	-117	856	2491
9	0	755	-25	335	0	0	0	-117	856	2498
9	0	755	-25	335	0	0	0	-117	855	2505
9	0	753	-20	328	0	0	2	-117	855	2512
9	0	753	-20	328	0	0	2	-117	854	2519
9	0	753	-20	328	0	0	2	-117	854	2526
9	0	750	-17	351	0	0	3	-117	853	2533
9	0	750	-17	351	0	0	3	-117	853	2540
9	0	750	-17	351	0	0	3	-117	853	2547
9	0	747	0	164	0	0	1	-117	852	2555
9	0	747	0	164	0	0	1	-117	852	2558
9	0	747	0	164	0	0	1	-117	852	2562
9	0	745	22	-97	0	0	0	-117	852	2565
9	0	745	22	-97	0	0	0	-117	853	2563
9	0	745	22	-97	0	0	0	-117	853	2561
9	0	742	16	-156	0	0	0	-117	854	2559
9	0	742	16	-156	0	0	0	-117	854	2556
9	0	742	16	-156	0	0	0	-117	855	2552
9	0	741	19	-162	0	0	0	-117	855	2549
9	0	741	19	-162	0	0	0	-117	855	2545
9	0	741	19	-162	0	0	0	-117	856	2542
9	0	738	23	-148	0	0	3	-117	856	2536
9	0	738	23	-148	0	0	3	-117	857	2533
9	0	738	23	-148	0	0	3	-117	857	2530
9	0	736	30	-101	0	0	4	-117	858	2527
9	0	736	30	-101	0	0	4	-117	859	2525
9	0	736	30	-101	0	0	4	-117	859	2523
9	0	735	41	-48	0	0	3	-117	860	2521
9	0	735	41	-48	0	0	3	-117	861	2520
9	0	735	41	-48	0	0	3	-117	862	2519
9	0	732	45	-85	0	0	2	-117	862	2517
9	0	732	45	-85	0	0	2	-117	863	2516
9	0	732	45	-85	0	0	2	-117	864	2514
9	0	734	49	-115	0	0	0	-117	865	2512
9	0	734	49	-115	0	0	0	-117	866	2510
9	0	734	49	-115	0	0	0	-117	867	2507
9	0	732	46	-111	0	0	0	-117	868	2505
9	0	732	46	-111	0	0	0	-117	869	2503
9	0	732	46	-111	0	0	0	-117	870	2500
9	0	731	41	-105	0	0	0	-117	871	2498
9	0	731	41	-105	0	0	0	-117	872	2496
9	0	731	41	-105	0	0	0	-117	873	2493
9	0	733	34	-98	0	0	0	-117	874	2491
9	0	733	34	-98	0	0	0	-117	875	2489
9	0	733	34	-98	0	0	0	-117	875	2487
9	0	733	34	-98	0	0	0	-117	876	2485
9	0	733	31	-91	0	0	1	-117	877	2483
9	0	733	31	-91	0	0	1	-117	878	2481
9	0	733	27	-80	0	0	1	-117	878	2479
9	0	733	27	-80	0	0	1	-117	879	2477
9	0	733	27	-80	0	0	1	-117	879	2476
9	0	733	27	-80	0	0	1	-117	880	2474
9	0	732	26	-65	0	0	1	-117	881	2472
9	0	732	26	-65	0	0	1	-117	881	2471
9	0	732	26	-65	0	0	1	-117	882	2470
9	0	732	25	-50	0	0	1	-117	882	2468
9	0	732	25	-50	0	0	1	-117	883	2467
9	0	732	25	-50	0	0	1	-117	883	2466
9	0	733	27	-35	0	0	1	-116	884	2465
9	0	733	27	-35	0	0	1	-116	884	2464
9	0	733	27	-35	0	0	1	-116	885	2463
9	0	734	29	-21	0	0	1	-116	886	2462
9	0	734	29	-21	0	0	1	-116	887	2462
9	0	736	33	-10	0	0	1	-116	887	2461
9	0	736	33	-10	0	0	1	-116	888	2461
9	0	736	33	-10	0	0	1	-116	889	2461
9	0	741	35	0	0	0	1	-116	889	2461
9	0	741	35	0	0	0	1	-116	890	2461
9	0	741	35	0	0	0	1	-116	891	2461
9	0	744	38	6	0	0	1	-116	892	2460
9	0	744	38	6	0	0	1	-116	892	2461
9	0	744	38	6	0	0	1	-116	893	2461
9	0	744	38	6	0	0	1	-116	894	2461
9	0	748	39	11	0	0	0	-116	895	2461
9	0	748	39	11	0	0	0	-116	896	2461
9	0	749	39	16	0	0	0	-116	897	2461
9	0	749	39	16	0	0	0	-116	897	2462
9	0	749	39	16	0	0	0	-116	898	2462
9	0	749	39	16	0	0	0	-116	899	2463
9	0	754	38	20	0	0	0	-116	900	2463
9	0	754	38	20	0	0	0	-116	901	2463
9	0	754	38	20	0	0	0	-116	901	2464
9	0	759	36	24	0	0	0	-116	902	2464
9	0	759	36	24	0	0	0	-116	903	2465
9	0	759	36	24	0	0	0	-116	904	2465
9	0	760	33	28	0	0	0	-116	905	2466
9	0	760	33	28	0	0	0	-116	905	2466
9	0	763	29	31	0	0	0	-116	906	2467
9	0	763	29	31	0	0	0	-116	907	2468
9	0	765	21	30	0	0	0	-114	908	2469
9	0	765	21	30	0	0	0	-114	909	2470
9	0	765	21	30	0	0	0	-114	909	2471
9	0	765	13	21	0	1	0	-111	910	2472
9	0	765	13	21	0	1	0	-111	910	2472
9	0	767	1	4	0	1	-1	-107	911	2473
9	0	767	1	4	0	1	-1	-107	911	2473
9	0	767	1	4	0	1	-1	-107	911	2473
9	0	765	-13	-15	0	1	-1	-103	911	2473
9	0	760	-23	-28	0	0	0	-99	910	2472
9	0	760	-23	-28	0	0	0	-99	909	2472
9	0	756	-27	-36	0	0	0	-94	909	2470
9	0	756	-27	-36	0	0	0	-94	908	2469
9	0	751	-26	-41	0	0	0	-90	907	2468
9	0	751	-26	-41	0	0	0	-90	906	2466
9	0	745	-23	-44	0	0	0	-85	905	2465
9	0	738	-22	-47	0	0	0	-80	904	2463
9	0	738	-22	-47	0	0	0	-80	903	2461
9	0	734	-25	-47	0	0	0	-76	902	2459
9	0	734	-25	-47	0	0	0	-76	901	2458
9	0	726	-34	-46	0	0	0	-71	900	2456
9	0	726	-34	-46	0	0	0	-71	899	2454
9	0	722	-45	-41	0	0	0	-67	898	2453
9	0	722	-45	-41	0	0	0	-67	897	2452
9	0	718	-1	-69	0	0	0	-62	896	2451
9	0	718	-1	-69	0	0	0	-62	896	2448
9	0	715	101	-133	0	0	0	-57	895	2445
8	0	712	46	-168	0	0	0	-48	900	2440
8	0	712	46	-168	0	0	0	-48	904	2424
8	0	711	99	-75	0	0	0	-43	906	2416
8	0	711	99	-75	0	0	0	-43	909	2414
8	0	710	96	-85	0	0	0	-39	911	2413
8	0	710	96	-85	0	0	0	-39	917	2407
8	0	710	89	-86	0	0	0	-34	920	2405
8	0	710	89	-86	0	0	0	-34	923	2402
8	0	712	50	-92	0	0	0	-29	925	2399
8	0	712	50	-92	0	0	0	-29	927	2396
8	0	717	15	-75	0	0	0	-25	929	2393
8	0	717	15	-75	0	0	0	-25	929	2392
8	0	721	-7	-74	0	0	1	-20	929	2390
8	0	721	-7	-74	0	0	1	-20	929	2388
8	0	721	-7	-74	0	0	1	-20	929	2386
8	0	727	-9	-59	0	0	1	-16	929	2384
8	0	727	-9	-59	0	0	1	-16	928	2382
8	0	734	-13	-45	0	0	1	-11	928	2380
8	0	734	-13	-45	0	0	1	-11	928	2380
8	0	734	-13	-45	0	0	1	-11	928	2379
8	0	734	-13	-45	0	0	1	-11	927	2378
8	0	743	34	-22	0	0	1	-6	927	2377
8	0	743	34	-22	0	0	1	-6	928	2376
8	0	751	28	-13	0	0	1	-2	929	2376
8	0	751	28	-13	0	0	1	-2	929	2375
8	0	751	28	-13	0	0	1	-2	930	2375
8	0	751	28	-13	0	0	1	-2	931	2375
8	0	761	19	-3	0	0	1	2	931	2374
8	0	761	19	-3	0	0	1	2	932	2374
8	0	761	19	-3	0	0	1	2	932	2374
8	0	766	4	3	0	1	1	5	932	2374
8	0	766	4	3	0	1	1	5	932	2374
8	0	766	4	3	0	1	1	5	933	2374
8	0	770	-22	18	0	2	2	7	933	2374
8	0	770	-22	18	0	2	2	7	932	2375
8	0	774	-64	44	0	3	2	8	932	2375
8	0	774	-64	44	0	3	2	8	930	2376
8	0	774	-64	44	0	3	2	8	929	2377
8	0	774	-64	44	0	3	2	8	927	2378
8	0	777	-115	75	0	4	3	10	926	2379
8	0	777	-115	75	0	4	3	10	924	2381
8	0	774	-166	102	0	4	2	10	921	2383
8	0	774	-166	102	0	4	2	10	917	2385
8	0	774	-166	102	0	4	2	10	913	2387
8	0	770	-210	120	0	3	1	11	910	2389
8	0	770	-210	120	0	3	1	11	904	2393
8	0	770	-210	120	0	3	1	11	900	2395
8	0	765	-246	125	0	2	0	11	895	2398
8	0	765	-246	125	0	2	0	11	889	2401
8	0	765	-246	125	0	2	0	11	884	2403
8	0	759	-273	121	0	1	0	11	879	2406
8	0	759	-273	121	0	1	0	11	873	2409
8	0	759	-273	121	0	1	0	11	867	2411
8	0	754	-287	107	0	0	0	10	862	2414
8	0	754	-287	107	0	0	0	10	856	2416
8	0	754	-287	107	0	0	0	10	850	2418
8	0	750	-292	87	0	0	-1	10	844	2420
8	0	750	-292	87	0	0	-1	10	837	2422
8	0	750	-292	87	0	0	-1	10	831	2424
8	0	747	-294	63	0	0	-1	9	822	2427
8	0	747	-294	63	0	0	-1	9	816	2428
8	0	747	-294	63	0	0	-1	9	810	2429
8	0	745	-293	37	0	0	-1	8	804	2431
8	0	745	-293	37	0	0	-1	8	798	2432
8	0	745	-293	37	0	0	-1	8	791	2432
8	0	745	-291	12	0	0	-1	7	785	2433
8	0	745	-291	12	0	0	-1	7	779	2433
8	0	745	-291	12	0	0	-1	7	773	2434
8	0	743	-292	-8	0	0	0	6	767	2434
8	0	743	-292	-8	0	0	0	6	759	2434
8	0	743	-292	-8	0	0	0	6	753	2434
8	0	744	-292	-25	0	0	0	5	747	2433
8	0	744	-292	-25	0	0	0	5	741	2433
8	0	744	-292	-25	0	0	0	5	735	2432
8	0	748	-294	-40	0	0	0	3	729	2432
8	0	748	-294	-40	0	0	0	3	722	2431
8	0	748	-294	-40	0	0	0	3	716	2430
8	0	748	-294	-40	0	0	0	3	710	2429
8	0	753	-295	-55	0	0	0	2	704	2428
8	0	753	-295	-55	0	0	0	2	698	2427
8	0	753	-295	-55	0	0	0	2	691	2426
8	0	758	-298	-70	0	0	0	0	685	2425
8	0	758	-298	-70	0	0	0	0	679	2423
8	0	758	-298	-70	0	0	0	0	673	2422
8	0	756	-305	-79	0	0	0	0	666	2420
8	0	756	-305	-79	0	0	0	0	660	2419
8	0	756	-305	-79	0	0	0	0	654	2417
8	0	759	-312	-84	0	0	0	0	647	2415
8	0	759	-312	-84	0	0	0	0	641	2414
8	0	759	-312	-84	0	0	0	0	634	2412
8	0	761	-319	-85	0	0	0	-1	627	2410
8	0	761	-319	-85	0	0	0	-1	621	2408
8	0	761	-319	-85	0	0	0	-1	613	2406
8	0	767	-323	-82	0	0	0	-1	606	2404
8	0	767	-323	-82	0	0	0	-1	599	2402
8	0	767	-323	-82	0	0	0	-1	592	2401
8	0	769	-329	-79	0	0	0	0	586	2399
8	0	769	-329	-79	0	0	0	0	579	2397
8	0	769	-329	-79	0	0	0	0	572	2396
8	0	769	-334	-73	0	0	0	0	565	2394
8	0	769	-334	-73	0	0	0	0	558	2392
8	0	769	-334	-73	0	0	0	0	551	2391
8	0	769	-337	-64	0	0	0	0	544	2389
8	0	769	-337	-64	0	0	0	0	537	2388
8	0	769	-337	-64	0	0	0	0	530	2387
8	0	769	-337	-64	0	0	0	0	520	2385
8	0	767	-339	-52	0	0	0	1	513	2384
8	0	767	-339	-52	0	0	0	1	506	2382
8	0	768	-338	-40	0	0	0	2	499	2381
8	0	768	-338	-40	0	0	0	2	492	2380
8	0	768	-338	-40	0	0	0	2	485	2380
8	0	767	-338	-30	0	0	1	3	478	2379
8	0	767	-338	-30	0	0	1	3	471	2378
8	0	767	-338	-30	0	0	1	3	463	2377
8	0	769	-344	-15	0	0	1	3	456	2377
8	0	769	-344	-15	0	0	1	3	449	2376
8	0	769	-344	-15	0	0	1	3	442	2376
8	0	772	-351	0	0	0	1	3	435	2376
8	0	772	-351	0	0	0	1	3	427	2376
8	0	772	-351	0	0	0	1	3	420	2376
8	0	772	-351	0	0	0	1	3	412	2376
8	0	774	-359	16	0	0	1	3	405	2376
8	0	774	-359	16	0	0	1	3	398	2376
8	0	774	-359	16	0	0	1	3	390	2377
8	0	778	-362	25	0	0	0	3	382	2377
8	0	778	-362	25	0	0	0	3	375	2377
8	0	778	-362	25	0	0	0	3	367	2378
8	0	777	-362	30	0	0	0	3	360	2379
8	0	777	-362	30	0	0	0	3	352	2379
8	0	777	-362	30	0	0	0	3	344	2380
8	0	778	-361	33	0	0	0	3	337	2380
8	0	778	-361	33	0	0	0	3	329	2381
8	0	778	-361	33	0	0	0	3	322	2382
8	0	781	-357	33	0	0	0	2	314	2383
8	0	781	-357	33	0	0	0	2	306	2383
8	0	780	-352	34	0	0	0	2	299	2384
8	0	780	-352	34	0	0	0	2	290	2385
8	0	780	-352	34	0	0	0	2	283	2386
8	0	780	-352	34	0	0	0	2	275	2386
8	0	780	-346	34	0	0	0	2	268	2387
8	0	780	-346	34	0	0	0	2	261	2388
8	0	780	-346	34	0	0	0	2	253	2388
8	0	782	-342	34	0	0	0	2	246	2389
8	0	782	-342	34	0	0	0	2	239	2390
8	0	782	-342	34	0	0	0	2	232	2391
8	0	782	-337	32	0	0	0	2	225	2391
8	0	782	-337	32	0	0	0	2	217	2392
8	0	782	-337	32	0	0	0	2	210	2393
8	0	783	-331	29	0	0	0	2	203	2393
8	0	783	-331	29	0	0	0	2	196	2394
8	0	783	-331	29	0	0	0	2	189	2395
8	0	783	-327	26	0	0	0	1	182	2395
8	0	783	-327	26	0	0	0	1	175	2396
8	0	783	-327	26	0	0	0	1	168	2396
8	0	785	-323	22	0	0	0	1	161	2397
8	0	785	-323	22	0	0	0	1	154	2397
8	0	785	-323	22	0	0	0	1	148	2398
8	0	785	-321	20	0	0	0	1	140	2398
8	0	785	-321	20	0	0	0	1	133	2399
8	0	785	-321	20	0	0	0	1	127	2399
8	0	785	-318	17	0	0	0	1	120	2400
8	0	785	-318	17	0	0	0	1	113	2400
8	0	785	-318	17	0	0	0	1	106	2400
8	0	784	-313	13	0	0	0	0	100	2401
8	0	784	-313	13	0	0	0	0	93	2401
8	0	784	-313	13	0	0	0	0	87	2401
8	0	785	-306	10	0	0	0	0	80	2402
8	0	785	-306	10	0	0	0	0	74	2402
8	0	785	-306	10	0	0	0	0	67	2402
8	0	785	-306	10	0	0	0	0	61	2402
8	0	783	-301	10	0	0	0	0	54	2403
8	0	783	-301	10	0	0	0	0	48	2403
8	0	783	-301	10	0	0	0	0	42	2403
8	0	783	-295	10	0	0	0	0	35	2403
8	0	783	-295	10	0	0	0	0	29	2403
8	0	783	-295	10	0	0	0	0	23	2404
8	0	780	-291	8	0	0	0	0	17	2404
8	0	780	-291	8	0	0	0	0	10	2404
8	0	780	-291	8	0	0	0	0	4	2404
8	0	778	-286	9	0	0	0	-1	-1	2404
8	0	778	-286	9	0	0	0	-1	-7	2405
8	0	778	-286	9	0	0	0	-1	-13	2405
8	0	777	-283	11	0	0	0	-1	-19	2405
8	0	777	-283	11	0	0	0	-1	-25	2405
8	0	773	-283	15	0	0	0	0	-31	2406
8	0	773	-283	15	0	0	0	0	-38	2406
8	0	773	-283	15	0	0	0	0	-44	2406
8	0	773	-283	15	0	0	0	0	-50	2407
8	0	780	-283	21	0	0	0	0	-56	2407
8	0	780	-283	21	0	0	0	0	-62	2407
8	0	780	-283	21	0	0	0	0	-67	2408
8	0	778	-282	26	0	0	0	0	-73	2408
8	0	778	-282	26	0	0	0	0	-79	2409
8	0	778	-282	26	0	0	0	0	-85	2409
8	0	778	-282	26	0	0	0	0	-91	2410
8	0	775	-281	29	0	0	0	1	-97	2410
8	0	775	-281	29	0	0	0	1	-103	2411
8	0	773	-277	31	0	0	0	1	-109	2412
8	0	773	-277	31	0	0	0	1	-115	2412
8	0	773	-277	31	0	0	0	1	-121	2413
8	0	770	-276	30	0	0	0	1	-127	2414
8	0	770	-276	30	0	0	0	1	-132	2414
8	0	770	-276	30	0	0	0	1	-138	2415
8	0	770	-276	30	0	0	0	1	-144	2416
8	0	768	-281	31	0	0	0	1	-150	2416
8	0	768	-281	31	0	0	0	1	-156	2417
8	0	768	-281	31	0	0	0	1	-162	2417
8	0	753	-283	32	0	0	0	1	-168	2418
8	0	753	-283	32	0	0	0	1	-174	2419
8	0	753	-283	32	0	0	0	1	-180	2420
8	0	721	-291	34	0	0	0	1	-186	2420
8	0	721	-291	34	0	0	0	1	-192	2421
8	0	721	-291	34	0	0	0	1	-198	2422
8	0	696	-304	29	0	-1	0	1	-204	2422
8	0	696	-304	29	0	-1	0	1	-210	2423
8	0	696	-304	29	0	-1	0	1	-217	2424
8	0	664	-303	21	0	-3	0	1	-223	2424
8	0	664	-303	21	0	-3	0	1	-230	2425
8	0	664	-303	21	0	-3	0	1	-236	2425
8	0	621	-278	13	0	-4	0	1	-242	2426
8	0	621	-278	13	0	-4	0	1	-248	2426
8	0	621	-278	13	0	-4	0	1	-254	2426
8	0	580	-233	6	0	-4	0	1	-260	2426
8	0	580	-233	6	0	-4	0	1	-265	2427
8	0	580	-233	6	0	-4	0	1	-270	2427
8	0	532	-188	2	0	-3	0	1	-274	2427
8	0	532	-188	2	0	-3	0	1	-278	2427
8	0	532	-188	2	0	-3	0	1	-282	2427
8	0	532	-188	2	0	-3	0	1	-286	2427
8	0	486	-148	0	0	-2	0	1	-290	2427
8	0	486	-148	0	0	-2	0	1	-293	2427
8	0	486	-148	0	0	-2	0	1	-297	2427
8	0	436	-115	0	0	-2	0	1	-300	2427
8	0	436	-115	0	0	-2	0	1	-302	2427
8	0	436	-115	0	0	-2	0	1	-305	2427
8	0	384	-90	1	0	-1	0	1	-307	2427
8	0	384	-90	1	0	-1	0	1	-309	2427
8	0	384	-90	1	0	-1	0	1	-311	2427
8	0	331	-73	4	0	-1	0	1	-313	2427
8	0	331	-73	4	0	-1	0	1	-314	2427
8	0	331	-73	4	0	-1	0	1	-316	2427
8	0	278	-62	7	0	-1	0	1	-317	2427
8	0	278	-62	7	0	-1	0	1	-319	2428
8	0	278	-62	7	0	-1	0	1	-320	2428
8	0	225	-58	8	0	-2	0	1	-321	2428
8	0	225	-58	8	0	-2	0	1	-323	2428
8	0	225	-58	8	0	-2	0	1	-324	2428
8	0	181	-49	8	0	-3	0	1	-325	2428
8	0	181	-49	8	0	-3	0	1	-326	2429
8	0	181	-49	8	0	-3	0	1	-327	2429
8	0	127	-31	2	0	-4	0	1	-328	2429
8	0	127	-31	2	0	-4	0	1	-329	2429
8	0	127	-31	2	0	-4	0	1	-329	2429
8	0	72	32	18	0	-4	0	1	-330	2429
8	0	72	32	18	0	-4	0	1	-329	2430
8	0	72	32	18	0	-4	0	1	-329	2430
8	0	98	88	10	0	-4	0	1	-328	2430
8	0	98	88	10	0	-4	0	1	-326	2431
8	0	98	88	10	0	-4	0	1	-324	2431
8	0	46	105	22	0	-3	0	1	-323	2431
8	0	46	105	22	0	-3	0	1	-320	2431
8	0	46	105	22	0	-3	0	1	-318	2432
8	0	46	105	22	0	-3	0	1	-316	2432
8	0	0	0	0	0	0	0	1	-314	2433
8	0	0	0	0	0	0	0	1	-314	2433
8	0	0	0	0	0	0	0	1	-314	2433
8	0	0	0	0	0	0	0	1	-314	2433
8	0	0	0	0	0	0	0	1	-314	2433
8	0	0	0	0	0	0	0	1	-314	2433
8	0	0	0	0	0	0	0	2	-314	2433
8	0	0	0	0	0	0	0	2	-314	2433
8	0	0	0	0	0	0	0	2	-314	2433
8	0	0	0	0	0	-1	0	2	-314	2433
8	0	0	0	0	0	-1	0	2	-314	2433
8	0	0	0	0	0	-1	0	2	-314	2433
8	0	0	0	0	0	-1	0	2	-314	2433
8	0	0	0	0	0	-1	0	2	-314	2433
8	0	0	0	0	0	-1	0	2	-314	2433
8	0	0	0	0	0	-1	0	2	-314	2433
8	0	0	0	0	0	-1	0	2	-314	2433
8	0	0	0	0	0	-1	0	2	-314	2433
8	0	0	0	0	0	-1	0	2	-314	2433
8	0	0	0	0	0	-1	0	2	-314	2433
8	0	0	0	0	0	-1	0	2	-314	2433
8	0	0	0	0	0	-1	0	2	-314	2433
8	0	0	0	0	0	-1	0	2	-314	2433
8	0	0	0	0	0	-1	0	2	-314	2433
8	0	0	0	0	0	-1	0	2	-314	2433
8	0	0	0	0	0	-1	0	2	-314	2433
8	0	0	0	0	0	-1	0	2	-314	2433
8	0	0	0	0	0	-1	0	2	-314	2433
8	0	0	0	0	0	-1	0	2	-314	2433
8	0	0	0	0	0	-1	0	2	-314	2433
8	0	0	0	0	0	-1	0	2	-314	2433
8	0	0	0	0	0	-1	0	2	-314	2433
8	0	0	0	0	0	-1	0	2	-314	2433
8	0	0	0	0	0	-1	0	2	-314	2433
8	0	0	0	0	0	-1	0	2	-314	2433
8	0	0	0	0	0	-1	0	2	-314	2433
8	0	0	0	0	0	-1	0	2	-314	2433
8	0	0	0	0	0	-1	0	2	-314	2433
8	0	0	0	0	0	-1	0	2	-314	2433
8	0	0	0	0	0	-1	0	2	-314	2433
8	0	0	0	0	0	-1	0	2	-314	2433
8	0	0	0	0	0	-1	0	2	-314	2433
8	0	0	0	0	0	-1	0	2	-314	2433
8	0	0	0	0	0	-1	0	2	-314	2433
8	0	0	0	0	0	-1	0	2	-314	2433
8	0	0	0	0	0	-1	0	2	-314	2433
8	0	0	0	0	0	-1	0	2	-314	2433
8	0	0	0	0	0	-1	0	2	-314	2433
8	0	0	0	0	0	-1	0	2	-314	2433
8	0	0	0	0	0	-1	0	2	-314	2433
8	0	0	0	0	0	-1	0	2	-314	2433
8	0	0	0	0	0	-1	0	2	-314	2433
8	0	0	0	0	0	-1	0	2	-314	2433
8	0	0	0	0	0	-1	0	2	-314	2433
8	0	0	0	0	0	-1	0	2	-314	2433
8	0	0	0	0	0	-1	0	2	-314	2433
8	0	0	0	0	0	-1	0	2	-314	2433
8	0	0	0	0	0	-1	0	2	-314	2433
8	0	0	0	0	0	0	0	2	-314	2433
8	0	0	0	0	0	0	0	2	-314	2433
8	0	0	0	0	0	0	0	2	-314	2433
8	0	0	0	0	0	0	0	2	-314	2433
8	0	0	0	0	0	0	0	2	-314	2433
8	0	0	0	0	0	0	0	2	-314	2433
8	0	0	0	0	0	0	0	2	-314	2433
8	0	0	0	0	0	0	0	2	-314	2433
8	0	0	0	0	0	0	0	2	-314	2433
8	0	0	0	0	0	0	0	2	-314	2433
8	0	0	0	0	0	0	0	2	-314	2433
8	0	0	0	0	0	0	0	2	-314	2433
8	0	0	0	0	0	0	0	2	-314	2433
8	0	0	0	0	0	0	0	2	-314	2433
8	0	0	0	0	0	0	0	2	-314	2433
8	0	0	0	0	0	0	0	2	-314	2433
8	0	0	0	0	0	0	0	2	-314	2433
8	0	0	0	0	0	0	0	2	-314	2433
8	0	0	0	0	0	0	0	2	-314	2433
8	0	0	0	0	0	0	0	2	-314	2433
8	0	0	0	0	0	0	0	2	-314	2433
8	0	0	0	0	0	0	0	2	-314	2433
8	0	0	0	0	0	0	0	2	-314	2433
8	0	0	0	0	0	0	0	2	-314	2433
8	0	0	0	0	0	0	0	2	-314	2433
8	0	0	0	0	0	0	0	2	-314	2433
8	0	0	0	0	0	0	0	2	-314	2433
8	0	0	0	0	0	0	0	2	-314	2433
8	0	0	0	0	0	0	0	2	-314	2433
8	0	0	0	0	0	0	0	2	-314	2433
8	0	0	0	0	0	0	0	2	-314	2433
8	0	0	0	0	0	0	0	2	-314	2433
8	0	0	0	0	0	0	0	2	-314	2433
8	0	0	0	0	0	0	0	2	-314	2433
8	0	0	0	0	0	0	0	2	-314	2433
8	0	0	0	0	0	0	0	2	-314	2433
8	0	0	0	0	0	0	0	2	-314	2433
8	0	0	0	0	0	0	0	2	-314	2433
8	0	0	0	0	0	0	0	2	-314	2433
8	0	0	0	0	0	0	0	2	-314	2433
8	0	0	0	0	0	0	0	2	-314	2433
8	0	0	0	0	0	0	0	2	-314	2433
8	0	0	0	0	0	0	0	2	-314	2433
8	0	0	0	0	0	0	0	2	-314	2433
8	0	0	0	0	0	0	0	2	-314	2433
8	0	0	0	0	0	0	0	2	-314	2433
8	0	0	0	0	0	0	0	2	-314	2433
8	0	0	0	0	0	0	0	2	-314	2433
8	0	0	0	0	0	0	0	2	-314	2433
8	0	0	0	0	0	0	0	2	-314	2433
8	0	0	0	0	0	0	0	2	-314	2433
8	0	0	0	0	0	0	0	2	-314	2433
8	0	0	0	0	0	0	0	2	-314	2433
8	0	0	0	0	0	0	0	2	-314	2433
8	0	0	0	0	0	0	0	2	-314	2433
8	0	0	0	0	0	0	0	2	-314	2433
8	0	0	0	0	0	0	0	2	-314	2433
8	0	0	0	0	0	0	0	2	-314	2433
8	0	0	0	0	0	0	0	2	-314	2433
8	0	0	0	0	0	0	0	2	-314	2433
8	0	0	0	0	0	0	0	2	-314	2433
8	0	0	0	0	0	0	0	2	-314	2433
8	0	0	0	0	0	0	0	2	-314	2433
8	0	0	0	0	0	0	0	2	-314	2433
8	0	0	0	0	0	0	0	2	-314	2433
8	0	0	0	0	0	0	0	2	-314	2433
8	0	0	0	0	0	0	0	2	-314	2433
8	0	0	0	0	0	0	0	2	-314	2433
8	0	0	0	0	0	0	0	2	-314	2433
8	0	0	0	0	0	0	0	2	-314	2433
8	0	0	0	0	0	0	0	2	-314	2433
8	0	0	0	0	0	0	0	2	-314	2433
8	0	0	0	0	0	0	0	2	-314	2433
8	0	0	0	0	0	0	0	2	-314	2433
8	0	0	0	0	0	0	0	2	-314	2433
8	0	0	0	0	0	0	0	2	-314	2433
8	0	0	0	0	0	0	0	2	-314	2433
8	0	0	0	0	0	0	0	2	-314	2433
8	0	0	0	0	0	0	0	2	-314	2433
8	0	0	0	0	0	0	0	2	-314	2433
8	0	0	0	0	0	0	0	2	-314	2433
8	0	0	0	0	0	0	0	2	-314	2433
8	0	0	0	0	0	0	0	2	-314	2433
8	0	0	0	0	0	0	0	2	-314	2433
8	0	0	0	0	0	0	0	2	-314	2433
8	0	0	0	0	0	0	0	2	-314	2433
8	0	0	0	0	0	0	0	2	-314	2433
8	0	0	0	0	0	0	0	2	-314	2433
8	0	0	0	0	0	0	0	2	-314	2433
8	0	0	0	0	0	0	0	2	-314	2433
8	0	0	0	0	0	0	0	2	-314	2433
8	0	0	0	0	0	0	0	2	-314	2433
8	0	0	0	0	0	0	0	2	-314	2433
8	0	0	0	0	0	0	0	2	-314	2433
8	0	0	0	0	0	0	0	2	-314	2433
8	0	0	0	0	0	0	0	2	-314	2433
8	0	0	0	0	0	0	0	2	-314	2433
8	0	0	0	0	0	0	0	2	-314	2433
8	0	0	0	0	0	0	0	2	-314	2433
