bat	flyst.	alt	vx	vy	vz	theta	phi	psi	px	py
0	0	0	0	0	0	0	0	0	0	0
0	0	0	0	0	0	0	0	0	0	0
0	0	0	0	0	0	0	0	0	0	0
0	0	0	0	0	0	0	0	0	0	0
0	0	0	0	0	0	0	0	0	0	0
0	0	0	0	0	0	0	0	0	0	0
0	0	0	0	0	0	0	0	0	0	0
0	0	0	0	0	0	0	0	0	0	0
0	0	0	0	0	0	0	0	0	0	0
0	0	0	0	0	0	0	0	0	0	0
0	0	0	0	0	0	0	0	0	0	0
0	0	0	0	0	0	0	0	0	0	0
0	0	0	0	0	0	0	0	0	0	0
0	0	0	0	0	0	0	0	0	0	0
0	0	0	0	0	0	0	0	0	0	0
0	0	0	0	0	0	0	0	0	0	0
0	0	0	0	0	0	0	0	0	0	0
0	0	0	0	0	0	0	0	0	0	0
0	0	0	0	0	0	0	0	0	0	0
0	0	0	0	0	0	0	0	0	0	0
0	0	0	0	0	0	0	0	0	0	0
0	0	0	0	0	0	0	0	0	0	0
0	0	0	0	0	0	0	0	0	0	0
0	0	0	0	0	0	0	0	0	0	0
0	0	0	0	0	0	0	0	0	0	0
0	0	0	0	0	0	0	0	0	0	0
0	0	0	0	0	0	0	0	0	0	0
0	0	0	0	0	0	0	0	0	0	0
0	0	0	0	0	0	0	0	0	0	0
0	0	0	0	0	0	0	0	0	0	0
0	0	0	0	0	0	0	0	0	0	0
0	0	0	0	0	0	0	0	0	0	0
0	0	0	0	0	0	0	0	0	0	0
0	0	0	0	0	0	0	0	0	0	0
0	0	0	0	0	0	0	0	0	0	0
0	0	0	0	0	0	0	0	0	0	0
0	0	0	0	0	0	0	0	0	0	0
0	0	0	0	0	0	0	0	0	0	0
0	0	0	0	0	0	0	0	0	0	0
0	0	0	0	0	0	0	0	0	0	0
0	0	0	0	0	0	0	0	0	0	0
0	0	0	0	0	0	0	0	0	0	0
0	0	0	0	0	0	0	0	0	0	0
0	0	0	0	0	0	0	0	0	0	0
0	0	0	0	0	0	0	0	0	0	0
0	0	0	0	0	0	0	0	0	0	0
0	0	0	0	0	0	0	0	0	0	0
0	0	0	0	0	0	0	0	0	0	0
0	0	0	0	0	0	0	0	0	0	0
0	0	0	0	0	0	0	0	0	0	0
0	0	0	0	0	0	0	0	0	0	0
0	0	0	0	0	0	0	0	0	0	0
0	0	0	0	0	0	0	0	0	0	0
0	0	0	0	0	0	0	0	0	0	0
0	0	0	0	0	0	0	0	0	0	0
0	0	0	0	0	0	0	0	0	0	0
0	0	0	0	0	0	0	0	0	0	0
0	0	0	0	0	0	0	0	0	0	0
0	0	0	0	0	0	0	0	0	0	0
0	0	0	0	0	0	0	0	0	0	0
0	0	0	0	0	0	0	0	0	0	0
0	0	0	0	0	0	0	0	0	0	0
0	0	0	0	0	0	0	0	0	0	0
0	0	0	0	0	0	0	0	0	0	0
0	0	0	0	0	0	0	0	0	0	0
0	0	0	0	0	0	0	0	0	0	0
0	0	0	0	0	0	0	0	0	0	0
0	0	0	0	0	0	0	0	0	0	0
0	0	0	0	0	0	0	0	0	0	0
0	0	0	0	0	0	0	0	0	0	0
0	0	0	0	0	0	0	0	0	0	0
0	0	0	0	0	0	0	0	0	0	0
0	0	0	0	0	0	0	0	0	0	0
0	0	0	0	0	0	0	0	0	0	0
0	0	0	0	0	0	0	0	0	0	0
0	0	0	0	0	0	0	0	0	0	0
0	0	0	0	0	0	0	0	0	0	0
0	0	0	0	0	0	0	0	0	0	0
60	0	0	0	0	0	-1	0	32	0	0
60	0	0	0	0	0	-1	0	32	0	0
60	0	0	0	0	0	-1	0	32	0	0
60	0	0	0	0	0	-1	0	32	0	0
60	0	0	0	0	0	-1	0	32	0	0
60	0	0	0	0	0	-1	0	32	0	0
60	0	0	0	0	0	-1	0	32	0	0
60	0	0	0	0	0	-1	0	32	0	0
60	0	0	0	0	0	-1	0	32	0	0
60	0	0	0	0	0	-1	0	32	0	0
60	0	0	0	0	0	-1	0	32	0	0
60	0	0	0	0	0	-1	0	32	0	0
60	0	0	0	0	0	-1	0	32	0	0
60	0	0	0	0	0	-1	0	32	0	0
60	0	0	0	0	0	-1	0	32	0	0
60	0	0	0	0	0	-1	0	32	0	0
60	0	0	0	0	0	-1	0	32	0	0
60	0	0	0	0	0	-1	0	32	0	0
60	0	0	0	0	0	-1	0	32	0	0
60	0	0	0	0	0	-1	0	32	0	0
60	0	0	0	0	0	-1	0	32	0	0
60	0	0	0	0	0	-1	0	32	0	0
60	0	0	0	0	0	-1	0	32	0	0
60	0	0	0	0	0	-1	0	32	0	0
60	0	0	0	0	0	-1	0	32	0	0
60	0	0	0	0	0	-1	0	32	0	0
60	0	0	0	0	0	-1	0	32	0	0
60	0	0	0	0	0	-1	0	32	0	0
60	0	0	0	0	0	-1	0	32	0	0
60	0	0	0	0	0	-1	0	32	0	0
60	0	0	0	0	0	-1	0	32	0	0
60	0	0	0	0	0	-1	0	32	0	0
60	0	0	0	0	0	-1	0	32	0	0
60	0	0	0	0	0	-1	0	32	0	0
60	0	0	0	0	0	-1	0	32	0	0
60	0	0	0	0	0	-1	0	32	0	0
60	0	0	0	0	0	-1	0	32	0	0
60	0	0	0	0	0	-1	0	32	0	0
60	0	0	0	0	0	-1	0	32	0	0
60	0	0	0	0	0	-1	0	32	0	0
60	0	0	0	0	0	-1	0	32	0	0
60	0	0	0	0	0	-1	0	32	0	0
60	0	0	0	0	0	-1	0	32	0	0
60	0	0	0	0	0	-1	0	32	0	0
60	0	0	0	0	0	-1	0	32	0	0
60	0	0	0	0	0	-1	0	32	0	0
60	0	0	0	0	0	-1	0	32	0	0
60	0	0	0	0	0	-1	0	32	0	0
60	0	0	0	0	0	-1	0	32	0	0
60	0	0	0	0	0	-1	0	32	0	0
60	0	0	0	0	0	-1	0	32	0	0
60	0	0	0	0	0	-1	0	32	0	0
60	0	0	0	0	0	-1	0	32	0	0
60	0	0	0	0	0	-1	0	32	0	0
60	0	0	0	0	0	-1	0	32	0	0
60	0	0	0	0	0	-1	0	32	0	0
60	0	0	0	0	0	-1	0	32	0	0
60	0	0	0	0	0	-1	0	32	0	0
60	0	0	0	0	0	-1	0	32	0	0
60	0	0	0	0	0	-1	0	32	0	0
60	0	0	0	0	0	-1	0	32	0	0
60	0	0	0	0	0	-1	0	32	0	0
60	0	0	0	0	0	-1	0	32	0	0
60	0	0	0	0	0	-1	0	32	0	0
60	0	0	0	0	0	-1	0	32	0	0
60	0	0	0	0	0	-1	0	32	0	0
60	0	0	0	0	0	-1	0	32	0	0
60	0	0	0	0	0	-1	0	32	0	0
60	0	0	0	0	0	-1	0	32	0	0
60	0	0	0	0	0	-1	0	32	0	0
60	0	0	0	0	0	-1	0	32	0	0
60	0	0	0	0	0	-1	0	32	0	0
60	0	0	0	0	0	-1	0	32	0	0
60	0	0	0	0	0	-1	0	32	0	0
60	0	0	0	0	0	-1	0	32	0	0
60	0	0	0	0	0	-1	0	32	0	0
60	0	0	0	0	0	-1	0	32	0	0
60	0	0	0	0	0	-1	0	32	0	0
60	0	0	0	0	0	-1	0	32	0	0
60	0	0	0	0	0	-1	0	32	0	0
60	0	0	0	0	0	-1	0	32	0	0
60	0	0	0	0	0	-1	0	32	0	0
60	0	0	0	0	0	-1	0	32	0	0
60	0	0	0	0	0	-1	0	32	0	0
60	0	0	0	0	0	-1	0	32	0	0
60	0	0	0	0	0	-1	0	32	0	0
60	0	0	0	0	0	-1	0	32	0	0
60	0	0	0	0	0	-1	0	32	0	0
60	0	0	0	0	0	-1	0	32	0	0
60	0	0	0	0	0	-1	0	32	0	0
60	0	0	0	0	0	-1	0	32	0	0
60	0	0	0	0	0	-1	0	32	0	0
60	0	0	0	0	0	-1	0	32	0	0
60	0	0	0	0	0	-1	0	32	0	0
60	0	0	0	0	0	-1	0	32	0	0
60	0	0	0	0	0	-1	0	32	0	0
60	0	0	0	0	0	-1	0	32	0	0
60	0	0	0	0	0	-1	0	32	0	0
60	0	0	0	0	0	-1	0	32	0	0
60	0	0	0	0	0	-1	0	32	0	0
60	0	0	0	0	0	-1	0	32	0	0
60	0	0	0	0	0	-1	0	32	0	0
60	0	0	0	0	0	-1	0	32	0	0
0	0	0	0	0	0	0	0	0	0	0
60	0	0	0	0	0	0	0	32	0	0
60	0	0	0	0	0	0	0	32	0	0
60	0	0	0	0	0	0	0	32	0	0
60	0	0	0	0	0	0	0	32	0	0
60	0	0	0	0	0	0	0	32	0	0
60	0	0	0	0	0	0	0	32	0	0
60	0	0	0	0	0	0	0	32	0	0
60	0	0	0	0	0	0	0	32	0	0
66	0	0	0	0	0	0	0	32	0	0
66	0	0	0	0	0	0	0	32	0	0
66	0	0	0	0	0	0	0	32	0	0
66	0	0	0	0	0	0	0	32	0	0
66	0	0	0	0	0	0	0	32	0	0
66	0	0	0	0	0	0	0	32	0	0
66	0	0	0	0	0	0	0	32	0	0
66	0	0	0	0	0	0	0	32	0	0
66	0	0	0	0	0	0	0	32	0	0
66	0	0	0	0	0	0	0	32	0	0
66	0	0	0	0	0	0	0	32	0	0
66	0	0	0	0	0	0	0	32	0	0
66	0	0	0	0	0	0	0	32	0	0
66	0	0	0	0	0	0	0	32	0	0
66	0	0	0	0	0	0	0	32	0	0
66	0	0	0	0	0	0	0	32	0	0
66	0	0	0	0	0	0	0	32	0	0
66	0	0	0	0	0	0	0	32	0	0
66	0	0	0	0	0	0	0	32	0	0
66	0	0	0	0	0	0	0	32	0	0
66	0	0	0	0	0	0	0	32	0	0
66	0	0	0	0	0	0	0	32	0	0
66	0	0	0	0	0	0	0	32	0	0
66	0	0	0	0	0	0	0	32	0	0
66	0	0	0	0	0	0	0	32	0	0
66	0	0	0	0	0	0	0	32	0	0
66	0	0	0	0	0	0	0	32	0	0
66	0	0	0	0	0	0	0	32	0	0
66	0	0	0	0	0	0	0	32	0	0
66	0	0	0	0	0	0	0	32	0	0
66	0	0	0	0	0	0	0	32	0	0
66	0	0	0	0	0	0	0	32	0	0
66	0	0	0	0	0	0	0	32	0	0
66	0	0	0	0	0	0	0	32	0	0
66	0	0	0	0	0	0	0	32	0	0
66	0	0	0	0	0	0	0	32	0	0
66	0	0	0	0	0	0	0	32	0	0
66	0	0	0	0	0	0	0	32	0	0
66	0	0	0	0	0	0	0	32	0	0
66	0	0	0	0	0	0	0	32	0	0
66	0	0	0	0	0	0	0	32	0	0
66	0	0	0	0	0	0	0	32	0	0
66	0	0	0	0	0	0	0	32	0	0
66	0	0	0	0	0	0	0	32	0	0
66	0	0	0	0	0	0	0	32	0	0
66	0	0	0	0	0	0	0	32	0	0
66	0	0	0	0	0	0	0	32	0	0
66	0	0	0	0	0	0	0	32	0	0
66	0	0	0	0	0	0	0	32	0	0
72	0	0	0	0	0	0	0	32	0	0
72	0	0	0	0	0	0	0	32	0	0
72	0	0	0	0	0	0	0	32	0	0
72	0	0	0	0	0	0	0	32	0	0
72	0	0	0	0	0	0	0	32	0	0
72	0	0	0	0	0	0	0	32	0	0
72	0	0	0	2	0	0	0	32	0	0
72	0	0	0	2	0	0	0	32	0	0
72	0	0	0	2	0	0	0	32	0	0
72	0	0	0	2	0	0	0	32	0	0
72	0	0	0	0	0	0	0	32	0	0
72	0	0	0	0	0	0	0	32	0	0
72	0	0	0	0	0	0	0	32	0	0
72	0	0	1	0	0	0	0	33	0	0
72	0	0	1	0	0	0	0	33	0	0
72	0	0	1	0	0	0	0	33	0	0
72	0	0	0	0	0	0	0	33	0	0
72	0	0	0	0	0	0	0	33	0	0
72	0	0	0	0	0	0	0	33	0	0
72	0	0	0	0	0	0	0	33	0	0
72	0	0	0	0	0	0	0	33	0	0
72	0	0	0	0	0	0	0	33	0	0
72	0	0	0	1	0	0	0	33	0	0
72	0	0	0	1	0	0	0	33	0	0
72	0	0	0	1	0	0	0	33	0	0
72	0	0	0	0	0	0	0	33	0	0
72	0	0	0	0	0	0	0	33	0	0
72	0	0	0	0	0	0	0	33	0	0
72	0	0	0	1	0	0	0	33	0	0
72	0	0	0	1	0	0	0	33	0	0
72	0	0	0	1	0	0	0	33	0	0
72	0	0	0	0	0	0	0	33	0	0
72	0	0	0	0	0	0	0	33	0	0
72	0	0	0	0	0	0	0	33	0	0
72	0	0	0	0	0	0	0	33	0	0
72	0	0	0	0	0	0	0	33	0	0
72	0	0	0	0	0	0	0	33	0	0
72	0	0	0	0	0	0	0	33	0	0
72	0	0	0	0	0	0	0	33	0	0
72	0	0	0	0	0	0	0	33	0	0
72	0	0	0	0	0	0	0	33	0	0
72	0	0	-1	0	0	0	0	33	0	0
72	0	0	-1	0	0	0	0	33	0	0
72	0	0	-1	0	0	0	0	33	0	0
72	0	0	0	-1	0	0	0	33	0	0
72	0	0	0	-1	0	0	0	33	0	0
72	0	0	0	-1	0	0	0	33	0	0
72	0	0	0	0	0	0	0	33	0	0
72	0	0	0	0	0	0	0	33	0	0
72	0	0	0	0	0	0	0	33	0	0
72	0	0	0	0	0	0	0	33	0	0
72	0	0	0	0	0	0	0	33	0	0
72	0	0	0	0	0	0	0	33	0	0
72	0	0	-1	1	0	0	0	33	0	0
72	0	0	-1	1	0	0	0	33	0	0
72	0	0	-1	1	0	0	0	33	0	0
72	0	0	0	2	0	0	0	33	0	0
72	0	0	0	2	0	0	0	33	0	0
72	0	0	0	2	0	0	0	33	0	0
72	0	0	0	-1	0	0	0	33	0	0
72	0	0	0	-1	0	0	0	33	0	0
72	0	0	0	-1	0	0	0	33	0	0
72	0	0	-1	0	0	0	0	33	0	0
72	0	0	-1	0	0	0	0	33	0	0
72	0	0	-1	0	0	0	0	33	0	0
72	0	0	-1	3	0	0	0	33	0	0
72	0	0	-1	3	0	0	0	33	0	0
72	0	0	-1	3	0	0	0	33	0	0
72	0	0	0	4	0	0	0	33	0	0
72	0	0	0	4	0	0	0	33	0	0
72	0	0	0	4	0	0	0	33	0	0
72	0	0	-2	1	0	0	0	33	0	0
72	0	0	-2	1	0	0	0	33	0	0
72	0	0	-2	1	0	0	0	33	0	0
72	0	0	0	-4	0	0	0	33	0	1
72	0	0	0	-4	0	0	0	33	0	0
72	0	0	0	-4	0	0	0	33	0	0
72	0	0	0	-4	0	0	0	33	0	0
72	0	0	-1	-1	0	0	0	33	0	0
72	0	0	-1	-1	0	0	0	33	0	0
72	0	0	-1	-1	0	0	0	33	0	0
72	0	0	-3	1	0	0	0	33	0	0
72	0	0	-3	1	0	0	0	33	0	0
72	0	0	-3	1	0	0	0	33	0	0
72	0	0	0	2	0	0	0	33	0	0
72	0	0	0	2	0	0	0	33	0	0
72	0	0	0	2	0	0	0	33	0	0
72	0	0	2	3	0	-1	0	-23	0	0
72	0	0	2	3	0	-1	0	-23	0	0
72	0	0	2	3	0	-1	0	-23	0	0
72	0	245	18	14	0	-1	0	-23	0	1
72	0	245	18	14	0	-1	0	-23	0	1
72	0	245	18	14	0	-1	0	-23	0	1
72	0	243	44	31	0	-2	1	-22	0	1
72	0	243	44	31	0	-2	1	-22	1	2
72	0	243	44	31	0	-2	1	-22	2	3
65	0	269	96	67	0	-2	2	-22	3	3
65	0	269	96	67	0	-2	2	-22	5	5
65	0	269	96	67	0	-2	2	-22	7	6
65	0	257	37	14	0	-2	2	-22	9	8
65	0	257	37	14	0	-2	2	-22	10	8
65	0	257	37	14	0	-2	2	-22	11	8
65	0	306	-13	40	0	-3	2	-22	12	9
65	0	306	-13	40	0	-3	2	-22	11	10
65	0	306	-13	40	0	-3	2	-22	11	10
65	0	374	84	39	0	-2	2	-22	11	11
65	0	374	84	39	0	-2	2	-22	12	12
65	0	374	84	39	0	-2	2	-22	14	13
65	0	294	-32	-58	0	-1	2	-22	16	14
65	0	294	-32	-58	0	-1	2	-22	15	12
65	0	294	-32	-58	0	-1	2	-22	15	11
65	0	294	-32	-58	0	-1	2	-22	14	10
65	0	341	-72	-116	0	0	1	-22	13	9
65	0	341	-72	-116	0	0	1	-22	12	6
65	0	341	-72	-116	0	0	1	-22	10	4
65	0	390	-53	-219	0	0	1	-22	9	1
65	0	390	-53	-219	0	0	1	-22	8	-2
65	0	390	-53	-219	0	0	1	-22	6	-7
65	0	444	-59	-184	0	0	2	-22	5	-11
65	0	444	-59	-184	0	0	2	-22	4	-15
65	0	444	-59	-184	0	0	2	-22	3	-19
65	0	502	-69	-138	0	0	3	-22	2	-23
65	0	502	-69	-138	0	0	3	-22	0	-26
65	0	502	-69	-138	0	0	3	-22	0	-29
65	0	547	-76	-104	0	0	3	-22	-2	-32
65	0	547	-76	-104	0	0	3	-22	-3	-34
65	0	547	-76	-104	0	0	3	-22	-5	-36
65	0	582	-79	-82	0	0	2	-22	-7	-38
65	0	582	-79	-82	0	0	2	-22	-8	-40
65	0	582	-79	-82	0	0	2	-22	-10	-42
65	0	613	-80	-65	0	0	2	-22	-12	-44
65	0	613	-80	-65	0	0	2	-22	-13	-45
65	0	613	-80	-65	0	0	2	-22	-15	-46
65	0	625	-78	-56	0	0	1	-23	-17	-48
65	0	625	-78	-56	0	0	1	-23	-18	-49
65	0	625	-78	-56	0	0	1	-23	-20	-50
65	0	639	-75	-48	0	0	1	-23	-22	-51
65	0	639	-75	-48	0	0	1	-23	-23	-52
65	0	639	-75	-48	0	0	1	-23	-25	-53
65	0	641	-71	-44	0	0	0	-23	-26	-54
65	0	641	-71	-44	0	0	0	-23	-28	-55
65	0	641	-71	-44	0	0	0	-23	-29	-56
54	0	641	-69	-41	0	0	0	-23	-31	-57
54	0	641	-69	-41	0	0	0	-23	-32	-58
54	0	641	-69	-41	0	0	0	-23	-34	-59
54	0	641	-69	-41	0	0	0	-23	-35	-60
54	0	647	-66	-39	0	0	0	-23	-37	-61
54	0	647	-66	-39	0	0	0	-23	-38	-61
54	0	647	-66	-39	0	0	0	-23	-40	-62
54	0	650	-64	-35	0	0	0	-23	-41	-63
54	0	650	-64	-35	0	0	0	-23	-42	-64
54	0	650	-64	-35	0	0	0	-23	-44	-65
54	0	652	-62	-30	0	0	0	-23	-45	-65
54	0	652	-62	-30	0	0	0	-23	-46	-66
54	0	652	-62	-30	0	0	0	-23	-48	-67
54	0	657	-60	-24	0	0	1	-23	-49	-67
54	0	657	-60	-24	0	0	1	-23	-50	-68
54	0	657	-60	-24	0	0	1	-23	-52	-68
54	0	660	-57	-20	0	0	0	-23	-53	-69
54	0	660	-57	-20	0	0	0	-23	-54	-69
54	0	660	-57	-20	0	0	0	-23	-55	-70
54	0	667	-54	-16	0	0	0	-23	-56	-70
54	0	667	-54	-16	0	0	0	-23	-58	-70
54	0	667	-54	-16	0	0	0	-23	-59	-71
54	0	666	-48	-13	0	0	0	-23	-60	-71
54	0	666	-48	-13	0	0	0	-23	-61	-71
54	0	666	-48	-13	0	0	0	-23	-62	-72
54	0	667	-42	-12	0	0	0	-23	-63	-72
54	0	667	-42	-12	0	0	0	-23	-64	-72
54	0	667	-42	-12	0	0	0	-23	-65	-72
54	0	667	-42	-12	0	0	0	-23	-66	-73
54	0	674	-37	-11	0	0	0	-23	-67	-73
54	0	674	-37	-11	0	0	0	-23	-67	-73
54	0	674	-37	-11	0	0	0	-23	-68	-73
54	0	678	-32	-9	0	0	0	-23	-69	-74
54	0	678	-32	-9	0	0	0	-23	-70	-74
54	0	678	-32	-9	0	0	0	-23	-70	-74
54	0	682	-32	-13	0	0	0	-23	-71	-74
54	0	682	-32	-13	0	0	0	-23	-72	-75
54	0	682	-32	-13	0	0	0	-23	-72	-75
54	0	687	-40	-37	0	0	-2	-24	-73	-75
54	0	687	-40	-37	0	0	-2	-24	-74	-76
54	0	687	-40	-37	0	0	-2	-24	-75	-77
54	0	692	-51	-92	0	1	-5	-24	-75	-78
54	0	692	-51	-92	0	1	-5	-24	-77	-79
54	0	692	-51	-92	0	1	-5	-24	-78	-81
54	0	693	-66	-166	0	1	-7	-24	-79	-83
54	0	693	-66	-166	0	1	-7	-24	-80	-87
54	0	693	-66	-166	0	1	-7	-24	-82	-90
54	0	698	-82	-258	0	1	-8	-24	-83	-94
54	0	698	-82	-258	0	1	-8	-24	-85	-99
54	0	698	-82	-258	0	1	-8	-24	-86	-105
47	0	705	-98	-359	0	1	-9	-24	-88	-110
47	0	705	-98	-359	0	1	-9	-24	-90	-118
47	0	705	-98	-359	0	1	-9	-24	-92	-125
47	0	707	-122	-445	0	2	-6	-24	-94	-133
47	0	707	-122	-445	0	2	-6	-24	-97	-142
47	0	707	-122	-445	0	2	-6	-24	-99	-151
47	0	711	-141	-462	0	1	0	-23	-102	-161
47	0	711	-141	-462	0	1	0	-23	-105	-170
47	0	711	-141	-462	0	1	0	-23	-108	-180
47	0	708	-149	-419	0	0	4	-23	-111	-190
47	0	708	-149	-419	0	0	4	-23	-114	-199
47	0	708	-149	-419	0	0	4	-23	-117	-208
47	0	709	-145	-333	0	0	7	-23	-120	-216
47	0	709	-145	-333	0	0	7	-23	-123	-223
47	0	709	-145	-333	0	0	7	-23	-126	-230
47	0	709	-145	-333	0	0	7	-23	-130	-237
47	0	706	-132	-231	0	0	8	-24	-133	-244
47	0	706	-132	-231	0	0	8	-24	-135	-249
47	0	706	-132	-231	0	0	8	-24	-138	-254
47	0	706	-114	-132	0	-1	7	-24	-141	-259
47	0	706	-114	-132	0	-1	7	-24	-144	-262
47	0	706	-114	-132	0	-1	7	-24	-146	-265
47	0	704	-96	-51	0	-1	6	-24	-148	-267
47	0	704	-96	-51	0	-1	6	-24	-150	-269
47	0	704	-96	-51	0	-1	6	-24	-152	-270
47	0	702	-79	8	0	-1	5	-24	-154	-271
47	0	702	-79	8	0	-1	5	-24	-156	-271
47	0	702	-79	8	0	-1	5	-24	-158	-270
47	0	702	-61	52	0	0	3	-24	-159	-270
47	0	702	-61	52	0	0	3	-24	-161	-269
47	0	702	-61	52	0	0	3	-24	-162	-268
47	0	702	-59	54	0	0	0	-24	-163	-267
47	0	702	-59	54	0	0	0	-24	-164	-266
47	0	702	-59	54	0	0	0	-24	-166	-265
47	0	703	-76	4	0	2	-5	-24	-167	-264
47	0	703	-76	4	0	2	-5	-24	-169	-263
47	0	703	-76	4	0	2	-5	-24	-170	-263
47	0	702	-101	-78	0	2	-7	-24	-172	-263
47	0	702	-101	-78	0	2	-7	-24	-174	-265
47	0	702	-101	-78	0	2	-7	-24	-176	-267
47	0	702	-126	-177	0	2	-9	-24	-178	-268
47	0	702	-126	-177	0	2	-9	-24	-181	-272
47	0	702	-126	-177	0	2	-9	-24	-184	-276
47	0	699	-149	-283	0	2	-10	-24	-186	-279
47	0	699	-149	-283	0	2	-10	-24	-189	-285
47	0	699	-149	-283	0	2	-10	-24	-192	-291
43	0	702	-168	-392	0	1	-10	-24	-196	-297
43	0	702	-168	-392	0	1	-10	-24	-199	-305
43	0	702	-168	-392	0	1	-10	-24	-203	-314
43	0	702	-168	-392	0	1	-10	-24	-206	-322
43	0	703	-178	-494	0	1	-10	-24	-210	-330
43	0	703	-178	-494	0	1	-10	-24	-214	-341
43	0	703	-178	-494	0	1	-10	-24	-217	-351
43	0	703	-183	-588	0	0	-10	-24	-221	-361
43	0	703	-183	-588	0	0	-10	-24	-225	-374
43	0	703	-183	-588	0	0	-10	-24	-229	-386
43	0	694	-185	-668	0	0	-9	-24	-233	-398
43	0	694	-185	-668	0	0	-9	-24	-236	-412
43	0	694	-185	-668	0	0	-9	-24	-240	-427
43	0	685	-185	-742	0	0	-9	-24	-244	-441
43	0	685	-185	-742	0	0	-9	-24	-248	-456
43	0	685	-185	-742	0	0	-9	-24	-252	-472
43	0	679	-184	-814	0	0	-8	-23	-256	-487
43	0	679	-184	-814	0	0	-8	-23	-260	-504
43	0	679	-184	-814	0	0	-8	-23	-264	-522
43	0	671	-183	-850	0	0	-5	-23	-268	-539
43	0	671	-183	-850	0	0	-5	-23	-271	-557
43	0	671	-183	-850	0	0	-5	-23	-275	-574
43	0	665	-176	-852	0	0	-1	-23	-279	-592
43	0	665	-176	-852	0	0	-1	-23	-283	-610
43	0	665	-176	-852	0	0	-1	-23	-287	-628
43	0	661	-169	-819	0	0	1	-23	-290	-646
43	0	661	-169	-819	0	0	1	-23	-294	-663
43	0	661	-169	-819	0	0	1	-23	-297	-681
43	0	658	-161	-755	0	0	3	-23	-301	-698
43	0	658	-161	-755	0	0	3	-23	-304	-714
43	0	658	-161	-755	0	0	3	-23	-308	-730
43	0	655	-150	-664	0	0	6	-23	-311	-745
43	0	655	-150	-664	0	0	6	-23	-314	-759
43	0	655	-150	-664	0	0	6	-23	-317	-773
43	0	655	-150	-664	0	0	6	-23	-321	-787
43	0	652	-139	-551	0	0	8	-23	-324	-801
43	0	652	-139	-551	0	0	8	-23	-327	-813
43	0	652	-139	-551	0	0	8	-23	-330	-824
43	0	651	-128	-420	0	0	10	-23	-333	-836
43	0	651	-128	-420	0	0	10	-23	-335	-845
43	0	651	-128	-420	0	0	10	-23	-338	-853
43	0	650	-119	-278	0	0	10	-23	-341	-862
43	0	650	-119	-278	0	0	10	-23	-343	-868
43	0	650	-119	-278	0	0	10	-23	-346	-874
43	0	650	-109	-150	0	0	9	-23	-348	-880
43	0	650	-109	-150	0	0	9	-23	-351	-883
43	0	650	-109	-150	0	0	9	-23	-353	-886
43	0	651	-99	-50	0	0	7	-23	-355	-889
43	0	651	-99	-50	0	0	7	-23	-357	-890
43	0	651	-99	-50	0	0	7	-23	-359	-891
39	0	648	-45	42	0	0	4	-23	-361	-892
39	0	648	-45	42	0	0	4	-23	-362	-891
39	0	648	-45	42	0	0	4	-23	-363	-891
39	0	649	-34	75	0	0	2	-23	-364	-890
39	0	649	-34	75	0	0	2	-23	-365	-888
39	0	649	-34	75	0	0	2	-23	-366	-886
39	0	651	-26	81	0	0	0	-23	-366	-885
39	0	651	-26	81	0	0	0	-23	-367	-883
39	0	651	-26	81	0	0	0	-23	-367	-881
39	0	648	-22	70	0	0	-1	-23	-368	-880
39	0	648	-22	70	0	0	-1	-23	-368	-878
39	0	648	-22	70	0	0	-1	-23	-369	-877
39	0	647	-18	51	0	0	-1	-23	-369	-875
39	0	647	-18	51	0	0	-1	-23	-370	-874
39	0	647	-18	51	0	0	-1	-23	-370	-873
39	0	647	-18	51	0	0	-1	-23	-371	-872
39	0	648	-16	30	0	0	-1	-23	-371	-871
39	0	648	-16	30	0	0	-1	-23	-371	-870
39	0	648	-16	30	0	0	-1	-23	-372	-870
39	0	649	-16	10	0	0	-1	-23	-372	-869
39	0	649	-16	10	0	0	-1	-23	-372	-869
39	0	649	-16	10	0	0	-1	-23	-373	-869
39	0	650	-15	1	0	0	0	-23	-373	-868
39	0	650	-15	1	0	0	0	-23	-373	-868
39	0	650	-15	1	0	0	0	-23	-374	-868
39	0	654	-25	13	0	1	1	-23	-374	-868
39	0	654	-25	13	0	1	1	-23	-375	-868
39	0	654	-25	13	0	1	1	-23	-375	-868
39	0	657	-58	30	0	3	1	-23	-376	-867
39	0	657	-58	30	0	3	1	-23	-377	-867
39	0	657	-58	30	0	3	1	-23	-378	-866
39	0	663	-121	47	0	6	1	-23	-379	-866
39	0	663	-121	47	0	6	1	-23	-382	-865
39	0	663	-121	47	0	6	1	-23	-384	-864
39	0	672	-209	60	0	8	1	-23	-387	-863
39	0	672	-209	60	0	8	1	-23	-391	-861
39	0	672	-209	60	0	8	1	-23	-396	-860
39	0	680	-312	66	0	10	0	-23	-400	-859
39	0	680	-312	66	0	10	0	-23	-407	-857
39	0	680	-312	66	0	10	0	-23	-413	-856
39	0	686	-416	67	0	9	0	-23	-420	-855
39	0	686	-416	67	0	9	0	-23	-429	-853
39	0	686	-416	67	0	9	0	-23	-437	-852
39	0	690	-483	62	0	6	0	-23	-446	-850
39	0	690	-483	62	0	6	0	-23	-456	-849
39	0	690	-483	62	0	6	0	-23	-467	-848
39	0	690	-483	62	0	6	0	-23	-477	-846
35	0	691	-517	44	0	4	-2	-23	-487	-845
35	0	691	-517	44	0	4	-2	-23	-498	-844
35	0	691	-517	44	0	4	-2	-23	-509	-843
35	0	691	-523	4	0	1	-4	-22	-519	-842
35	0	691	-523	4	0	1	-4	-22	-530	-842
35	0	691	-523	4	0	1	-4	-22	-542	-842
35	0	691	-511	-61	0	0	-7	-22	-553	-842
35	0	691	-511	-61	0	0	-7	-22	-563	-843
35	0	691	-511	-61	0	0	-7	-22	-574	-845
35	0	693	-483	-150	0	-1	-9	-22	-585	-846
35	0	693	-483	-150	0	-1	-9	-22	-595	-849
35	0	693	-483	-150	0	-1	-9	-22	-605	-852
35	0	695	-448	-256	0	-1	-10	-22	-615	-855
35	0	695	-448	-256	0	-1	-10	-22	-625	-861
35	0	695	-448	-256	0	-1	-10	-22	-634	-866
35	0	704	-404	-356	0	-2	-9	-22	-643	-872
35	0	704	-404	-356	0	-2	-9	-22	-652	-879
35	0	704	-404	-356	0	-2	-9	-22	-660	-887
35	0	708	-347	-429	0	-3	-7	-21	-669	-894
35	0	708	-347	-429	0	-3	-7	-21	-678	-906
35	0	708	-347	-429	0	-3	-7	-21	-685	-914
35	0	711	-284	-478	0	-4	-5	-21	-693	-923
35	0	711	-284	-478	0	-4	-5	-21	-699	-933
35	0	711	-284	-478	0	-4	-5	-21	-705	-943
35	0	714	-217	-500	0	-4	-3	-21	-711	-953
35	0	714	-217	-500	0	-4	-3	-21	-715	-964
35	0	714	-217	-500	0	-4	-3	-21	-720	-974
35	0	718	-153	-491	0	-4	0	-21	-724	-985
35	0	718	-153	-491	0	-4	0	-21	-727	-995
35	0	718	-153	-491	0	-4	0	-21	-731	-1006
35	0	720	-97	-466	0	-3	0	-22	-734	-1016
35	0	720	-97	-466	0	-3	0	-22	-736	-1026
35	0	720	-97	-466	0	-3	0	-22	-738	-1036
35	0	720	-52	-455	0	-2	-1	-22	-740	-1045
35	0	720	-52	-455	0	-2	-1	-22	-741	-1055
35	0	720	-52	-455	0	-2	-1	-22	-742	-1065
35	0	725	-19	-451	0	-2	-1	-22	-743	-1074
35	0	725	-19	-451	0	-2	-1	-22	-744	-1084
35	0	725	-19	-451	0	-2	-1	-22	-744	-1093
35	0	725	-19	-451	0	-2	-1	-22	-745	-1103
35	0	730	3	-428	0	-1	0	-22	-745	-1112
35	0	730	3	-428	0	-1	0	-22	-745	-1121
35	0	730	3	-428	0	-1	0	-22	-745	-1130
35	0	734	18	-395	0	0	1	-22	-745	-1139
35	0	734	18	-395	0	0	1	-22	-744	-1147
32	0	735	26	-352	0	0	2	-22	-744	-1161
32	0	735	26	-352	0	0	2	-22	-743	-1168
32	0	735	26	-352	0	0	2	-22	-743	-1175
32	0	735	26	-352	0	0	2	-22	-742	-1183
32	0	737	33	-302	0	0	3	-23	-742	-1190
32	0	737	33	-302	0	0	3	-23	-741	-1196
32	0	738	25	-239	0	1	4	-24	-740	-1203
32	0	738	25	-239	0	1	4	-24	-740	-1208
32	0	738	25	-239	0	1	4	-24	-739	-1213
32	0	738	7	-173	0	2	4	-26	-739	-1218
32	0	738	7	-173	0	2	4	-26	-738	-1221
32	0	738	7	-173	0	2	4	-26	-738	-1225
32	0	738	-20	-112	0	3	4	-28	-738	-1229
32	0	738	-20	-112	0	3	4	-28	-738	-1231
32	0	738	-20	-112	0	3	4	-28	-739	-1233
32	0	738	-20	-112	0	3	4	-28	-739	-1236
32	0	735	-50	-64	0	3	3	-31	-740	-1238
32	0	735	-50	-64	0	3	3	-31	-741	-1240
32	0	735	-50	-64	0	3	3	-31	-742	-1241
32	0	730	-82	-29	0	3	2	-34	-743	-1242
32	0	730	-82	-29	0	3	2	-34	-745	-1243
32	0	730	-82	-29	0	3	2	-34	-746	-1243
32	0	729	-110	-3	0	2	1	-38	-748	-1244
32	0	729	-110	-3	0	2	1	-38	-750	-1244
32	0	729	-110	-3	0	2	1	-38	-753	-1244
32	0	721	-129	4	0	1	0	-41	-755	-1244
32	0	721	-129	4	0	1	0	-41	-758	-1244
32	0	721	-129	4	0	1	0	-41	-760	-1244
32	0	715	-133	0	0	0	0	-45	-763	-1244
32	0	715	-133	0	0	0	0	-45	-766	-1244
32	0	715	-133	0	0	0	0	-45	-769	-1244
32	0	708	-123	-13	0	0	0	-49	-772	-1244
32	0	708	-123	-13	0	0	0	-49	-774	-1244
32	0	708	-123	-13	0	0	0	-49	-777	-1245
32	0	702	-103	-27	0	-1	-1	-53	-779	-1245
32	0	702	-103	-27	0	-1	-1	-53	-781	-1245
32	0	702	-103	-27	0	-1	-1	-53	-784	-1246
32	0	699	-77	-41	0	-1	-1	-56	-786	-1247
32	0	699	-77	-41	0	-1	-1	-56	-787	-1247
32	0	699	-77	-41	0	-1	-1	-56	-789	-1248
32	0	699	-47	-51	0	-1	0	-60	-791	-1249
32	0	699	-47	-51	0	-1	0	-60	-792	-1250
32	0	699	-47	-51	0	-1	0	-60	-793	-1251
32	0	699	-47	-51	0	-1	0	-60	-794	-1252
32	0	701	-16	-57	0	-1	0	-64	-795	-1254
32	0	701	-16	-57	0	-1	0	-64	-795	-1255
32	0	701	-16	-57	0	-1	0	-64	-795	-1256
32	0	704	15	-58	0	-1	0	-68	-796	-1257
32	0	704	15	-58	0	-1	0	-68	-795	-1258
32	0	704	15	-58	0	-1	0	-68	-795	-1260
28	0	706	40	-55	0	-1	0	-72	-795	-1261
28	0	706	40	-55	0	-1	0	-72	-794	-1262
28	0	706	40	-55	0	-1	0	-72	-793	-1263
28	0	711	61	-50	0	-1	0	-75	-792	-1264
28	0	711	61	-50	0	-1	0	-75	-791	-1265
28	0	711	61	-50	0	-1	0	-75	-789	-1267
28	0	720	77	-126	0	0	0	-79	-788	-1268
28	0	720	77	-126	0	0	0	-79	-787	-1270
28	0	720	77	-126	0	0	0	-79	-785	-1273
28	0	723	88	-185	0	0	0	-83	-783	-1276
28	0	723	88	-185	0	0	0	-83	-782	-1279
28	0	723	88	-185	0	0	0	-83	-780	-1283
28	0	730	103	-167	0	0	0	-86	-778	-1287
28	0	730	103	-167	0	0	0	-86	-776	-1291
28	0	730	103	-167	0	0	0	-86	-773	-1294
28	0	733	109	-147	0	0	0	-88	-771	-1298
28	0	733	109	-147	0	0	0	-88	-769	-1301
28	0	733	109	-147	0	0	0	-88	-767	-1304
28	0	735	105	-119	0	1	1	-89	-764	-1307
28	0	735	105	-119	0	1	1	-89	-762	-1310
28	0	735	105	-119	0	1	1	-89	-760	-1312
28	0	737	89	-86	0	1	2	-90	-758	-1315
28	0	737	89	-86	0	1	2	-90	-756	-1316
28	0	737	89	-86	0	1	2	-90	-754	-1318
28	0	739	70	-53	0	2	2	-91	-752	-1320
28	0	739	70	-53	0	2	2	-91	-751	-1321
28	0	739	70	-53	0	2	2	-91	-749	-1322
28	0	742	50	-24	0	1	1	-92	-748	-1323
28	0	742	50	-24	0	1	1	-92	-747	-1324
28	0	742	50	-24	0	1	1	-92	-745	-1324
28	0	742	50	-24	0	1	1	-92	-744	-1325
28	0	742	21	-46	0	1	1	-92	-743	-1326
28	0	742	21	-46	0	1	1	-92	-743	-1327
28	0	742	21	-46	0	1	1	-92	-742	-1327
28	0	744	8	-26	0	1	1	-92	-742	-1328
28	0	744	8	-26	0	1	1	-92	-742	-1329
28	0	744	8	-26	0	1	1	-92	-742	-1330
28	0	746	0	-8	0	0	0	-93	-741	-1330
28	0	746	0	-8	0	0	0	-93	-741	-1330
28	0	746	0	-8	0	0	0	-93	-741	-1331
28	0	749	-1	-9	0	0	-1	-93	-741	-1331
28	0	749	-1	-9	0	0	-1	-93	-741	-1331
28	0	749	-1	-9	0	0	-1	-93	-742	-1331
28	0	751	0	-17	0	0	-1	-93	-742	-1331
28	0	751	0	-17	0	0	-1	-93	-742	-1332
28	0	751	0	-17	0	0	-1	-93	-742	-1332
26	0	753	-11	-71	0	0	0	-93	-741	-1332
26	0	753	-11	-71	0	0	0	-93	-742	-1334
26	0	753	-11	-71	0	0	0	-93	-742	-1335
26	0	756	-1	-76	0	0	0	-93	-742	-1337
26	0	756	-1	-76	0	0	0	-93	-742	-1339
26	0	756	-1	-76	0	0	0	-93	-742	-1340
26	0	759	4	-140	0	0	0	-93	-742	-1342
26	0	759	4	-140	0	0	0	-93	-742	-1345
26	0	759	4	-140	0	0	0	-93	-742	-1348
26	0	763	10	-115	0	0	1	-93	-742	-1351
26	0	763	10	-115	0	0	1	-93	-742	-1353
26	0	763	10	-115	0	0	1	-93	-742	-1356
26	0	762	11	-97	0	0	2	-93	-741	-1358
26	0	762	11	-97	0	0	2	-93	-741	-1360
26	0	762	11	-97	0	0	2	-93	-741	-1362
26	0	762	11	-97	0	0	2	-93	-741	-1364
26	0	762	11	-72	0	0	2	-93	-740	-1366
26	0	762	11	-72	0	0	2	-93	-740	-1368
26	0	762	11	-72	0	0	2	-93	-740	-1369
26	0	765	13	-38	0	0	2	-93	-740	-1371
26	0	765	13	-38	0	0	2	-93	-739	-1372
26	0	765	13	-38	0	0	2	-93	-739	-1372
26	0	766	13	-8	0	0	1	-93	-739	-1373
26	0	766	13	-8	0	0	1	-93	-738	-1373
26	0	766	13	-8	0	0	1	-93	-738	-1373
26	0	766	12	14	0	0	1	-93	-738	-1374
26	0	766	12	14	0	0	1	-93	-738	-1373
26	0	766	12	14	0	0	1	-93	-737	-1373
26	0	768	11	30	0	0	0	-93	-737	-1373
26	0	768	11	30	0	0	0	-93	-737	-1372
26	0	768	11	30	0	0	0	-93	-737	-1371
26	0	769	10	41	0	0	0	-93	-736	-1371
26	0	769	10	41	0	0	0	-93	-736	-1370
26	0	769	10	41	0	0	0	-93	-736	-1369
26	0	768	-1	0	0	0	0	-93	-736	-1368
26	0	768	-1	0	0	0	0	-93	-736	-1368
26	0	768	-1	0	0	0	0	-93	-736	-1368
26	0	771	0	6	0	0	0	-93	-736	-1368
26	0	771	0	6	0	0	0	-93	-736	-1368
26	0	771	0	6	0	0	0	-93	-736	-1368
26	0	774	0	40	0	0	1	-93	-736	-1368
26	0	774	0	40	0	0	1	-93	-736	-1367
26	0	774	0	40	0	0	1	-93	-736	-1366
26	0	776	2	57	0	0	0	-93	-736	-1365
26	0	776	2	57	0	0	0	-93	-736	-1364
26	0	776	2	57	0	0	0	-93	-736	-1363
26	0	776	7	62	0	0	0	-93	-736	-1361
26	0	776	7	62	0	0	0	-93	-736	-1360
26	0	776	7	62	0	0	0	-93	-735	-1359
26	0	775	12	64	0	0	0	-93	-735	-1357
26	0	775	12	64	0	0	0	-93	-735	-1356
26	0	775	12	64	0	0	0	-93	-735	-1355
26	0	775	16	84	0	0	2	-93	-734	-1353
26	0	775	16	84	0	0	2	-93	-734	-1352
26	0	775	16	84	0	0	2	-93	-734	-1350
26	0	775	16	84	0	0	2	-93	-733	-1348
26	0	776	19	121	0	0	2	-93	-733	-1346
26	0	776	19	121	0	0	2	-93	-733	-1344
26	0	777	18	135	0	0	0	-93	-732	-1341
26	0	777	18	135	0	0	0	-93	-732	-1338
26	0	777	18	135	0	0	0	-93	-731	-1335
26	0	777	18	135	0	0	0	-93	-731	-1333
26	0	778	16	129	0	0	-1	-93	-731	-1330
26	0	778	16	129	0	0	-1	-93	-730	-1327
26	0	778	16	129	0	0	-1	-93	-730	-1324
26	0	777	15	105	0	0	-2	-93	-730	-1322
26	0	777	15	105	0	0	-2	-93	-729	-1319
26	0	777	15	105	0	0	-2	-93	-729	-1317
26	0	775	17	76	0	0	-2	-93	-729	-1315
26	0	775	17	76	0	0	-2	-93	-728	-1313
26	0	775	17	76	0	0	-2	-93	-728	-1312
26	0	776	15	47	0	0	-2	-93	-728	-1310
26	0	776	15	47	0	0	-2	-93	-727	-1309
26	0	776	15	47	0	0	-2	-93	-727	-1308
26	0	774	17	23	0	0	-2	-93	-727	-1307
26	0	774	17	23	0	0	-2	-93	-726	-1307
26	0	774	17	23	0	0	-2	-93	-726	-1306
26	0	773	18	7	0	0	-1	-93	-725	-1306
26	0	773	18	7	0	0	-1	-93	-725	-1306
26	0	773	18	7	0	0	-1	-93	-725	-1305
26	0	775	17	-4	0	0	-1	-93	-724	-1305
26	0	775	17	-4	0	0	-1	-93	-724	-1305
26	0	775	17	-4	0	0	-1	-93	-724	-1305
26	0	774	14	-10	0	0	0	-93	-723	-1305
26	0	774	14	-10	0	0	0	-93	-723	-1306
26	0	774	14	-10	0	0	0	-93	-723	-1306
26	0	773	11	-13	0	0	0	-93	-722	-1306
26	0	773	11	-13	0	0	0	-93	-722	-1306
26	0	773	11	-13	0	0	0	-93	-722	-1307
26	0	773	11	-13	0	0	0	-93	-722	-1307
26	0	772	9	-12	0	0	0	-93	-721	-1307
26	0	772	9	-12	0	0	0	-93	-721	-1308
26	0	772	9	-12	0	0	0	-93	-721	-1308
26	0	771	5	-10	0	0	0	-93	-721	-1308
26	0	771	5	-10	0	0	0	-93	-721	-1308
26	0	771	5	-10	0	0	0	-93	-720	-1309
26	0	772	3	-8	0	0	0	-93	-720	-1309
26	0	772	3	-8	0	0	0	-93	-720	-1309
26	0	772	3	-8	0	0	0	-93	-720	-1309
26	0	770	0	-7	0	0	0	-93	-720	-1309
26	0	770	0	-7	0	0	0	-93	-720	-1309
26	0	770	0	-7	0	0	0	-93	-720	-1310
26	0	769	-2	-6	0	0	0	-93	-720	-1310
26	0	769	-2	-6	0	0	0	-93	-720	-1310
26	0	769	-2	-6	0	0	0	-93	-720	-1310
26	0	766	-2	-6	0	0	0	-93	-720	-1310
26	0	766	-2	-6	0	0	0	-93	-720	-1310
26	0	766	-2	-6	0	0	0	-93	-720	-1310
26	0	765	-2	-7	0	0	0	-93	-721	-1311
26	0	765	-2	-7	0	0	0	-93	-721	-1311
26	0	765	-2	-7	0	0	0	-93	-721	-1311
26	0	766	0	-9	0	0	0	-93	-721	-1311
26	0	766	0	-9	0	0	0	-93	-721	-1311
26	0	766	0	-9	0	0	0	-93	-721	-1311
26	0	766	1	-10	0	0	0	-93	-721	-1312
26	0	766	1	-10	0	0	0	-93	-721	-1312
26	0	766	1	-10	0	0	0	-93	-721	-1312
26	0	765	3	-11	0	0	0	-93	-721	-1312
26	0	765	3	-11	0	0	0	-93	-721	-1312
26	0	765	3	-11	0	0	0	-93	-720	-1313
26	0	766	3	-13	0	0	0	-92	-720	-1313
26	0	766	3	-13	0	0	0	-92	-720	-1313
26	0	766	3	-13	0	0	0	-92	-720	-1314
26	0	765	2	-10	0	0	0	-90	-720	-1314
26	0	765	2	-10	0	0	0	-90	-720	-1314
26	0	765	2	-10	0	0	0	-90	-720	-1314
26	0	764	3	-4	0	0	0	-87	-720	-1314
26	0	764	3	-4	0	0	0	-87	-720	-1315
26	0	764	3	-4	0	0	0	-87	-720	-1315
26	0	762	9	5	0	0	0	-83	-720	-1315
26	0	762	9	5	0	0	0	-83	-720	-1315
26	0	762	9	5	0	0	0	-83	-719	-1315
26	0	762	9	5	0	0	0	-83	-719	-1314
26	0	759	19	12	0	0	0	-79	-719	-1314
26	0	759	19	12	0	0	0	-79	-719	-1314
26	0	759	19	12	0	0	0	-79	-718	-1314
26	0	756	27	12	0	0	0	-75	-718	-1314
26	0	756	27	12	0	0	0	-75	-717	-1313
26	0	756	27	12	0	0	0	-75	-716	-1313
26	0	753	35	8	0	0	0	-71	-716	-1313
26	0	753	35	8	0	0	0	-71	-715	-1313
26	0	753	35	8	0	0	0	-71	-714	-1312
26	0	750	42	1	0	0	0	-66	-714	-1312
26	0	750	42	1	0	0	0	-66	-713	-1312
26	0	750	42	1	0	0	0	-66	-712	-1312
25	0	749	46	-9	0	0	0	-62	-711	-1312
25	0	749	46	-9	0	0	0	-62	-710	-1312
25	0	749	46	-9	0	0	0	-62	-709	-1312
25	0	748	45	-20	0	0	0	-58	-708	-1313
25	0	748	45	-20	0	0	0	-58	-707	-1313
25	0	748	45	-20	0	0	0	-58	-706	-1314
25	0	745	43	-31	0	0	0	-53	-705	-1314
25	0	745	43	-31	0	0	0	-53	-704	-1315
25	0	745	43	-31	0	0	0	-53	-703	-1315
25	0	744	37	-41	0	0	-1	-49	-702	-1316
25	0	744	37	-41	0	0	-1	-49	-702	-1317
25	0	744	37	-41	0	0	-1	-49	-701	-1318
25	0	742	27	-53	0	0	-1	-44	-700	-1319
25	0	742	27	-53	0	0	-1	-44	-699	-1320
25	0	742	27	-53	0	0	-1	-44	-699	-1321
25	0	742	14	-64	0	0	-1	-40	-698	-1322
25	0	742	14	-64	0	0	-1	-40	-698	-1323
25	0	742	14	-64	0	0	-1	-40	-698	-1325
25	0	743	-2	-73	0	1	-1	-36	-697	-1326
25	0	743	-2	-73	0	1	-1	-36	-697	-1328
25	0	743	-2	-73	0	1	-1	-36	-697	-1329
25	0	743	-2	-73	0	1	-1	-36	-697	-1331
25	0	740	-23	-78	0	1	0	-31	-698	-1332
25	0	740	-23	-78	0	1	0	-31	-698	-1334
25	0	740	-23	-78	0	1	0	-31	-699	-1335
25	0	738	29	-96	0	1	0	-27	-699	-1337
25	0	738	29	-96	0	1	0	-27	-698	-1339
25	0	738	29	-96	0	1	0	-27	-698	-1341
25	0	735	3	-97	0	1	0	-22	-697	-1343
25	0	735	3	-97	0	1	0	-22	-697	-1345
25	0	735	3	-97	0	1	0	-22	-697	-1347
25	0	733	43	-138	0	1	0	-18	-697	-1349
25	0	733	43	-138	0	1	0	-18	-696	-1352
25	0	733	43	-138	0	1	0	-18	-695	-1355
25	0	732	90	-131	0	1	0	-13	-694	-1358
25	0	732	90	-131	0	1	0	-13	-692	-1361
25	0	732	90	-131	0	1	0	-13	-690	-1364
25	0	730	61	-128	0	1	0	-9	-688	-1366
25	0	730	61	-128	0	1	0	-9	-687	-1369
25	0	730	61	-128	0	1	0	-9	-686	-1372
25	0	730	34	-122	0	1	0	-5	-685	-1374
25	0	730	34	-122	0	1	0	-5	-684	-1377
25	0	730	34	-122	0	1	0	-5	-683	-1380
25	0	729	98	-161	0	1	0	0	-682	-1382
25	0	729	98	-161	0	1	0	0	-680	-1386
25	0	729	98	-161	0	1	0	0	-678	-1389
24	0	728	71	-156	0	1	0	3	-676	-1392
24	0	728	71	-156	0	1	0	3	-675	-1396
24	0	728	71	-156	0	1	0	3	-673	-1399
24	0	728	71	-156	0	1	0	3	-672	-1402
24	0	731	42	-149	0	1	0	8	-670	-1405
24	0	731	42	-149	0	1	0	8	-669	-1409
24	0	730	14	-138	0	0	0	12	-668	-1412
24	0	730	14	-138	0	0	0	12	-668	-1415
24	0	730	14	-138	0	0	0	12	-668	-1418
24	0	732	-8	-127	0	1	0	15	-667	-1421
24	0	732	-8	-127	0	1	0	15	-668	-1423
24	0	732	-8	-127	0	1	0	15	-668	-1426
24	0	732	-8	-127	0	1	0	15	-668	-1429
24	0	733	-44	-103	0	2	1	17	-668	-1431
24	0	733	-44	-103	0	2	1	17	-669	-1434
24	0	733	-44	-103	0	2	1	17	-670	-1436
24	0	731	-86	-69	0	3	2	19	-671	-1438
24	0	731	-86	-69	0	3	2	19	-673	-1439
24	0	731	-86	-69	0	3	2	19	-675	-1441
24	0	726	-129	-34	0	3	2	20	-676	-1442
24	0	726	-129	-34	0	3	2	20	-679	-1443
24	0	726	-129	-34	0	3	2	20	-682	-1444
24	0	722	-173	1	0	3	2	21	-685	-1445
24	0	722	-173	1	0	3	2	21	-688	-1445
24	0	722	-173	1	0	3	2	21	-692	-1444
24	0	714	-215	33	0	3	2	21	-696	-1444
24	0	714	-215	33	0	3	2	21	-700	-1444
24	0	714	-215	33	0	3	2	21	-705	-1443
24	0	706	-254	61	0	3	2	21	-709	-1442
24	0	706	-254	61	0	3	2	21	-715	-1441
24	0	706	-254	61	0	3	2	21	-720	-1440
24	0	702	-293	82	0	3	2	20	-725	-1438
24	0	702	-293	82	0	3	2	20	-732	-1437
24	0	702	-293	82	0	3	2	20	-738	-1435
24	0	693	-329	96	0	3	1	20	-744	-1433
24	0	693	-329	96	0	3	1	20	-751	-1431
24	0	693	-329	96	0	3	1	20	-758	-1429
24	0	689	-357	100	0	2	0	19	-765	-1427
24	0	689	-357	100	0	2	0	19	-772	-1425
24	0	689	-357	100	0	2	0	19	-780	-1423
24	0	680	-375	95	0	1	0	18	-787	-1421
24	0	680	-375	95	0	1	0	18	-795	-1419
24	0	680	-375	95	0	1	0	18	-803	-1417
24	0	672	-382	80	0	0	0	17	-811	-1415
24	0	672	-382	80	0	0	0	17	-819	-1413
24	0	672	-382	80	0	0	0	17	-827	-1411
24	0	672	-382	80	0	0	0	17	-835	-1410
24	0	668	-379	55	0	0	-1	16	-843	-1408
24	0	668	-379	55	0	0	-1	16	-851	-1407
24	0	668	-379	55	0	0	-1	16	-859	-1406
21	0	666	-370	24	0	0	-1	14	-867	-1404
21	0	666	-370	24	0	0	-1	14	-875	-1404
21	0	666	-370	24	0	0	-1	14	-883	-1403
21	0	666	-357	-10	0	0	-1	13	-891	-1403
21	0	666	-357	-10	0	0	-1	13	-898	-1403
21	0	666	-357	-10	0	0	-1	13	-906	-1403
21	0	669	-342	-47	0	0	-1	11	-913	-1404
21	0	669	-342	-47	0	0	-1	11	-920	-1405
21	0	669	-342	-47	0	0	-1	11	-928	-1406
21	0	674	-328	-81	0	0	-1	9	-935	-1407
21	0	674	-328	-81	0	0	-1	9	-942	-1408
21	0	674	-328	-81	0	0	-1	9	-949	-1410
21	0	682	-316	-115	0	0	-1	7	-955	-1412
21	0	682	-316	-115	0	0	-1	7	-962	-1414
21	0	682	-316	-115	0	0	-1	7	-969	-1416
21	0	689	-301	-147	0	0	-1	5	-975	-1419
21	0	689	-301	-147	0	0	-1	5	-982	-1422
21	0	689	-301	-147	0	0	-1	5	-988	-1425
21	0	700	-287	-180	0	0	-1	2	-994	-1428
21	0	700	-287	-180	0	0	-1	2	-1000	-1432
21	0	700	-287	-180	0	0	-1	2	-1007	-1436
21	0	709	-273	-211	0	0	-2	0	-1013	-1440
21	0	709	-273	-211	0	0	-2	0	-1018	-1444
21	0	709	-273	-211	0	0	-2	0	-1024	-1448
21	0	709	-273	-211	0	0	-2	0	-1030	-1453
21	0	718	-269	-239	0	0	-2	0	-1036	-1457
21	0	718	-269	-239	0	0	-2	0	-1041	-1462
21	0	718	-269	-239	0	0	-2	0	-1047	-1467
21	0	728	-264	-258	0	0	-1	-1	-1053	-1472
21	0	728	-264	-258	0	0	-1	-1	-1058	-1478
21	0	728	-264	-258	0	0	-1	-1	-1064	-1483
21	0	736	-256	-270	0	0	-1	-1	-1069	-1489
21	0	736	-256	-270	0	0	-1	-1	-1074	-1494
21	0	736	-256	-270	0	0	-1	-1	-1080	-1500
21	0	741	-252	-273	0	0	-1	-1	-1085	-1506
21	0	741	-252	-273	0	0	-1	-1	-1091	-1511
21	0	741	-252	-273	0	0	-1	-1	-1096	-1517
21	0	749	-248	-273	0	0	0	-1	-1101	-1523
21	0	749	-248	-273	0	0	0	-1	-1106	-1529
21	0	749	-248	-273	0	0	0	-1	-1112	-1534
21	0	753	-248	-266	0	0	0	0	-1117	-1540
21	0	753	-248	-266	0	0	0	0	-1122	-1546
21	0	753	-248	-266	0	0	0	0	-1128	-1552
21	0	753	-248	-266	0	0	0	0	-1133	-1557
21	0	760	-247	-257	0	0	0	0	-1138	-1563
21	0	760	-247	-257	0	0	0	0	-1143	-1568
21	0	764	-249	-246	0	0	0	0	-1148	-1574
21	0	764	-249	-246	0	0	0	0	-1154	-1579
21	0	764	-249	-246	0	0	0	0	-1159	-1584
21	0	767	-253	-233	0	0	0	1	-1164	-1589
21	0	767	-253	-233	0	0	0	1	-1169	-1594
21	0	767	-253	-233	0	0	0	1	-1175	-1599
21	0	769	-255	-220	0	0	0	1	-1180	-1604
21	0	769	-255	-220	0	0	0	1	-1185	-1609
21	0	769	-255	-220	0	0	0	1	-1191	-1613
21	0	771	-262	-206	0	0	0	1	-1196	-1618
21	0	771	-262	-206	0	0	0	1	-1202	-1622
21	0	771	-262	-206	0	0	0	1	-1207	-1626
21	0	772	-268	-193	0	0	0	1	-1213	-1631
21	0	772	-268	-193	0	0	0	1	-1218	-1635
21	0	772	-268	-193	0	0	0	1	-1224	-1639
21	0	773	-270	-182	0	0	0	1	-1230	-1643
21	0	773	-270	-182	0	0	0	1	-1235	-1647
21	0	773	-270	-182	0	0	0	1	-1241	-1651
21	0	775	-272	-172	0	0	0	1	-1247	-1654
21	0	775	-272	-172	0	0	0	1	-1253	-1658
21	0	775	-272	-172	0	0	0	1	-1258	-1662
21	0	775	-272	-172	0	0	0	1	-1264	-1665
21	0	775	-274	-162	0	0	0	0	-1270	-1669
21	0	775	-274	-162	0	0	0	0	-1275	-1672
21	0	775	-274	-162	0	0	0	0	-1281	-1676
21	0	777	-274	-154	0	0	0	0	-1287	-1679
21	0	777	-274	-154	0	0	0	0	-1293	-1683
21	0	777	-274	-154	0	0	0	0	-1298	-1686
21	0	779	-275	-145	0	0	0	0	-1304	-1689
21	0	779	-275	-145	0	0	0	0	-1310	-1692
21	0	779	-275	-145	0	0	0	0	-1316	-1695
21	0	779	-275	-139	0	0	0	0	-1322	-1698
21	0	779	-275	-139	0	0	0	0	-1327	-1701
21	0	779	-275	-139	0	0	0	0	-1333	-1704
21	0	778	-274	-133	0	0	0	0	-1339	-1707
21	0	778	-274	-133	0	0	0	0	-1345	-1710
21	0	778	-274	-133	0	0	0	0	-1351	-1713
21	0	778	-274	-133	0	0	0	0	-1356	-1715
21	0	778	-274	-128	0	0	0	-1	-1362	-1718
21	0	778	-274	-128	0	0	0	-1	-1368	-1721
21	0	778	-276	-124	0	0	0	-1	-1375	-1724
21	0	778	-276	-124	0	0	0	-1	-1381	-1727
21	0	778	-276	-124	0	0	0	-1	-1388	-1730
21	0	778	-280	-120	0	0	0	-1	-1394	-1733
21	0	778	-280	-120	0	0	0	-1	-1401	-1736
21	0	782	-284	-115	0	0	0	-1	-1407	-1738
21	0	782	-284	-115	0	0	0	-1	-1417	-1742
21	0	782	-284	-115	0	0	0	-1	-1424	-1745
21	0	784	-285	-109	0	0	0	0	-1430	-1748
21	0	784	-285	-109	0	0	0	0	-1436	-1750
21	0	784	-285	-109	0	0	0	0	-1442	-1752
21	0	786	-285	-103	0	0	0	0	-1448	-1754
21	0	786	-285	-103	0	0	0	0	-1454	-1757
21	0	786	-285	-103	0	0	0	0	-1460	-1759
21	0	786	-285	-103	0	0	0	0	-1466	-1761
21	0	789	-283	-98	0	0	0	0	-1472	-1763
21	0	789	-283	-98	0	0	0	0	-1478	-1765
21	0	789	-283	-98	0	0	0	0	-1484	-1767
21	0	789	-282	-94	0	0	0	1	-1490	-1769
21	0	789	-282	-94	0	0	0	1	-1496	-1771
21	0	791	-279	-90	0	0	0	1	-1502	-1773
21	0	791	-279	-90	0	0	0	1	-1508	-1775
21	0	790	-279	-89	0	0	0	0	-1565	-1794
21	0	790	-279	-89	0	0	0	0	-1642	-1819
21	0	790	-279	-89	0	0	0	0	-1649	-1821
21	0	783	259	323	0	0	-1	-1	-1654	-1823
21	0	783	259	323	0	0	-1	-1	-1649	-1816
21	0	783	259	323	0	0	-1	-1	-1644	-1809
21	0	783	259	323	0	0	-1	-1	-1638	-1803
21	0	782	243	343	0	0	-2	-2	-1633	-1796
21	0	782	243	343	0	0	-2	-2	-1628	-1789
21	0	782	243	343	0	0	-2	-2	-1623	-1782
21	0	782	243	343	0	0	-2	-2	-1618	-1774
21	0	782	243	343	0	0	-2	-2	-1613	-1767
21	0	780	226	315	0	0	-3	-2	-1586	-1730
20	0	776	166	172	0	0	-8	-3	-1582	-1724
20	0	776	166	172	0	0	-8	-3	-1578	-1720
20	0	776	166	172	0	0	-8	-3	-1575	-1717
20	0	772	40	-352	0	1	-4	-1	-1534	-1674
20	0	772	40	-352	0	1	-4	-1	-1533	-1682
20	0	772	40	-352	0	1	-4	-1	-1532	-1689
20	0	772	40	-352	0	1	-4	-1	-1531	-1696
20	0	772	40	-352	0	1	-4	-1	-1530	-1704
20	0	772	40	-352	0	1	-4	-1	-1530	-1711
20	0	772	40	-352	0	1	-4	-1	-1529	-1719
20	0	772	40	-352	0	1	-4	-1	-1528	-1726
20	0	772	40	-352	0	1	-4	-1	-1527	-1733
20	0	772	40	-352	0	1	-4	-1	-1526	-1741
20	0	772	40	-352	0	1	-4	-1	-1522	-1777
20	0	724	-123	-233	0	5	2	-1	-1521	-1784
20	0	724	-123	-233	0	5	2	-1	-1524	-1790
20	0	724	-123	-233	0	5	2	-1	-1526	-1795
20	0	724	-123	-233	0	5	2	-1	-1529	-1799
20	0	724	-123	-233	0	5	2	-1	-1532	-1805
20	0	724	-123	-233	0	5	2	-1	-1534	-1809
20	0	724	-123	-233	0	5	2	-1	-1537	-1814
20	0	724	-123	-233	0	5	2	-1	-1539	-1819
20	0	724	-123	-233	0	5	2	-1	-1542	-1824
20	0	724	-123	-233	0	5	2	-1	-1559	-1856
17	0	723	-92	23	0	-3	2	-3	-1562	-1861
17	0	723	-92	23	0	-3	2	-3	-1563	-1861
17	0	734	82	70	0	-3	0	-3	-1588	-1855
17	0	734	82	70	0	-3	0	-3	-1586	-1853
17	0	734	82	70	0	-3	0	-3	-1584	-1852
17	0	734	82	70	0	-3	0	-3	-1583	-1850
17	0	734	82	70	0	-3	0	-3	-1581	-1849
17	0	734	82	70	0	-3	0	-3	-1579	-1847
17	0	734	82	70	0	-3	0	-3	-1577	-1846
17	0	734	82	70	0	-3	0	-3	-1575	-1844
17	0	753	146	44	0	0	-1	-2	-1562	-1833
17	0	753	146	44	0	0	-1	-2	-1559	-1832
17	0	753	146	44	0	0	-1	-2	-1556	-1831
17	0	753	146	44	0	0	-1	-2	-1553	-1830
17	0	753	146	44	0	0	-1	-2	-1550	-1829
17	0	753	146	44	0	0	-1	-2	-1547	-1828
17	0	753	146	44	0	0	-1	-2	-1544	-1827
17	0	753	146	44	0	0	-1	-2	-1541	-1826
17	0	753	146	44	0	0	-1	-2	-1538	-1826
17	0	774	-60	52	0	0	-2	-2	-1520	-1820
17	0	774	-60	52	0	0	-2	-2	-1521	-1819
17	0	776	-167	-69	0	0	-5	-2	-1523	-1818
17	0	776	-167	-69	0	0	-5	-2	-1526	-1819
17	0	776	-167	-69	0	0	-5	-2	-1530	-1821
17	0	776	-167	-69	0	0	-5	-2	-1533	-1822
17	0	776	-167	-69	0	0	-5	-2	-1537	-1824
17	0	776	-167	-69	0	0	-5	-2	-1540	-1825
17	0	776	-167	-69	0	0	-5	-2	-1544	-1826
17	0	776	-167	-69	0	0	-5	-2	-1547	-1828
17	0	776	-167	-69	0	0	-5	-2	-1569	-1837
17	0	777	0	12	0	-2	0	-2	-1572	-1838
17	0	777	0	12	0	-2	0	-2	-1572	-1838
17	0	777	0	12	0	-2	0	-2	-1572	-1838
17	0	780	35	60	0	0	0	-2	-1572	-1837
17	0	780	35	60	0	0	0	-2	-1571	-1836
17	0	785	1	82	0	0	0	-2	-1571	-1834
17	0	785	1	82	0	0	0	-2	-1570	-1833
17	0	785	1	82	0	0	0	-2	-1570	-1831
17	0	782	0	96	0	0	0	-2	-1570	-1829
17	0	782	0	96	0	0	0	-2	-1570	-1827
17	0	782	0	96	0	0	0	-2	-1570	-1825
17	0	778	-21	96	0	0	-2	-2	-1570	-1823
17	0	778	-21	96	0	0	-2	-2	-1571	-1821
17	0	778	-21	96	0	0	-2	-2	-1571	-1819
17	0	777	-36	36	0	0	-5	-2	-1572	-1817
17	0	777	-36	36	0	0	-5	-2	-1573	-1816
17	0	777	-36	36	0	0	-5	-2	-1573	-1816
17	0	776	-33	-13	0	0	-7	-2	-1574	-1815
17	0	776	-33	-13	0	0	-7	-2	-1575	-1815
17	0	776	-33	-13	0	0	-7	-2	-1575	-1815
17	0	779	-28	-61	0	0	-8	-2	-1576	-1816
17	0	779	-28	-61	0	0	-8	-2	-1577	-1817
17	0	779	-28	-61	0	0	-8	-2	-1577	-1818
17	0	780	-11	-129	0	0	-9	-2	-1578	-1820
17	0	780	-11	-129	0	0	-9	-2	-1579	-1826
17	0	778	8	-223	0	0	-9	-2	-1579	-1828
17	0	778	8	-223	0	0	-9	-2	-1579	-1835
17	0	778	8	-223	0	0	-9	-2	-1578	-1840
17	0	778	67	-313	0	0	-7	-2	-1578	-1844
17	0	778	67	-313	0	0	-7	-2	-1577	-1851
17	0	778	67	-313	0	0	-7	-2	-1575	-1858
17	0	778	85	-313	0	1	-4	-2	-1574	-1864
17	0	778	85	-313	0	1	-4	-2	-1572	-1871
17	0	778	85	-313	0	1	-4	-2	-1570	-1877
17	0	778	115	-332	0	3	-2	-2	-1569	-1884
17	0	778	115	-332	0	3	-2	-2	-1566	-1891
17	0	778	115	-332	0	3	-2	-2	-1564	-1898
17	0	774	65	-323	0	6	0	-2	-1561	-1905
17	0	774	65	-323	0	6	0	-2	-1560	-1912
17	0	774	65	-323	0	6	0	-2	-1559	-1918
17	0	773	-14	-307	0	8	0	-2	-1557	-1925
17	0	773	-14	-307	0	8	0	-2	-1557	-1932
17	0	773	-14	-307	0	8	0	-2	-1558	-1938
17	0	773	-14	-307	0	9	0	-2	-1558	-1945
17	0	772	-114	-283	0	9	0	-2	-1558	-1951
17	0	772	-114	-283	0	9	0	-2	-1561	-1957
17	0	772	-114	-283	0	9	0	-2	-1563	-1963
17	0	773	-225	-255	0	10	0	-2	-1566	-1969
17	0	773	-225	-255	0	10	0	-2	-1570	-1975
17	0	773	-225	-255	0	10	0	-2	-1575	-1980
17	0	772	-340	-226	0	11	0	-2	-1580	-1985
17	0	772	-340	-226	0	11	0	-2	-1587	-1990
17	0	772	-451	-201	0	11	0	-2	-1597	-1997
17	0	772	-451	-201	0	11	0	-2	-1606	-2001
17	0	772	-451	-201	0	11	0	-2	-1616	-2005
17	0	770	-551	-178	0	9	0	-2	-1625	-2010
17	0	770	-551	-178	0	9	0	-2	-1646	-2016
17	0	770	-551	-178	0	9	0	-2	-1658	-2020
17	0	765	-610	-153	0	6	1	-2	-1670	-2024
17	0	765	-610	-153	0	6	1	-2	-1683	-2027
17	0	765	-610	-153	0	6	1	-2	-1695	-2030
17	0	756	-626	-134	0	2	0	-2	-1709	-2034
17	0	756	-626	-134	0	2	0	-2	-1722	-2037
17	0	756	-626	-134	0	2	0	-2	-1735	-2039
17	0	748	-614	-135	0	0	-2	-2	-1748	-2042
17	0	748	-614	-135	0	0	-2	-2	-1761	-2045
17	0	748	-614	-135	0	0	-2	-2	-1774	-2048
17	0	743	-578	-168	0	-1	-5	-2	-1787	-2051
17	0	743	-578	-168	0	-1	-5	-2	-1799	-2054
17	0	743	-578	-168	0	-1	-5	-2	-1812	-2058
17	0	740	-528	-233	0	-2	-8	-2	-1823	-2061
17	0	740	-528	-233	0	-2	-8	-2	-1835	-2066
17	0	740	-528	-233	0	-2	-8	-2	-1846	-2071
17	0	737	-474	-321	0	-2	-9	-2	-1857	-2076
17	0	737	-474	-321	0	-2	-9	-2	-1867	-2083
17	0	737	-474	-321	0	-2	-9	-2	-1877	-2090
17	0	740	-419	-424	0	-3	-10	-1	-1887	-2096
17	0	740	-419	-424	0	-3	-10	-1	-1896	-2105
17	0	740	-419	-424	0	-3	-10	-1	-1904	-2114
17	0	742	-358	-507	0	-3	-8	-1	-1913	-2123
17	0	742	-358	-507	0	-3	-8	-1	-1921	-2134
17	0	742	-358	-507	0	-3	-8	-1	-1929	-2145
17	0	739	-294	-562	0	-4	-6	-1	-1936	-2156
17	0	739	-294	-562	0	-4	-6	-1	-1942	-2168
17	0	739	-294	-562	0	-4	-6	-1	-1949	-2179
17	0	736	-225	-593	0	-4	-4	-1	-1955	-2191
17	0	736	-225	-593	0	-4	-4	-1	-1959	-2204
17	0	736	-225	-593	0	-4	-4	-1	-1964	-2216
17	0	738	-159	-594	0	-4	-1	-1	-1969	-2229
17	0	738	-159	-594	0	-4	-1	-1	-1972	-2241
17	0	738	-159	-594	0	-4	-1	-1	-1976	-2253
17	0	738	-159	-594	0	-4	-1	-1	-1979	-2266
17	0	738	-99	-563	0	-4	1	-1	-1982	-2278
17	0	738	-99	-563	0	-4	1	-1	-1984	-2290
17	0	738	-99	-563	0	-4	1	-1	-1986	-2302
17	0	737	-45	-503	0	-3	3	0	-1989	-2314
17	0	737	-45	-503	0	-3	3	0	-1989	-2324
17	0	737	-45	-503	0	-3	3	0	-1990	-2335
17	0	735	-1	-424	0	-2	5	0	-1991	-2345
17	0	735	-1	-424	0	-2	5	0	-1991	-2354
17	0	735	-1	-424	0	-2	5	0	-1991	-2363
17	0	737	31	-327	0	-1	6	0	-1991	-2372
17	0	737	31	-327	0	-1	6	0	-1991	-2379
17	0	737	31	-327	0	-1	6	0	-1990	-2386
17	0	737	47	-233	0	0	6	0	-1989	-2393
17	0	737	47	-233	0	0	6	0	-1988	-2397
17	0	737	47	-233	0	0	6	0	-1988	-2402
17	0	739	47	-150	0	0	5	0	-1987	-2407
17	0	739	47	-150	0	0	5	0	-1986	-2410
17	0	739	47	-150	0	0	5	0	-1984	-2414
17	0	744	19	-103	0	1	3	0	-1983	-2417
17	0	744	19	-103	0	1	3	0	-1983	-2419
17	0	744	19	-103	0	1	3	0	-1983	-2421
17	0	746	-38	-106	0	1	2	0	-1982	-2423
17	0	746	-38	-106	0	1	2	0	-1983	-2426
17	0	746	-38	-106	0	1	2	0	-1984	-2428
17	0	747	-45	-83	0	1	1	0	-1985	-2430
17	0	747	-45	-83	0	1	1	0	-1986	-2432
17	0	747	-45	-83	0	1	1	0	-1987	-2434
17	0	749	-48	-69	0	0	0	0	-1988	-2436
17	0	749	-48	-69	0	0	0	0	-1989	-2437
17	0	749	-48	-69	0	0	0	0	-1990	-2439
17	0	749	-48	-69	0	0	0	0	-1991	-2440
17	0	749	-45	-61	0	0	0	-1	-1992	-2441
17	0	749	-45	-61	0	0	0	-1	-1993	-2443
17	0	749	-45	-61	0	0	0	-1	-1994	-2444
17	0	748	-40	-56	0	0	0	-1	-1994	-2445
17	0	748	-40	-56	0	0	0	-1	-1995	-2447
17	0	748	-40	-56	0	0	0	-1	-1996	-2448
17	0	748	-35	-51	0	0	0	-1	-1997	-2449
17	0	748	-35	-51	0	0	0	-1	-1998	-2450
17	0	748	-35	-51	0	0	0	-1	-1999	-2451
17	0	747	-30	-47	0	0	0	-1	-1999	-2452
17	0	747	-30	-47	0	0	0	-1	-2001	-2454
17	0	748	-24	-41	0	0	0	-1	-2001	-2455
17	0	748	-24	-41	0	0	0	-1	-2002	-2456
17	0	748	-24	-41	0	0	0	-1	-2002	-2457
17	0	748	-19	-35	0	0	0	-1	-2003	-2458
17	0	748	-19	-35	0	0	0	-1	-2003	-2458
17	0	748	-19	-35	0	0	0	-1	-2004	-2459
17	0	747	-16	-30	0	0	0	-1	-2004	-2460
17	0	747	-16	-30	0	0	0	-1	-2004	-2461
17	0	747	-16	-30	0	0	0	-1	-2005	-2461
17	0	747	-12	-26	0	0	0	-1	-2005	-2462
17	0	747	-12	-26	0	0	0	-1	-2005	-2462
17	0	747	-12	-26	0	0	0	-1	-2006	-2463
17	0	747	-12	-26	0	0	0	-1	-2006	-2464
17	0	748	-10	-21	0	0	0	-1	-2006	-2465
17	0	747	-10	-16	0	0	0	-1	-2007	-2465
17	0	747	-10	-16	0	0	0	-1	-2007	-2465
17	0	747	-10	-16	0	0	0	-1	-2007	-2466
17	0	747	-10	-16	0	0	0	-1	-2007	-2466
17	0	746	-8	-12	0	0	0	-1	-2007	-2466
17	0	746	-8	-12	0	0	0	-1	-2008	-2467
17	0	746	-8	-12	0	0	0	-1	-2008	-2467
17	0	745	-8	-7	0	0	0	-1	-2008	-2467
17	0	745	-8	-7	0	0	0	-1	-2008	-2467
17	0	745	-8	-7	0	0	0	-1	-2008	-2467
17	0	746	-7	-5	0	0	0	-1	-2009	-2468
17	0	746	-7	-5	0	0	0	-1	-2009	-2468
17	0	746	-7	-5	0	0	0	-1	-2009	-2468
17	0	747	-6	-5	0	0	0	-1	-2009	-2468
17	0	747	-6	-5	0	0	0	-1	-2009	-2468
17	0	747	-6	-5	0	0	0	-1	-2009	-2468
17	0	749	-8	-4	0	0	0	-1	-2009	-2468
17	0	749	-8	-4	0	0	0	-1	-2010	-2468
17	0	749	-8	-4	0	0	0	-1	-2010	-2469
17	0	751	-8	-1	0	0	0	-1	-2010	-2469
17	0	751	-8	-1	0	0	0	-1	-2010	-2469
17	0	751	-8	-1	0	0	0	-1	-2010	-2469
17	0	752	-8	1	0	0	0	-1	-2010	-2469
17	0	752	-8	1	0	0	0	-1	-2011	-2469
17	0	752	-8	1	0	0	0	-1	-2011	-2469
17	0	752	-9	5	0	0	0	-2	-2011	-2469
17	0	752	-9	5	0	0	0	-2	-2011	-2469
17	0	752	-9	5	0	0	0	-2	-2011	-2468
17	0	752	-10	6	0	0	0	-2	-2012	-2468
17	0	752	-10	6	0	0	0	-2	-2012	-2468
17	0	752	-10	6	0	0	0	-2	-2012	-2468
17	0	752	-12	7	0	0	0	-2	-2012	-2468
17	0	752	-12	7	0	0	0	-2	-2013	-2468
17	0	752	-12	7	0	0	0	-2	-2013	-2468
17	0	752	-12	7	0	0	0	-2	-2013	-2467
17	0	750	-14	9	0	0	0	-2	-2013	-2467
17	0	750	-14	9	0	0	0	-2	-2014	-2467
17	0	750	-14	9	0	0	0	-2	-2014	-2467
17	0	751	-15	10	0	0	0	-2	-2014	-2467
17	0	751	-15	10	0	0	0	-2	-2015	-2466
17	0	751	-15	10	0	0	0	-2	-2015	-2466
17	0	750	-15	11	0	0	0	-2	-2015	-2466
17	0	750	-15	11	0	0	0	-2	-2016	-2466
17	0	750	-15	11	0	0	0	-2	-2016	-2465
17	0	750	-15	13	0	0	0	-2	-2016	-2465
17	0	750	-15	13	0	0	0	-2	-2017	-2465
17	0	750	-15	13	0	0	0	-2	-2017	-2465
17	0	749	-16	14	0	0	0	-2	-2017	-2464
17	0	749	-16	14	0	0	0	-2	-2018	-2464
17	0	749	-16	14	0	0	0	-2	-2018	-2464
17	0	750	-16	16	0	0	0	-2	-2018	-2463
17	0	750	-16	16	0	0	0	-2	-2019	-2463
17	0	750	-16	16	0	0	0	-2	-2019	-2463
17	0	749	-18	20	0	0	0	-2	-2019	-2462
17	0	749	-18	20	0	0	0	-2	-2020	-2462
17	0	749	-18	20	0	0	0	-2	-2020	-2462
17	0	749	-22	22	0	0	0	-2	-2021	-2461
17	0	749	-22	22	0	0	0	-2	-2021	-2461
17	0	749	-22	22	0	0	0	-2	-2021	-2460
17	0	749	-24	23	0	0	0	-2	-2022	-2460
17	0	749	-24	23	0	0	0	-2	-2022	-2459
17	0	749	-24	23	0	0	0	-2	-2023	-2459
17	0	749	-24	23	0	0	0	-2	-2023	-2458
17	0	749	-24	23	0	0	0	-2	-2024	-2458
17	0	747	-25	23	0	0	0	-2	-2024	-2457
17	0	747	-26	22	0	0	0	-2	-2025	-2457
17	0	747	-26	22	0	0	0	-2	-2026	-2456
17	0	747	-26	22	0	0	0	-2	-2026	-2456
17	0	746	-24	20	0	0	0	-2	-2027	-2455
17	0	746	-24	20	0	0	0	-2	-2027	-2455
17	0	746	-24	20	0	0	0	-2	-2028	-2454
16	0	744	-22	18	0	0	0	-2	-2028	-2454
16	0	744	-22	18	0	0	0	-2	-2029	-2453
16	0	742	-20	18	0	0	0	-1	-2029	-2453
16	0	742	-20	18	0	0	0	-1	-2030	-2452
16	0	740	-22	31	0	0	1	-1	-2031	-2452
16	0	740	-22	31	0	0	1	-1	-2031	-2451
16	0	739	-26	45	0	0	1	0	-2032	-2449
16	0	739	-26	45	0	0	1	0	-2034	-2447
16	0	739	-26	45	0	0	1	0	-2034	-2446
16	0	739	-33	55	0	0	0	0	-2035	-2445
16	0	739	-33	55	0	0	0	0	-2036	-2444
16	0	738	-40	59	0	0	0	0	-2036	-2443
16	0	738	-40	59	0	0	0	0	-2037	-2441
16	0	738	-40	59	0	0	0	0	-2038	-2440
16	0	737	-48	56	0	0	0	1	-2039	-2439
16	0	735	-53	48	0	0	0	1	-2041	-2436
16	0	733	-62	40	0	0	0	1	-2046	-2432
16	0	733	-62	40	0	0	0	1	-2048	-2431
16	0	730	-69	27	0	0	0	1	-2049	-2430
16	0	730	-69	27	0	0	0	1	-2052	-2429
16	0	731	-73	11	0	0	-1	1	-2054	-2428
16	0	731	-73	11	0	0	-1	1	-2055	-2428
16	0	731	-76	-6	0	0	-1	0	-2058	-2427
16	0	731	-76	-6	0	0	-1	0	-2060	-2427
16	0	731	-76	-6	0	0	-1	0	-2062	-2428
16	0	731	-76	-6	0	0	-1	0	-2063	-2428
16	0	730	-76	-21	0	0	-1	0	-2065	-2428
16	0	730	-76	-21	0	0	-1	0	-2067	-2428
16	0	730	-76	-21	0	0	-1	0	-2068	-2429
16	0	730	-76	-35	0	0	-1	0	-2070	-2429
16	0	730	-76	-35	0	0	-1	0	-2072	-2430
16	0	730	-76	-35	0	0	-1	0	-2073	-2431
16	0	731	-74	-48	0	0	-1	0	-2075	-2431
16	0	731	-74	-48	0	0	-1	0	-2076	-2432
16	0	731	-74	-48	0	0	-1	0	-2078	-2434
16	0	733	-73	-61	0	0	0	0	-2079	-2435
16	0	733	-73	-61	0	0	0	0	-2081	-2436
16	0	733	-73	-61	0	0	0	0	-2083	-2437
16	0	735	-72	-73	0	0	0	-1	-2084	-2438
16	0	735	-72	-73	0	0	0	-1	-2087	-2442
16	0	735	-74	-84	0	0	0	-1	-2089	-2443
16	0	735	-74	-84	0	0	0	-1	-2091	-2445
16	0	737	-79	-93	0	0	0	-1	-2093	-2447
16	0	737	-79	-93	0	0	0	-1	-2095	-2450
16	0	742	-84	-101	0	0	0	0	-2099	-2455
16	0	742	-84	-101	0	0	0	0	-2100	-2457
16	0	742	-84	-101	0	0	0	0	-2102	-2459
16	0	746	-92	-107	0	0	0	0	-2104	-2461
16	0	746	-92	-107	0	0	0	0	-2106	-2463
16	0	746	-92	-107	0	0	0	0	-2108	-2465
16	0	746	-92	-107	0	0	0	0	-2110	-2468
16	0	748	-100	-112	0	0	0	0	-2112	-2470
16	0	748	-100	-112	0	0	0	0	-2114	-2472
16	0	751	-106	-118	0	0	0	1	-2116	-2475
16	0	751	-106	-118	0	0	0	1	-2118	-2477
16	0	754	-111	-125	0	0	0	1	-2120	-2480
16	0	754	-111	-125	0	0	0	1	-2126	-2486
16	0	754	-111	-125	0	0	0	1	-2129	-2489
16	0	755	-117	-128	0	0	0	1	-2131	-2492
16	0	755	-117	-128	0	0	0	1	-2133	-2494
16	0	754	-122	-131	0	0	0	1	-2137	-2499
16	0	754	-122	-131	0	0	0	1	-2140	-2501
16	0	754	-122	-131	0	0	0	1	-2143	-2504
16	0	756	-126	-135	0	0	0	0	-2145	-2507
16	0	756	-126	-135	0	0	0	0	-2148	-2510
16	0	756	-126	-135	0	0	0	0	-2150	-2513
16	0	756	-126	-135	0	0	0	0	-2153	-2516
16	0	758	-130	-140	0	0	0	0	-2156	-2518
16	0	758	-130	-140	0	0	0	0	-2159	-2522
16	0	758	-130	-140	0	0	0	0	-2161	-2525
16	0	757	-131	-146	0	0	0	0	-2164	-2527
16	0	757	-131	-146	0	0	0	0	-2167	-2531
16	0	757	-131	-146	0	0	0	0	-2170	-2534
16	0	753	-132	-150	0	0	0	0	-2172	-2537
16	0	753	-132	-150	0	0	0	0	-2175	-2540
16	0	753	-132	-150	0	0	0	0	-2178	-2543
16	0	750	-130	-152	0	0	0	0	-2181	-2546
16	0	750	-130	-152	0	0	0	0	-2183	-2549
16	0	750	-130	-152	0	0	0	0	-2186	-2553
16	0	744	-126	-159	0	0	0	-1	-2189	-2556
16	0	744	-126	-159	0	0	0	-1	-2198	-2567
16	0	744	-126	-159	0	0	0	-1	-2200	-2570
16	0	744	-126	-159	0	0	0	-1	-2203	-2573
16	0	743	-129	-160	0	0	0	-1	-2206	-2577
16	0	743	-129	-160	0	0	0	-1	-2208	-2580
16	0	743	-129	-160	0	0	0	-1	-2211	-2584
16	0	741	-131	-159	0	0	0	0	-2214	-2587
16	0	741	-131	-159	0	0	0	0	-2217	-2590
16	0	741	-131	-159	0	0	0	0	-2219	-2594
16	0	742	-132	-157	0	0	0	0	-2222	-2597
16	0	742	-132	-157	0	0	0	0	-2225	-2600
16	0	742	-132	-157	0	0	0	0	-2228	-2604
16	0	742	-130	-155	0	0	0	0	-2231	-2607
16	0	742	-130	-155	0	0	0	0	-2233	-2610
16	0	742	-130	-155	0	0	0	0	-2236	-2613
16	0	740	-128	-154	0	0	0	1	-2239	-2617
16	0	740	-128	-154	0	0	0	1	-2241	-2620
16	0	740	-128	-154	0	0	0	1	-2244	-2623
16	0	740	-125	-152	0	0	0	1	-2247	-2626
16	0	740	-125	-152	0	0	0	1	-2250	-2630
16	0	740	-125	-152	0	0	0	1	-2252	-2633
16	0	740	-123	-150	0	0	0	1	-2255	-2636
16	0	740	-123	-150	0	0	0	1	-2257	-2639
16	0	740	-123	-150	0	0	0	1	-2260	-2643
16	0	740	-119	-149	0	0	0	0	-2263	-2646
16	0	740	-119	-149	0	0	0	0	-2268	-2652
16	0	740	-119	-149	0	0	0	0	-2270	-2655
16	0	738	-114	-146	0	0	0	0	-2273	-2658
16	0	738	-114	-146	0	0	0	0	-2275	-2661
16	0	738	-114	-146	0	0	0	0	-2278	-2664
16	0	739	-111	-143	0	0	0	0	-2280	-2667
16	0	739	-111	-143	0	0	0	0	-2282	-2670
16	0	739	-111	-143	0	0	0	0	-2285	-2673
16	0	739	-105	-140	0	0	0	0	-2287	-2676
16	0	739	-105	-140	0	0	0	0	-2289	-2679
16	0	739	-105	-140	0	0	0	0	-2291	-2682
16	0	737	-98	-135	0	0	0	0	-2294	-2685
16	0	737	-98	-135	0	0	0	0	-2296	-2688
16	0	737	-98	-135	0	0	0	0	-2298	-2691
16	0	737	-94	-129	0	0	0	-1	-2300	-2694
16	0	737	-94	-129	0	0	0	-1	-2302	-2697
16	0	737	-94	-129	0	0	0	-1	-2304	-2699
16	0	733	-89	-124	0	0	0	-1	-2306	-2702
16	0	733	-89	-124	0	0	0	-1	-2308	-2705
16	0	733	-89	-124	0	0	0	-1	-2310	-2707
16	0	729	-88	-119	0	0	0	-1	-2311	-2710
16	0	729	-88	-119	0	0	0	-1	-2313	-2712
16	0	729	-88	-119	0	0	0	-1	-2315	-2715
16	0	727	-88	-112	0	0	0	0	-2317	-2718
16	0	727	-88	-112	0	0	0	0	-2319	-2720
16	0	727	-88	-112	0	0	0	0	-2321	-2722
16	0	727	-86	-107	0	0	0	0	-2323	-2725
16	0	727	-86	-107	0	0	0	0	-2325	-2727
16	0	727	-86	-107	0	0	0	0	-2326	-2729
16	0	727	-86	-107	0	0	0	0	-2328	-2731
16	0	725	-87	-101	0	0	0	0	-2330	-2734
16	0	725	-87	-101	0	0	0	0	-2332	-2736
16	0	725	-87	-101	0	0	0	0	-2334	-2738
16	0	724	-85	-95	0	0	0	0	-2336	-2740
16	0	724	-85	-95	0	0	0	0	-2337	-2742
16	0	724	-85	-95	0	0	0	0	-2339	-2744
16	0	722	-82	-92	0	0	0	1	-2341	-2746
16	0	722	-82	-92	0	0	0	1	-2343	-2748
16	0	722	-82	-92	0	0	0	1	-2344	-2750
16	0	720	-78	-87	0	0	0	1	-2346	-2752
16	0	720	-78	-87	0	0	0	1	-2348	-2754
16	0	720	-78	-87	0	0	0	1	-2349	-2756
16	0	718	-71	-77	0	0	0	1	-2351	-2757
16	0	718	-71	-77	0	0	0	1	-2353	-2759
16	0	718	-71	-77	0	0	0	1	-2354	-2761
16	0	716	-64	-72	0	0	0	0	-2356	-2762
16	0	716	-64	-72	0	0	0	0	-2357	-2764
16	0	716	-64	-72	0	0	0	0	-2358	-2765
16	0	715	-59	-68	0	0	0	0	-2360	-2767
16	0	715	-59	-68	0	0	0	0	-2361	-2768
16	0	715	-59	-68	0	0	0	0	-2362	-2770
16	0	714	-55	-68	0	0	0	0	-2364	-2771
16	0	714	-55	-68	0	0	0	0	-2365	-2773
16	0	714	-55	-68	0	0	0	0	-2366	-2774
16	0	715	-54	-67	0	0	0	0	-2367	-2776
16	0	715	-54	-67	0	0	0	0	-2368	-2777
16	0	715	-54	-67	0	0	0	0	-2369	-2778
16	0	716	-53	-66	0	0	0	-1	-2370	-2780
16	0	716	-53	-66	0	0	0	-1	-2372	-2781
16	0	716	-53	-66	0	0	0	-1	-2373	-2783
16	0	716	-53	-66	0	0	0	-1	-2374	-2784
16	0	716	-53	-66	0	0	0	-1	-2375	-2785
16	0	716	-53	-66	0	0	0	-1	-2376	-2787
16	0	714	-58	-63	0	0	0	-1	-2377	-2788
16	0	714	-58	-63	0	0	0	-1	-2378	-2790
16	0	714	-58	-63	0	0	0	-1	-2380	-2791
15	0	715	-61	-63	0	0	0	-1	-2381	-2792
15	0	715	-61	-63	0	0	0	-1	-2382	-2794
15	0	715	-61	-63	0	0	0	-1	-2383	-2795
15	0	716	-64	-60	0	0	0	0	-2385	-2796
15	0	716	-64	-60	0	0	0	0	-2386	-2797
15	0	716	-64	-60	0	0	0	0	-2387	-2799
15	0	716	-64	-60	0	0	0	0	-2389	-2800
15	0	716	-64	-60	0	0	0	0	-2390	-2801
15	0	716	-65	-57	0	0	0	0	-2391	-2803
15	0	716	-65	-57	0	0	0	0	-2393	-2804
15	0	717	-66	-53	0	0	0	0	-2394	-2805
15	0	717	-66	-53	0	0	0	0	-2396	-2806
15	0	717	-66	-53	0	0	0	0	-2397	-2807
15	0	719	-65	-50	0	0	0	1	-2398	-2808
15	0	719	-65	-50	0	0	0	1	-2400	-2809
15	0	719	-65	-50	0	0	0	1	-2401	-2810
15	0	720	-62	-47	0	0	0	1	-2403	-2811
15	0	720	-62	-47	0	0	0	1	-2404	-2812
15	0	720	-62	-47	0	0	0	1	-2405	-2813
15	0	722	-63	-43	0	0	0	1	-2407	-2815
15	0	722	-63	-43	0	0	0	1	-2408	-2815
15	0	722	-63	-43	0	0	0	1	-2409	-2816
15	0	726	-51	-15	0	0	0	0	-2411	-2817
15	0	726	-51	-15	0	0	0	0	-2412	-2818
15	0	726	-51	-15	0	0	0	0	-2413	-2818
15	0	727	64	167	0	0	0	0	-2414	-2818
15	0	727	64	167	0	0	0	0	-2412	-2815
15	0	727	64	167	0	0	0	0	-2411	-2811
15	0	733	109	218	0	0	0	0	-2410	-2808
15	0	733	109	218	0	0	0	0	-2407	-2803
15	0	733	109	218	0	0	0	0	-2405	-2799
15	0	733	109	218	0	0	0	0	-2403	-2794
15	0	734	75	220	0	0	-1	0	-2400	-2789
15	0	734	75	220	0	0	-1	0	-2399	-2785
15	0	734	75	220	0	0	-1	0	-2397	-2780
15	0	736	68	204	0	0	-3	0	-2396	-2775
15	0	736	68	204	0	0	-3	0	-2394	-2771
15	0	736	68	204	0	0	-3	0	-2393	-2767
15	0	737	59	185	0	0	-5	0	-2391	-2763
15	0	737	59	185	0	0	-5	0	-2390	-2759
15	0	737	59	185	0	0	-5	0	-2389	-2755
15	0	741	60	121	0	0	-7	-1	-2388	-2751
15	0	741	60	121	0	0	-7	-1	-2386	-2748
15	0	741	60	121	0	0	-7	-1	-2385	-2746
15	0	744	73	23	0	0	-9	-1	-2384	-2743
15	0	744	73	23	0	0	-9	-1	-2382	-2743
15	0	744	73	23	0	0	-9	-1	-2381	-2742
15	0	747	82	-74	0	0	-10	-1	-2379	-2742
15	0	747	82	-74	0	0	-10	-1	-2377	-2743
15	0	747	82	-74	0	0	-10	-1	-2376	-2745
15	0	754	96	-176	0	0	-10	0	-2374	-2746
15	0	754	96	-176	0	0	-10	0	-2372	-2750
15	0	754	96	-176	0	0	-10	0	-2370	-2754
15	0	752	107	-276	0	0	-10	0	-2368	-2757
15	0	752	107	-276	0	0	-10	0	-2365	-2763
15	0	752	107	-276	0	0	-10	0	-2363	-2769
15	0	754	170	-393	0	0	-9	0	-2361	-2775
15	0	754	170	-393	0	0	-9	0	-2357	-2783
15	0	754	170	-393	0	0	-9	0	-2354	-2791
15	0	754	205	-481	0	0	-6	0	-2350	-2800
15	0	754	205	-481	0	0	-6	0	-2346	-2810
15	0	754	205	-481	0	0	-6	0	-2342	-2820
15	0	754	205	-481	0	0	-6	0	-2337	-2830
15	0	754	211	-554	0	0	-3	0	-2333	-2840
15	0	754	211	-554	0	0	-3	0	-2329	-2852
15	0	754	211	-554	0	0	-3	0	-2324	-2863
15	0	752	244	-588	0	0	0	0	-2320	-2875
15	0	752	244	-588	0	0	0	0	-2314	-2887
15	0	752	244	-588	0	0	0	0	-2309	-2900
15	0	749	252	-577	0	1	2	0	-2304	-2912
15	0	749	252	-577	0	1	2	0	-2299	-2924
15	0	749	252	-577	0	1	2	0	-2294	-2936
15	0	749	249	-513	0	1	4	0	-2288	-2948
15	0	749	249	-513	0	1	4	0	-2283	-2959
15	0	749	249	-513	0	1	4	0	-2278	-2970
15	0	747	230	-423	0	1	6	0	-2273	-2981
15	0	747	230	-423	0	1	6	0	-2268	-2990
15	0	747	230	-423	0	1	6	0	-2263	-2999
15	0	746	199	-323	0	2	7	0	-2258	-3008
15	0	746	199	-323	0	2	7	0	-2254	-3014
15	0	746	199	-323	0	2	7	0	-2250	-3021
15	0	748	98	-242	0	4	7	0	-2245	-3028
15	0	748	98	-242	0	4	7	0	-2243	-3033
15	0	748	98	-242	0	4	7	0	-2241	-3038
15	0	752	14	-189	0	3	6	0	-2239	-3043
15	0	752	14	-189	0	3	6	0	-2239	-3047
15	0	752	14	-189	0	3	6	0	-2239	-3051
15	0	755	-45	-184	0	1	4	0	-2238	-3055
15	0	755	-45	-184	0	1	4	0	-2239	-3059
15	0	755	-45	-184	0	1	4	0	-2240	-3063
15	0	754	-43	-128	0	0	2	0	-2241	-3067
15	0	754	-43	-128	0	0	2	0	-2242	-3069
15	0	754	-43	-128	0	0	2	0	-2243	-3072
15	0	754	-43	-128	0	0	2	0	-2244	-3075
15	0	752	-25	-106	0	-1	0	0	-2245	-3078
15	0	752	-25	-106	0	-1	0	0	-2245	-3080
15	0	752	-25	-106	0	-1	0	0	-2246	-3082
15	0	751	-16	-106	0	0	0	0	-2247	-3084
15	0	751	-16	-106	0	0	0	0	-2247	-3087
15	0	751	-16	-106	0	0	0	0	-2247	-3089
15	0	751	-30	-116	0	2	-1	0	-2248	-3091
15	0	751	-30	-116	0	2	-1	0	-2248	-3093
15	0	751	-30	-116	0	2	-1	0	-2249	-3096
15	0	754	-73	-132	0	4	-1	0	-2249	-3098
15	0	754	-73	-132	0	4	-1	0	-2251	-3101
15	0	754	-73	-132	0	4	-1	0	-2253	-3104
15	0	759	-129	-90	0	7	-1	0	-2254	-3107
15	0	759	-129	-90	0	7	-1	0	-2257	-3109
15	0	759	-129	-90	0	7	-1	0	-2260	-3110
15	0	764	-204	-79	0	8	-1	0	-2262	-3112
15	0	764	-204	-79	0	8	-1	0	-2267	-3114
15	0	764	-204	-79	0	8	-1	0	-2271	-3116
15	0	769	-310	-114	0	9	-1	0	-2275	-3117
15	0	769	-310	-114	0	9	-1	0	-2282	-3120
15	0	769	-310	-114	0	9	-1	0	-2288	-3122
15	0	774	-422	-180	0	10	0	0	-2295	-3125
15	0	774	-422	-180	0	10	0	0	-2304	-3128
15	0	774	-422	-180	0	10	0	0	-2313	-3132
15	0	778	-507	-154	0	10	0	0	-2321	-3136
15	0	778	-507	-154	0	10	0	0	-2332	-3139
15	0	778	-507	-154	0	10	0	0	-2343	-3142
15	0	781	-576	-170	0	10	0	0	-2353	-3146
15	0	781	-576	-170	0	10	0	0	-2366	-3149
15	0	781	-576	-170	0	10	0	0	-2378	-3153
15	0	787	-668	-167	0	10	0	0	-2390	-3156
15	0	787	-668	-167	0	10	0	0	-2404	-3160
15	0	787	-668	-167	0	10	0	0	-2418	-3164
15	0	787	-668	-167	0	10	0	0	-2432	-3167
15	0	783	-741	-162	0	9	0	0	-2446	-3171
15	0	783	-741	-162	0	9	0	0	-2462	-3174
15	0	783	-741	-162	0	9	0	0	-2477	-3177
15	0	782	-804	-167	0	8	-1	0	-2493	-3181
15	0	782	-804	-167	0	8	-1	0	-2510	-3184
15	0	782	-804	-167	0	8	-1	0	-2526	-3188
15	0	777	-837	-192	0	5	-3	0	-2543	-3191
15	0	777	-837	-192	0	5	-3	0	-2561	-3195
15	0	777	-837	-192	0	5	-3	0	-2579	-3199
15	0	770	-843	-237	0	2	-6	0	-2596	-3203
15	0	770	-843	-237	0	2	-6	0	-2614	-3208
15	0	770	-843	-237	0	2	-6	0	-2632	-3213
15	0	765	-821	-300	0	0	-7	0	-2649	-3218
15	0	765	-821	-300	0	0	-7	0	-2667	-3225
15	0	765	-821	-300	0	0	-7	0	-2684	-3231
15	0	762	-780	-377	0	-1	-8	0	-2701	-3237
15	0	762	-780	-377	0	-1	-8	0	-2717	-3245
15	0	762	-780	-377	0	-1	-8	0	-2735	-3254
14	0	760	-708	-441	0	-4	-6	0	-2751	-3262
14	0	760	-708	-441	0	-4	-6	0	-2766	-3271
14	0	760	-708	-441	0	-4	-6	0	-2781	-3280
14	0	757	-612	-486	0	-6	-5	0	-2796	-3289
14	0	757	-612	-486	0	-6	-5	0	-2809	-3300
14	0	757	-612	-486	0	-6	-5	0	-2821	-3310
14	0	762	-499	-510	0	-7	-3	0	-2834	-3320
14	0	762	-499	-510	0	-7	-3	0	-2845	-3331
14	0	762	-499	-510	0	-7	-3	0	-2855	-3342
14	0	763	-385	-506	0	-7	-1	0	-2866	-3352
14	0	763	-385	-506	0	-7	-1	0	-2874	-3363
14	0	763	-385	-506	0	-7	-1	0	-2882	-3374
14	0	762	-280	-493	0	-6	-1	0	-2890	-3384
14	0	762	-280	-493	0	-6	-1	0	-2896	-3395
14	0	762	-280	-493	0	-6	-1	0	-2902	-3405
14	0	762	-280	-493	0	-6	-1	0	-2908	-3415
14	0	764	-192	-491	0	-5	-3	0	-2914	-3425
14	0	764	-192	-491	0	-5	-3	0	-2918	-3436
14	0	764	-192	-491	0	-5	-3	0	-2922	-3446
14	0	771	-125	-512	0	-4	-3	0	-2926	-3456
14	0	771	-125	-512	0	-4	-3	0	-2928	-3467
14	0	771	-125	-512	0	-4	-3	0	-2931	-3478
14	0	779	-68	-517	0	-3	-2	0	-2934	-3489
14	0	779	-68	-517	0	-3	-2	0	-2935	-3499
14	0	779	-68	-517	0	-3	-2	0	-2936	-3510
14	0	784	-22	-498	0	-2	0	0	-2938	-3521
14	0	784	-22	-498	0	-2	0	0	-2938	-3532
14	0	784	-22	-498	0	-2	0	0	-2939	-3542
14	0	792	15	-463	0	-2	1	0	-2939	-3552
14	0	792	15	-463	0	-2	1	0	-2939	-3562
14	0	792	15	-463	0	-2	1	0	-2939	-3572
14	0	794	40	-415	0	-1	2	0	-2938	-3582
14	0	794	40	-415	0	-1	2	0	-2937	-3590
14	0	794	40	-415	0	-1	2	0	-2937	-3599
14	0	796	56	-357	0	0	3	0	-2936	-3608
14	0	796	56	-357	0	0	3	0	-2935	-3615
14	0	796	56	-357	0	0	3	0	-2933	-3623
14	0	799	66	-288	0	0	4	0	-2932	-3630
14	0	799	66	-288	0	0	4	0	-2931	-3636
14	0	799	66	-288	0	0	4	0	-2929	-3642
14	0	798	70	-211	0	0	5	0	-2928	-3649
14	0	798	70	-211	0	0	5	0	-2927	-3653
14	0	798	70	-211	0	0	5	0	-2925	-3657
14	0	798	70	-211	0	0	5	0	-2924	-3662
14	0	799	68	-134	0	1	5	0	-2922	-3666
14	0	799	68	-134	0	1	5	0	-2921	-3669
14	0	799	68	-134	0	1	5	0	-2919	-3672
14	0	799	58	-73	0	1	3	0	-2918	-3675
14	0	799	58	-73	0	1	3	0	-2917	-3676
14	0	799	58	-73	0	1	3	0	-2915	-3678
14	0	799	45	-33	0	1	2	0	-2914	-3679
14	0	799	45	-33	0	1	2	0	-2913	-3680
14	0	799	45	-33	0	1	2	0	-2912	-3681
14	0	798	32	-12	0	1	0	0	-2911	-3681
14	0	798	32	-12	0	1	0	0	-2911	-3682
14	0	798	32	-12	0	1	0	0	-2910	-3682
14	0	798	21	-3	0	1	0	0	-2909	-3682
14	0	798	21	-3	0	1	0	0	-2909	-3682
14	0	798	21	-3	0	1	0	0	-2908	-3682
14	0	794	13	-6	0	1	0	0	-2908	-3682
14	0	794	13	-6	0	1	0	0	-2908	-3683
14	0	794	13	-6	0	1	0	0	-2907	-3683
14	0	791	7	-13	0	1	0	0	-2907	-3683
14	0	791	7	-13	0	1	0	0	-2907	-3683
14	0	791	7	-13	0	1	0	0	-2907	-3683
14	0	790	0	-22	0	1	0	0	-2907	-3684
14	0	790	0	-22	0	1	0	0	-2907	-3684
14	0	790	0	-22	0	1	0	0	-2906	-3685
14	0	792	-4	-31	0	0	0	0	-2906	-3685
14	0	792	-4	-31	0	0	0	0	-2907	-3686
14	0	792	-4	-31	0	0	0	0	-2907	-3686
14	0	789	-5	-37	0	0	0	0	-2907	-3687
14	0	789	-5	-37	0	0	0	0	-2907	-3688
14	0	789	-5	-37	0	0	0	0	-2907	-3689
14	0	787	-5	-40	0	0	0	0	-2907	-3689
14	0	787	-5	-40	0	0	0	0	-2907	-3690
14	0	787	-5	-40	0	0	0	0	-2907	-3691
14	0	785	-5	-42	0	0	0	0	-2907	-3692
14	0	785	-5	-42	0	0	0	0	-2908	-3693
14	0	785	-5	-42	0	0	0	0	-2908	-3694
14	0	783	-5	-41	0	0	0	0	-2908	-3695
14	0	783	-5	-41	0	0	0	0	-2908	-3696
14	0	783	-5	-41	0	0	0	0	-2908	-3697
14	0	783	-5	-41	0	0	0	0	-2908	-3697
14	0	786	-5	-40	0	0	0	0	-2908	-3698
14	0	786	-5	-40	0	0	0	0	-2908	-3699
14	0	786	-5	-40	0	0	0	0	-2908	-3700
14	0	787	-6	-38	0	0	0	0	-2909	-3701
14	0	787	-6	-38	0	0	0	0	-2909	-3702
14	0	787	-6	-38	0	0	0	0	-2909	-3702
14	0	787	-6	-35	0	0	0	0	-2909	-3703
14	0	787	-6	-35	0	0	0	0	-2909	-3704
14	0	787	-6	-35	0	0	0	0	-2909	-3705
14	0	786	-8	-30	0	0	0	0	-2909	-3705
14	0	786	-8	-30	0	0	0	0	-2910	-3706
14	0	786	-8	-30	0	0	0	0	-2910	-3707
14	0	784	-13	-35	0	0	-1	0	-2910	-3707
14	0	784	-13	-35	0	0	-1	0	-2910	-3708
14	0	784	-13	-35	0	0	-1	0	-2911	-3709
14	0	780	-16	-50	0	0	-1	0	-2911	-3710
14	0	780	-16	-50	0	0	-1	0	-2911	-3711
14	0	780	-16	-50	0	0	-1	0	-2912	-3712
14	0	778	-14	-61	0	0	0	0	-2912	-3713
14	0	778	-14	-61	0	0	0	0	-2912	-3714
14	0	778	-14	-61	0	0	0	0	-2912	-3715
14	0	778	-10	-64	0	0	0	0	-2913	-3717
14	0	778	-10	-64	0	0	0	0	-2913	-3718
14	0	778	-10	-64	0	0	0	0	-2913	-3719
14	0	776	2	-66	0	-1	0	0	-2913	-3721
14	0	776	2	-66	0	-1	0	0	-2913	-3722
14	0	776	2	-66	0	-1	0	0	-2913	-3724
14	0	775	35	-68	0	-3	0	0	-2913	-3725
14	0	775	35	-68	0	-3	0	0	-2913	-3726
14	0	775	35	-68	0	-3	0	0	-2912	-3728
14	0	770	91	-72	0	-6	0	0	-2911	-3729
14	0	770	91	-72	0	-6	0	0	-2909	-3731
14	0	770	91	-72	0	-6	0	0	-2907	-3732
14	0	764	124	-75	0	-7	0	0	-2905	-3734
14	0	764	124	-75	0	-7	0	0	-2902	-3736
14	0	764	124	-75	0	-7	0	0	-2900	-3737
14	0	760	123	-85	0	-4	0	0	-2897	-3739
14	0	760	123	-85	0	-4	0	0	-2894	-3741
14	0	760	123	-85	0	-4	0	0	-2892	-3743
14	0	756	152	-87	0	-1	0	0	-2889	-3744
14	0	756	152	-87	0	-1	0	0	-2886	-3746
14	0	756	152	-87	0	-1	0	0	-2883	-3748
14	0	756	152	-87	0	-1	0	0	-2880	-3750
14	0	756	143	-84	0	1	0	0	-2876	-3752
14	0	756	143	-84	0	1	0	0	-2873	-3753
14	0	756	143	-84	0	1	0	0	-2870	-3755
14	0	757	113	-86	0	2	-1	0	-2867	-3757
14	0	757	113	-86	0	2	-1	0	-2865	-3759
14	0	757	113	-86	0	2	-1	0	-2863	-3761
14	0	756	82	-115	0	2	-4	0	-2860	-3762
14	0	756	82	-115	0	2	-4	0	-2859	-3765
14	0	756	82	-115	0	2	-4	0	-2857	-3767
14	0	755	55	-175	0	2	-6	0	-2855	-3770
14	0	755	55	-175	0	2	-6	0	-2854	-3773
14	0	755	55	-175	0	2	-6	0	-2853	-3777
14	0	756	32	-250	0	1	-5	0	-2852	-3781
14	0	756	32	-250	0	1	-5	0	-2851	-3786
14	0	756	32	-250	0	1	-5	0	-2850	-3791
13	0	758	12	-284	0	1	-1	0	-2850	-3796
13	0	758	12	-284	0	1	-1	0	-2849	-3803
13	0	758	12	-284	0	1	-1	0	-2849	-3809
13	0	757	-4	-274	0	1	1	0	-2849	-3814
13	0	757	-4	-274	0	1	1	0	-2849	-3820
13	0	757	-4	-274	0	1	1	0	-2849	-3826
13	0	756	-19	-231	0	1	3	0	-2849	-3832
13	0	756	-19	-231	0	1	3	0	-2850	-3837
13	0	756	-19	-231	0	1	3	0	-2850	-3841
13	0	753	-30	-171	0	0	4	0	-2850	-3846
13	0	753	-30	-171	0	0	4	0	-2851	-3850
13	0	753	-30	-171	0	0	4	0	-2852	-3853
13	0	753	-30	-171	0	0	4	0	-2852	-3857
13	0	751	-35	-121	0	0	3	0	-2853	-3861
13	0	751	-35	-121	0	0	3	0	-2854	-3863
13	0	751	-35	-121	0	0	3	0	-2854	-3866
13	0	749	-20	-91	0	-1	1	0	-2855	-3868
13	0	749	-20	-91	0	-1	1	0	-2856	-3870
13	0	749	-20	-91	0	-1	1	0	-2856	-3872
13	0	746	-8	-70	0	0	1	0	-2856	-3874
13	0	746	-8	-70	0	0	1	0	-2857	-3876
13	0	746	-8	-70	0	0	1	0	-2857	-3877
13	0	745	0	-57	0	0	1	0	-2857	-3879
13	0	745	0	-57	0	0	1	0	-2857	-3880
13	0	745	0	-57	0	0	1	0	-2857	-3881
13	0	746	3	-46	0	0	0	0	-2857	-3882
13	0	746	3	-46	0	0	0	0	-2857	-3883
13	0	746	3	-46	0	0	0	0	-2857	-3884
13	0	748	2	-40	0	0	0	0	-2857	-3885
13	0	748	2	-40	0	0	0	0	-2857	-3886
13	0	748	2	-40	0	0	0	0	-2857	-3887
13	0	746	10	-38	0	-1	0	0	-2856	-3888
13	0	746	10	-38	0	-1	0	0	-2856	-3888
13	0	746	10	-38	0	-1	0	0	-2856	-3889
13	0	748	34	-39	0	-2	0	0	-2856	-3890
13	0	748	34	-39	0	-2	0	0	-2855	-3891
13	0	748	34	-39	0	-2	0	0	-2854	-3892
13	0	748	48	-40	0	-1	0	0	-2854	-3892
13	0	748	48	-40	0	-1	0	0	-2853	-3893
13	0	748	48	-40	0	-1	0	0	-2852	-3894
13	0	749	49	-41	0	0	0	0	-2851	-3895
13	0	749	49	-41	0	0	0	0	-2850	-3896
13	0	749	49	-41	0	0	0	0	-2848	-3897
13	0	753	44	-42	0	0	0	0	-2847	-3898
13	0	753	44	-42	0	0	0	0	-2847	-3899
13	0	753	44	-42	0	0	0	0	-2846	-3900
13	0	753	44	-42	0	0	0	0	-2845	-3900
13	0	754	50	-42	0	-1	0	0	-2844	-3901
13	0	754	50	-42	0	-1	0	0	-2843	-3902
13	0	754	50	-42	0	-1	0	0	-2842	-3903
13	0	755	77	-44	0	-2	0	0	-2841	-3904
13	0	755	77	-44	0	-2	0	0	-2839	-3905
13	0	755	77	-44	0	-2	0	0	-2837	-3906
13	0	757	93	-42	0	-1	0	0	-2836	-3907
13	0	757	93	-42	0	-1	0	0	-2834	-3908
13	0	757	93	-42	0	-1	0	0	-2832	-3908
13	0	757	92	-38	0	0	0	0	-2830	-3909
13	0	757	92	-38	0	0	0	0	-2828	-3910
13	0	757	92	-38	0	0	0	0	-2826	-3911
13	0	760	75	-31	0	1	0	0	-2824	-3912
13	0	760	75	-31	0	1	0	0	-2823	-3912
13	0	760	75	-31	0	1	0	0	-2821	-3913
13	0	764	48	-25	0	2	0	0	-2819	-3914
13	0	764	48	-25	0	2	0	0	-2818	-3914
13	0	764	48	-25	0	2	0	0	-2817	-3915
13	0	763	19	-19	0	2	0	0	-2816	-3915
13	0	763	19	-19	0	2	0	0	-2816	-3916
13	0	763	19	-19	0	2	0	0	-2815	-3916
13	0	764	-7	-12	0	2	0	0	-2815	-3917
13	0	764	-7	-12	0	2	0	0	-2815	-3917
13	0	764	-7	-12	0	2	0	0	-2815	-3917
13	0	762	-28	-6	0	1	0	0	-2816	-3917
13	0	762	-28	-6	0	1	0	0	-2816	-3918
13	0	762	-28	-6	0	1	0	0	-2817	-3918
13	0	762	-28	-6	0	1	0	0	-2817	-3918
13	0	760	-44	-1	0	1	0	0	-2818	-3918
13	0	760	-44	-1	0	1	0	0	-2819	-3918
13	0	757	-55	0	0	0	0	0	-2820	-3918
13	0	757	-55	0	0	0	0	0	-2821	-3918
13	0	757	-55	0	0	0	0	0	-2822	-3918
13	0	755	-58	2	0	0	0	0	-2823	-3918
13	0	755	-58	2	0	0	0	0	-2825	-3918
13	0	755	-58	2	0	0	0	0	-2826	-3918
13	0	755	-58	2	0	0	0	0	-2827	-3918
13	0	754	-57	4	0	0	0	0	-2828	-3918
13	0	754	-57	4	0	0	0	0	-2829	-3918
13	0	754	-57	4	0	0	0	0	-2831	-3918
13	0	750	-53	7	0	0	0	0	-2832	-3917
13	0	750	-53	7	0	0	0	0	-2833	-3917
13	0	750	-53	7	0	0	0	0	-2834	-3917
13	0	747	-48	9	0	0	0	0	-2835	-3917
13	0	747	-48	9	0	0	0	0	-2836	-3917
13	0	747	-43	9	0	0	0	0	-2838	-3916
13	0	747	-43	9	0	0	0	0	-2839	-3916
13	0	747	-43	9	0	0	0	0	-2840	-3916
13	0	745	-38	8	0	0	0	0	-2840	-3916
13	0	745	-38	8	0	0	0	0	-2841	-3916
13	0	745	-38	8	0	0	0	0	-2842	-3916
13	0	745	-38	8	0	0	0	0	-2843	-3915
13	0	742	-35	5	0	0	0	0	-2844	-3915
13	0	742	-35	5	0	0	0	0	-2844	-3915
13	0	742	-35	5	0	0	0	0	-2845	-3915
13	0	743	-31	1	0	0	0	0	-2846	-3915
13	0	743	-31	1	0	0	0	0	-2847	-3915
13	0	743	-31	1	0	0	0	0	-2847	-3915
13	0	741	-28	-1	0	0	0	0	-2848	-3915
13	0	741	-28	-1	0	0	0	0	-2848	-3915
13	0	741	-28	-1	0	0	0	0	-2849	-3915
13	0	740	-26	-3	0	0	0	0	-2850	-3915
13	0	740	-26	-3	0	0	0	0	-2850	-3915
13	0	740	-26	-3	0	0	0	0	-2851	-3915
13	0	739	-25	-3	0	0	0	0	-2851	-3915
13	0	739	-25	-3	0	0	0	0	-2852	-3915
13	0	739	-25	-3	0	0	0	0	-2852	-3915
13	0	738	-23	-2	0	0	0	0	-2853	-3915
13	0	738	-23	-2	0	0	0	0	-2853	-3915
13	0	738	-23	-2	0	0	0	0	-2854	-3915
13	0	737	-23	-2	0	0	0	-1	-2854	-3915
13	0	737	-23	-2	0	0	0	-1	-2855	-3915
13	0	737	-23	-2	0	0	0	-1	-2855	-3916
13	0	738	-24	-1	0	0	0	-1	-2856	-3916
13	0	738	-24	-1	0	0	0	-1	-2856	-3916
13	0	738	-24	-1	0	0	0	-1	-2857	-3916
13	0	741	-22	-1	0	0	0	-1	-2857	-3916
13	0	741	-22	-1	0	0	0	-1	-2858	-3916
13	0	741	-22	-1	0	0	0	-1	-2858	-3916
13	0	741	-22	-1	0	0	0	-1	-2859	-3916
13	0	745	-21	-3	0	0	0	-1	-2859	-3916
13	0	745	-21	-3	0	0	0	-1	-2860	-3916
13	0	745	-21	-3	0	0	0	-1	-2860	-3916
13	0	744	-22	-7	0	0	0	-2	-2861	-3916
13	0	744	-22	-7	0	0	0	-2	-2861	-3916
13	0	744	-22	-7	0	0	0	-2	-2862	-3916
13	0	745	-32	-5	0	1	0	-4	-2862	-3916
13	0	745	-32	-5	0	1	0	-4	-2863	-3917
13	0	745	-32	-5	0	1	0	-4	-2863	-3917
13	0	742	-60	6	0	2	1	-6	-2864	-3917
13	0	742	-60	6	0	2	1	-6	-2865	-3917
13	0	742	-60	6	0	2	1	-6	-2867	-3917
13	0	741	-103	26	0	3	2	-9	-2868	-3916
13	0	741	-103	26	0	3	2	-9	-2870	-3916
13	0	741	-103	26	0	3	2	-9	-2872	-3915
13	0	737	-149	47	0	4	2	-12	-2874	-3915
13	0	737	-149	47	0	4	2	-12	-2878	-3914
13	0	737	-149	47	0	4	2	-12	-2881	-3913
13	0	732	-194	62	0	3	2	-16	-2884	-3912
13	0	732	-194	62	0	3	2	-16	-2888	-3910
13	0	732	-194	62	0	3	2	-16	-2892	-3909
13	0	722	-230	67	0	2	1	-20	-2896	-3908
13	0	722	-230	67	0	2	1	-20	-2901	-3906
13	0	722	-230	67	0	2	1	-20	-2906	-3905
13	0	712	-255	62	0	1	0	-24	-2911	-3903
13	0	712	-255	62	0	1	0	-24	-2916	-3902
13	0	712	-255	62	0	1	0	-24	-2922	-3901
13	0	706	-264	53	0	0	0	-26	-2927	-3900
13	0	706	-264	53	0	0	0	-26	-2933	-3898
13	0	706	-264	53	0	0	0	-26	-2938	-3897
13	0	696	-251	34	0	-1	0	-28	-2944	-3896
13	0	696	-251	34	0	-1	0	-28	-2949	-3895
13	0	696	-251	34	0	-1	0	-28	-2954	-3895
13	0	688	-129	82	0	-2	0	-30	-2970	-3893
13	0	683	-148	57	0	-3	-1	-31	-2974	-3890
13	0	683	-148	57	0	-3	-1	-31	-2977	-3889
13	0	683	-148	57	0	-3	-1	-31	-2980	-3887
13	0	680	-79	-29	0	-4	-1	-32	-2983	-3886
13	0	680	-79	-29	0	-4	-1	-32	-2985	-3887
13	0	680	-79	-29	0	-4	-1	-32	-2987	-3888
13	0	685	-139	-62	0	-5	-1	-32	-2988	-3888
13	0	685	-139	-62	0	-5	-1	-32	-2991	-3889
13	0	685	-139	-62	0	-5	-1	-32	-2994	-3891
13	0	687	-85	-91	0	-7	-1	-33	-2997	-3892
13	0	687	-85	-91	0	-7	-1	-33	-2999	-3894
13	0	687	-85	-91	0	-7	-1	-33	-3001	-3896
13	0	690	-37	-119	0	-8	0	-33	-3002	-3898
13	0	690	-37	-119	0	-8	0	-33	-3003	-3900
13	0	690	-37	-119	0	-8	0	-33	-3004	-3903
13	0	690	-37	-119	0	-8	0	-33	-3005	-3905
13	0	700	75	-124	0	-10	0	-34	-3006	-3908
13	0	700	75	-124	0	-10	0	-34	-3004	-3911
13	0	700	75	-124	0	-10	0	-34	-3002	-3913
13	0	706	158	-132	0	-10	0	-34	-3001	-3916
13	0	706	158	-132	0	-10	0	-34	-2998	-3919
13	0	706	158	-132	0	-10	0	-34	-2994	-3921
13	0	722	267	-140	0	-11	0	-34	-2991	-3924
13	0	722	267	-140	0	-11	0	-34	-2985	-3927
13	0	722	267	-140	0	-11	0	-34	-2980	-3930
13	0	723	409	-128	0	-9	0	-34	-2974	-3933
13	0	723	409	-128	0	-9	0	-34	-2965	-3936
13	0	723	409	-128	0	-9	0	-34	-2957	-3938
13	0	727	518	-101	0	-5	0	-34	-2948	-3941
13	0	727	518	-101	0	-5	0	-34	-2937	-3943
13	0	727	518	-101	0	-5	0	-34	-2926	-3945
13	0	732	552	-63	0	-1	0	-34	-2916	-3947
13	0	732	552	-63	0	-1	0	-34	-2904	-3949
13	0	732	552	-63	0	-1	0	-34	-2892	-3950
13	0	735	510	-65	0	2	1	-34	-2881	-3951
13	0	735	510	-65	0	2	1	-34	-2870	-3953
13	0	735	510	-65	0	2	1	-34	-2859	-3954
13	0	732	445	-47	0	5	1	-34	-2849	-3956
13	0	732	445	-47	0	5	1	-34	-2839	-3957
13	0	732	445	-47	0	5	1	-34	-2830	-3958
13	0	734	358	-24	0	6	1	-34	-2820	-3959
13	0	734	358	-24	0	6	1	-34	-2813	-3959
13	0	734	358	-24	0	6	1	-34	-2805	-3960
13	0	744	258	0	0	7	1	-34	-2798	-3960
13	0	744	258	0	0	7	1	-34	-2792	-3960
13	0	744	258	0	0	7	1	-34	-2787	-3960
13	0	744	166	24	0	7	2	-35	-2782	-3960
13	0	744	166	24	0	7	2	-35	-2778	-3960
13	0	744	166	24	0	7	2	-35	-2775	-3959
13	0	744	166	24	0	7	2	-35	-2771	-3959
13	0	745	76	54	0	7	2	-36	-2768	-3958
13	0	745	76	54	0	7	2	-36	-2766	-3957
13	0	745	76	54	0	7	2	-36	-2764	-3956
13	0	747	-3	82	0	6	2	-37	-2763	-3955
13	0	747	-3	82	0	6	2	-37	-2763	-3953
13	0	747	-3	82	0	6	2	-37	-2763	-3951
13	0	749	-71	110	0	5	2	-39	-2763	-3949
13	0	749	-71	110	0	5	2	-39	-2765	-3947
13	0	749	-71	110	0	5	2	-39	-2766	-3945
13	0	745	-125	135	0	3	2	-40	-2768	-3942
13	0	745	-125	135	0	3	2	-40	-2770	-3940
13	0	745	-125	135	0	3	2	-40	-2773	-3937
13	0	739	-149	141	0	0	0	-41	-2775	-3934
13	0	739	-149	141	0	0	0	-41	-2779	-3931
13	0	739	-149	141	0	0	0	-41	-2782	-3928
13	0	735	-139	127	0	-2	-1	-42	-2785	-3925
13	0	735	-139	127	0	-2	-1	-42	-2788	-3922
13	0	735	-139	127	0	-2	-1	-42	-2791	-3920
13	0	730	-103	99	0	-3	-2	-42	-2794	-3917
13	0	730	-103	99	0	-3	-2	-42	-2796	-3915
13	0	730	-103	99	0	-3	-2	-42	-2798	-3913
13	0	729	-54	65	0	-4	-2	-43	-2800	-3911
13	0	729	-54	65	0	-4	-2	-43	-2801	-3909
13	0	729	-54	65	0	-4	-2	-43	-2802	-3908
13	0	728	-6	34	0	-4	-2	-43	-2803	-3907
13	0	728	-6	34	0	-4	-2	-43	-2804	-3906
13	0	728	-6	34	0	-4	-2	-43	-2804	-3905
13	0	727	35	11	0	-3	-1	-43	-2804	-3904
13	0	727	35	11	0	-3	-1	-43	-2803	-3904
13	0	727	35	11	0	-3	-1	-43	-2802	-3904
13	0	727	35	11	0	-2	-1	-43	-2802	-3904
13	0	728	65	0	0	-2	-1	-43	-2801	-3903
13	0	728	65	0	0	-2	-1	-43	-2800	-3903
13	0	728	65	0	0	-2	-1	-43	-2798	-3903
13	0	733	82	-9	0	-1	-1	-43	-2797	-3903
13	0	733	82	-9	0	-1	-1	-43	-2795	-3904
13	0	733	82	-9	0	-1	-1	-43	-2793	-3904
13	0	736	87	-13	0	0	0	-43	-2792	-3904
13	0	736	87	-13	0	0	0	-43	-2790	-3904
13	0	736	87	-13	0	0	0	-43	-2788	-3905
13	0	737	82	-15	0	0	0	-43	-2786	-3905
13	0	737	82	-15	0	0	0	-43	-2784	-3905
13	0	737	82	-15	0	0	0	-43	-2783	-3906
13	0	744	73	-15	0	0	0	-43	-2781	-3906
13	0	744	73	-15	0	0	0	-43	-2779	-3906
13	0	744	73	-15	0	0	0	-43	-2778	-3907
13	0	743	64	-15	0	0	0	-43	-2776	-3907
13	0	743	64	-15	0	0	0	-43	-2775	-3907
13	0	743	64	-15	0	0	0	-43	-2774	-3908
13	0	744	50	-13	0	0	0	-43	-2772	-3908
13	0	744	50	-13	0	0	0	-43	-2771	-3908
13	0	744	50	-13	0	0	0	-43	-2770	-3908
13	0	747	39	-9	0	0	0	-43	-2769	-3909
13	0	747	39	-9	0	0	0	-43	-2768	-3909
13	0	747	39	-9	0	0	0	-43	-2767	-3909
13	0	749	27	1	0	0	0	-41	-2766	-3909
13	0	749	27	1	0	0	0	-41	-2766	-3909
13	0	749	27	1	0	0	0	-41	-2765	-3909
13	0	752	15	18	0	0	1	-38	-2764	-3909
13	0	752	15	18	0	0	1	-38	-2764	-3909
13	0	751	8	39	0	0	1	-35	-2764	-3908
13	0	751	8	39	0	0	1	-35	-2763	-3907
13	0	751	8	39	0	0	1	-35	-2763	-3907
13	0	751	9	66	0	0	1	-31	-2763	-3906
13	0	751	9	66	0	0	1	-31	-2763	-3903
13	0	750	15	89	0	0	1	-27	-2762	-3902
13	0	750	15	89	0	0	1	-27	-2762	-3899
13	0	750	15	89	0	0	1	-27	-2762	-3897
13	0	748	21	105	0	0	1	-23	-2761	-3894
13	0	748	21	105	0	0	1	-23	-2760	-3890
12	0	748	28	116	0	0	0	-18	-2760	-3888
12	0	748	28	116	0	0	0	-18	-2759	-3885
12	0	748	28	116	0	0	0	-18	-2759	-3882
12	0	750	37	120	0	0	0	-14	-2758	-3880
12	0	750	37	120	0	0	0	-14	-2757	-3877
12	0	750	46	121	0	0	0	-9	-2756	-3875
12	0	750	46	121	0	0	0	-9	-2755	-3871
12	0	750	46	121	0	0	0	-9	-2754	-3868
12	0	750	58	122	0	0	0	-5	-2753	-3865
12	0	750	58	122	0	0	0	-5	-2751	-3863
12	0	750	58	122	0	0	0	-5	-2750	-3860
12	0	750	58	122	0	0	0	-5	-2749	-3858
12	0	754	71	120	0	0	0	0	-2748	-3855
12	0	754	71	120	0	0	0	0	-2746	-3853
12	0	754	71	120	0	0	0	0	-2745	-3850
12	0	754	85	117	0	0	0	3	-2743	-3848
12	0	754	85	117	0	0	0	3	-2742	-3845
12	0	754	85	117	0	0	0	3	-2740	-3843
12	0	755	98	113	0	0	0	7	-2738	-3840
12	0	755	98	113	0	0	0	7	-2736	-3838
12	0	756	112	106	0	0	0	12	-2734	-3835
12	0	756	112	106	0	0	0	12	-2731	-3833
12	0	756	112	106	0	0	0	12	-2727	-3829
12	0	756	119	105	0	0	0	15	-2724	-3827
12	0	756	119	105	0	0	0	15	-2722	-3824
12	0	756	119	105	0	0	0	15	-2719	-3822
12	0	756	111	116	0	1	1	17	-2716	-3820
12	0	756	111	116	0	1	1	17	-2714	-3817
12	0	754	90	135	0	2	2	19	-2710	-3813
12	0	754	90	135	0	2	2	19	-2708	-3810
12	0	754	90	135	0	2	2	19	-2706	-3807
12	0	750	61	157	0	2	2	21	-2704	-3803
12	0	750	61	157	0	2	2	21	-2702	-3800
12	0	745	29	180	0	3	2	22	-2700	-3795
12	0	745	29	180	0	3	2	22	-2699	-3790
12	0	745	29	180	0	3	2	22	-2699	-3786
12	0	740	-5	201	0	3	2	22	-2698	-3782
12	0	740	-5	201	0	3	2	22	-2698	-3777
12	0	732	-41	216	0	3	1	22	-2698	-3770
12	0	732	-41	216	0	3	1	22	-2699	-3765
12	0	732	-41	216	0	3	1	22	-2700	-3760
12	0	726	-78	228	0	3	1	22	-2701	-3755
12	0	726	-78	228	0	3	1	22	-2703	-3750
12	0	726	-78	228	0	3	1	22	-2704	-3746
12	0	720	-112	238	0	2	1	22	-2706	-3741
12	0	720	-112	238	0	2	1	22	-2710	-3733
12	0	720	-112	238	0	2	1	22	-2712	-3728
12	0	707	-137	241	0	2	1	21	-2715	-3722
12	0	707	-137	241	0	2	1	21	-2718	-3717
12	0	699	-153	238	0	1	0	21	-2722	-3710
12	0	699	-153	238	0	1	0	21	-2728	-3700
12	0	688	-160	228	0	0	0	20	-2732	-3693
12	0	688	-160	228	0	0	0	20	-2738	-3686
12	0	688	-160	228	0	0	0	20	-2741	-3681
12	0	677	-137	363	0	0	0	19	-2745	-3676
12	0	677	-137	363	0	0	0	19	-2748	-3668
12	0	677	-137	363	0	0	0	19	-2750	-3661
12	0	668	-73	398	0	-1	-1	18	-2753	-3653
12	0	668	-73	398	0	-1	-1	18	-2755	-3644
12	0	659	25	394	0	-2	-1	17	-2757	-3631
12	0	659	25	394	0	-2	-1	17	-2757	-3620
12	0	652	58	391	0	-2	-1	15	-2756	-3611
12	0	652	58	391	0	-2	-1	15	-2753	-3593
12	0	650	2	439	0	-1	-1	14	-2752	-3584
12	0	650	2	439	0	-1	-1	14	-2752	-3574
12	0	650	2	439	0	-1	-1	14	-2752	-3559
12	0	650	22	391	0	-1	-1	12	-2752	-3549
12	0	650	22	391	0	-1	-1	12	-2751	-3540
12	0	650	22	391	0	-1	-1	12	-2751	-3532
12	0	653	-2	439	0	0	0	10	-2750	-3524
12	0	653	-2	439	0	0	0	10	-2750	-3513
12	0	658	-21	485	0	0	0	8	-2750	-3499
12	0	658	-21	485	0	0	0	8	-2751	-3488
12	0	658	-21	485	0	0	0	8	-2751	-3478
12	0	663	-42	496	0	1	0	6	-2752	-3467
12	0	663	-42	496	0	1	0	6	-2753	-3454
12	0	673	-55	514	0	1	1	3	-2754	-3438
12	0	673	-55	514	0	1	1	3	-2756	-3424
12	0	673	-55	514	0	1	1	3	-2757	-3413
12	0	673	-55	514	0	1	1	3	-2758	-3403
12	0	672	-52	505	0	1	1	0	-2759	-3392
12	0	672	-52	505	0	1	1	0	-2760	-3381
12	0	672	-52	505	0	1	1	0	-2762	-3371
11	0	675	-96	508	0	1	1	-2	-2763	-3360
11	0	675	-96	508	0	1	1	-2	-2765	-3349
11	0	675	-96	508	0	1	1	-2	-2767	-3339
11	0	680	-116	495	0	1	0	-6	-2769	-3328
11	0	680	-116	495	0	1	0	-6	-2771	-3317
11	0	682	-155	473	0	0	0	-8	-2775	-3301
11	0	682	-155	473	0	0	0	-8	-2779	-3290
11	0	682	-155	473	0	0	0	-8	-2782	-3279
11	0	687	-220	437	0	0	-1	-9	-2786	-3269
11	0	687	-220	437	0	0	-1	-9	-2790	-3260
11	0	687	-220	437	0	0	-1	-9	-2797	-3246
11	0	685	-234	365	0	-1	-2	-9	-2802	-3236
11	0	685	-234	365	0	-1	-2	-9	-2810	-3223
11	0	681	-241	319	0	-1	-3	-8	-2816	-3214
11	0	681	-241	319	0	-1	-3	-8	-2822	-3207
11	0	682	-193	272	0	-1	-4	-7	-2830	-3196
11	0	682	-193	272	0	-1	-4	-7	-2836	-3187
11	0	680	-113	207	0	-1	-3	-5	-2844	-3177
11	0	680	-113	207	0	-1	-3	-5	-2846	-3172
11	0	680	-113	207	0	-1	-3	-5	-2849	-3168
11	0	674	-47	78	0	-2	-2	-4	-2851	-3164
11	0	674	-47	78	0	-2	-2	-4	-2852	-3162
11	0	674	-47	78	0	-2	-2	-4	-2853	-3160
11	0	669	104	-116	0	-2	-1	-3	-2854	-3159
11	0	669	104	-116	0	-2	-1	-3	-2852	-3161
11	0	669	104	-116	0	-2	-1	-3	-2849	-3164
11	0	665	185	-166	0	-2	0	-2	-2847	-3166
11	0	665	185	-166	0	-2	0	-2	-2844	-3170
11	0	665	185	-166	0	-2	0	-2	-2840	-3173
11	0	666	213	-174	0	-2	0	0	-2835	-3177
11	0	666	213	-174	0	-2	0	0	-2831	-3180
11	0	666	213	-174	0	-2	0	0	-2826	-3184
11	0	666	213	-174	0	-2	0	0	-2822	-3188
11	0	668	243	-142	0	-1	1	0	-2818	-3191
11	0	668	243	-142	0	-1	1	0	-2812	-3194
11	0	668	243	-142	0	-1	1	0	-2807	-3197
11	0	674	250	-119	0	0	1	0	-2802	-3200
11	0	674	250	-119	0	0	1	0	-2797	-3203
11	0	674	250	-119	0	0	1	0	-2792	-3205
11	0	684	220	-129	0	0	0	0	-2787	-3208
11	0	684	220	-129	0	0	0	0	-2782	-3210
11	0	684	220	-129	0	0	0	0	-2777	-3213
9	0	688	205	-137	0	0	0	1	-2773	-3216
9	0	688	205	-137	0	0	0	1	-2768	-3219
9	0	688	205	-137	0	0	0	1	-2764	-3222
9	0	697	203	-132	0	0	0	1	-2759	-3225
9	0	697	203	-132	0	0	0	1	-2752	-3229
9	0	710	208	-109	0	0	0	0	-2748	-3233
9	0	710	208	-109	0	0	0	0	-2743	-3235
9	0	710	208	-109	0	0	0	0	-2739	-3237
9	0	716	188	-111	0	0	0	0	-2735	-3239
9	0	716	188	-111	0	0	0	0	-2731	-3242
9	0	716	188	-111	0	0	0	0	-2727	-3244
9	0	716	188	-111	0	0	0	0	-2723	-3246
9	0	727	183	-138	0	0	0	0	-2719	-3249
9	0	727	183	-138	0	0	0	0	-2715	-3252
9	0	727	183	-138	0	0	0	0	-2711	-3255
9	0	736	182	-137	0	0	0	0	-2707	-3258
9	0	736	182	-137	0	0	0	0	-2703	-3260
9	0	736	182	-137	0	0	0	0	-2699	-3263
9	0	746	196	-128	0	0	0	-1	-2696	-3266
9	0	746	196	-128	0	0	0	-1	-2691	-3269
9	0	757	178	-143	0	0	0	-2	-2686	-3272
9	0	757	178	-143	0	0	0	-2	-2680	-3278
9	0	767	167	-169	0	0	0	-2	-2674	-3282
9	0	767	167	-169	0	0	0	-2	-2671	-3285
9	0	767	167	-169	0	0	0	-2	-2668	-3289
9	0	777	165	-181	0	0	0	-2	-2664	-3292
9	0	777	165	-181	0	0	0	-2	-2661	-3296
9	0	777	165	-181	0	0	0	-2	-2655	-3302
9	0	786	154	-196	0	0	0	-1	-2649	-3308
9	0	786	154	-196	0	0	0	-1	-2644	-3315
9	0	799	124	-204	0	0	-1	-1	-2640	-3320
9	0	799	124	-204	0	0	-1	-1	-2637	-3325
9	0	812	139	-202	0	0	-1	-1	-2635	-3329
9	0	812	139	-202	0	0	-1	-1	-2632	-3333
9	0	812	139	-202	0	0	-1	-1	-2627	-3340
9	0	828	150	-217	0	0	-1	0	-2624	-3344
9	0	828	150	-217	0	0	-1	0	-2621	-3349
9	0	828	150	-217	0	0	-1	0	-2618	-3353
9	0	838	137	-232	0	0	-1	0	-2615	-3358
9	0	838	137	-232	0	0	-1	0	-2612	-3363
9	0	838	137	-232	0	0	-1	0	-2609	-3368
9	0	845	119	-237	0	0	-1	0	-2606	-3373
9	0	845	119	-237	0	0	-1	0	-2604	-3378
9	0	845	119	-237	0	0	-1	0	-2601	-3383
9	0	845	119	-237	0	0	-1	0	-2599	-3388
9	0	851	148	-237	0	0	0	0	-2596	-3393
9	0	851	148	-237	0	0	0	0	-2593	-3397
9	0	851	148	-237	0	0	0	0	-2590	-3403
9	0	860	135	-239	0	0	0	0	-2587	-3407
9	0	860	135	-239	0	0	0	0	-2584	-3413
9	0	860	135	-239	0	0	0	0	-2581	-3418
9	0	865	120	-248	0	0	0	1	-2578	-3423
9	0	865	120	-248	0	0	0	1	-2575	-3428
9	0	869	114	-235	0	0	0	1	-2573	-3434
9	0	869	114	-235	0	0	0	1	-2570	-3440
9	0	869	114	-235	0	0	0	1	-2567	-3445
9	0	871	141	-220	0	0	0	1	-2563	-3453
9	0	871	141	-220	0	0	0	1	-2560	-3458
9	0	871	141	-220	0	0	0	1	-2557	-3463
9	0	875	130	-211	0	0	0	1	-2554	-3468
9	0	875	130	-211	0	0	0	1	-2551	-3472
9	0	879	127	-216	0	0	0	1	-2549	-3476
9	0	879	127	-216	0	0	0	1	-2545	-3483
9	0	879	127	-216	0	0	0	1	-2542	-3488
9	0	879	139	-207	0	0	0	0	-2539	-3493
9	0	879	139	-207	0	0	0	0	-2536	-3497
9	0	879	139	-207	0	0	0	0	-2533	-3502
9	0	880	148	-194	0	0	0	0	-2530	-3506
9	0	880	148	-194	0	0	0	0	-2527	-3510
9	0	880	148	-194	0	0	0	0	-2524	-3514
9	0	880	148	-194	0	0	0	0	-2521	-3518
9	0	881	149	-184	0	0	0	0	-2517	-3522
9	0	881	149	-184	0	0	0	0	-2514	-3526
9	0	881	149	-184	0	0	0	0	-2511	-3530
9	0	879	152	-173	0	0	0	0	-2508	-3534
9	0	879	152	-173	0	0	0	0	-2505	-3538
9	0	879	152	-173	0	0	0	0	-2502	-3542
9	0	877	151	-163	0	0	0	0	-2498	-3545
9	0	877	151	-163	0	0	0	0	-2495	-3548
9	0	877	151	-163	0	0	0	0	-2492	-3552
9	0	872	151	-151	0	0	0	-1	-2489	-3555
9	0	872	151	-151	0	0	0	-1	-2486	-3559
9	0	868	151	-140	0	0	0	-1	-2482	-3563
9	0	868	151	-140	0	0	0	-1	-2478	-3566
9	0	868	151	-140	0	0	0	-1	-2473	-3571
9	0	865	147	-129	0	0	0	-1	-2468	-3575
9	0	865	147	-129	0	0	0	-1	-2464	-3579
9	0	860	144	-119	0	0	0	0	-2460	-3582
9	0	860	144	-119	0	0	0	0	-2457	-3585
9	0	860	144	-119	0	0	0	0	-2454	-3587
9	0	861	139	-110	0	0	0	0	-2451	-3590
9	0	861	139	-110	0	0	0	0	-2448	-3592
9	0	861	139	-110	0	0	0	0	-2445	-3595
9	0	857	135	-102	0	0	0	0	-2442	-3597
9	0	857	135	-102	0	0	0	0	-2439	-3599
9	0	857	135	-102	0	0	0	0	-2436	-3601
9	0	849	128	-93	0	0	0	1	-2433	-3603
9	0	849	128	-93	0	0	0	1	-2431	-3605
9	0	847	121	-87	0	0	0	1	-2428	-3607
9	0	847	121	-87	0	0	0	1	-2424	-3610
9	0	847	121	-87	0	0	0	1	-2421	-3612
9	0	840	113	-80	0	0	0	1	-2418	-3614
9	0	840	113	-80	0	0	0	1	-2416	-3616
9	0	840	113	-80	0	0	0	1	-2413	-3618
9	0	833	105	-72	0	0	0	0	-2411	-3620
9	0	833	105	-72	0	0	0	0	-2407	-3622
9	0	833	105	-72	0	0	0	0	-2405	-3623
9	0	836	98	-69	0	0	0	0	-2403	-3625
9	0	836	98	-69	0	0	0	0	-2401	-3626
9	0	836	98	-69	0	0	0	0	-2399	-3628
9	0	830	94	-65	0	0	0	0	-2397	-3629
9	0	830	94	-65	0	0	0	0	-2395	-3631
9	0	830	94	-65	0	0	0	0	-2393	-3632
9	0	824	90	-61	0	0	0	0	-2391	-3634
9	0	824	90	-61	0	0	0	0	-2389	-3635
9	0	824	90	-61	0	0	0	0	-2387	-3636
9	0	819	88	-58	0	0	0	-1	-2385	-3637
9	0	819	88	-58	0	0	0	-1	-2383	-3639
9	0	819	88	-58	0	0	0	-1	-2381	-3640
9	0	811	86	-53	0	0	0	-1	-2379	-3641
9	0	811	86	-53	0	0	0	-1	-2377	-3642
9	0	807	83	-49	0	0	0	-1	-2375	-3644
9	0	807	83	-49	0	0	0	-1	-2372	-3645
9	0	807	83	-49	0	0	0	-1	-2370	-3647
9	0	800	81	-45	0	0	0	0	-2369	-3648
9	0	800	81	-45	0	0	0	0	-2367	-3649
9	0	800	81	-45	0	0	0	0	-2365	-3650
9	0	800	81	-45	0	0	0	0	-2363	-3651
9	0	795	80	-39	0	0	0	0	-2362	-3652
9	0	795	80	-39	0	0	0	0	-2360	-3652
9	0	795	80	-39	0	0	0	0	-2358	-3653
9	0	793	79	-34	0	0	0	0	-2356	-3654
9	0	793	79	-34	0	0	0	0	-2355	-3655
9	0	793	79	-34	0	0	0	0	-2353	-3655
9	0	788	80	-29	0	0	0	0	-2351	-3656
9	0	788	80	-29	0	0	0	0	-2350	-3657
9	0	788	80	-29	0	0	0	0	-2348	-3657
9	0	785	84	-25	0	0	0	1	-2346	-3658
9	0	785	84	-25	0	0	0	1	-2343	-3659
9	0	780	88	-19	0	0	0	1	-2341	-3660
9	0	780	88	-19	0	0	0	1	-2339	-3660
9	0	774	91	-11	0	0	0	1	-2337	-3661
9	0	774	91	-11	0	0	0	1	-2335	-3661
9	0	774	91	-11	0	0	0	1	-2333	-3661
9	0	773	93	-1	0	0	0	1	-2330	-3661
9	0	773	93	-1	0	0	0	1	-2328	-3661
9	0	773	93	-1	0	0	0	1	-2326	-3662
9	0	770	94	7	0	0	0	0	-2324	-3662
9	0	770	94	7	0	0	0	0	-2322	-3661
9	0	770	94	7	0	0	0	0	-2320	-3661
9	0	767	96	12	0	0	0	0	-2318	-3661
9	0	767	96	12	0	0	0	0	-2316	-3661
9	0	767	96	12	0	0	0	0	-2314	-3661
9	0	767	96	12	0	0	0	0	-2312	-3660
9	0	760	97	19	0	0	0	0	-2310	-3660
9	0	760	97	19	0	0	0	0	-2308	-3660
9	0	760	97	19	0	0	0	0	-2306	-3659
9	0	756	99	22	0	0	0	-1	-2304	-3659
9	0	756	99	22	0	0	0	-1	-2301	-3658
9	0	751	100	22	0	0	0	-1	-2299	-3658
9	0	751	100	22	0	0	0	-1	-2295	-3657
9	0	746	102	22	0	0	0	-1	-2293	-3656
9	0	746	102	22	0	0	0	-1	-2291	-3656
9	0	746	102	22	0	0	0	-1	-2289	-3656
9	0	746	102	22	0	0	0	-1	-2287	-3655
9	0	0	0	0	0	0	0	-1	-2284	-3655
9	0	0	0	0	0	0	0	-1	-2284	-3655
9	0	0	0	0	0	0	0	-1	-2284	-3655
9	0	0	0	0	0	0	0	-1	-2284	-3655
9	0	0	0	0	0	0	0	-1	-2284	-3655
9	0	0	0	0	0	0	0	-1	-2284	-3655
9	0	0	0	0	0	0	0	-1	-2284	-3655
9	0	0	0	0	0	0	0	-1	-2284	-3655
9	0	0	0	0	0	0	0	-1	-2284	-3655
9	0	0	0	0	0	0	0	-1	-2284	-3655
9	0	0	0	0	0	0	0	-1	-2284	-3655
9	0	0	0	0	0	0	0	-1	-2284	-3655
9	0	0	0	0	0	0	0	-1	-2284	-3655
9	0	0	0	0	0	0	0	-1	-2284	-3655
9	0	0	0	0	0	0	0	-1	-2284	-3655
9	0	0	0	0	0	0	0	-1	-2284	-3655
9	0	0	0	0	0	0	0	-1	-2284	-3655
9	0	0	0	0	0	0	0	-1	-2284	-3655
9	0	0	0	0	0	0	-1	0	-2284	-3655
9	0	0	0	0	0	0	-1	0	-2284	-3655
9	0	0	0	0	0	0	-1	0	-2284	-3655
9	0	0	0	0	0	1	-8	0	-2284	-3655
9	0	0	0	0	0	1	-8	0	-2284	-3655
9	0	0	0	0	0	1	-8	0	-2284	-3655
9	0	0	0	0	0	1	-8	0	-2284	-3655
9	0	0	0	0	0	2	-13	1	-2284	-3655
9	0	0	0	0	0	2	-13	1	-2284	-3655
9	0	0	0	0	0	2	-13	1	-2284	-3655
9	0	0	0	0	0	4	-17	2	-2284	-3655
9	0	0	0	0	0	4	-17	2	-2284	-3655
9	0	0	0	0	0	4	-17	2	-2284	-3655
9	0	0	0	0	0	-1	-10	6	-2284	-3655
9	0	0	0	0	0	-1	-10	6	-2284	-3655
9	0	0	0	0	0	-1	-10	6	-2284	-3655
9	0	0	0	0	0	1	-1	6	-2284	-3655
9	0	0	0	0	0	1	-1	6	-2284	-3655
9	0	0	0	0	0	1	-1	6	-2284	-3655
9	0	0	0	0	0	0	-2	6	-2284	-3655
9	0	0	0	0	0	0	-2	6	-2284	-3655
9	0	0	0	0	0	0	-2	6	-2284	-3655
9	0	0	0	0	0	0	-2	7	-2284	-3655
9	0	0	0	0	0	0	-2	7	-2284	-3655
9	0	0	0	0	0	0	-2	7	-2284	-3655
9	0	0	0	0	0	0	-1	6	-2284	-3655
9	0	0	0	0	0	0	-1	6	-2284	-3655
9	0	0	0	0	0	0	-1	6	-2284	-3655
9	0	0	0	0	0	0	-1	6	-2284	-3655
9	0	0	0	0	0	0	-1	6	-2284	-3655
9	0	0	0	0	0	0	-1	6	-2284	-3655
9	0	0	0	0	0	0	-1	6	-2284	-3655
9	0	0	0	0	0	0	-1	6	-2284	-3655
9	0	0	0	0	0	0	-1	6	-2284	-3655
9	0	0	0	0	0	0	-1	6	-2284	-3655
9	0	0	0	0	0	0	-1	6	-2284	-3655
9	0	0	0	0	0	0	-1	6	-2284	-3655
9	0	0	0	0	0	0	-1	6	-2284	-3655
9	0	0	0	0	0	0	-1	6	-2284	-3655
9	0	0	0	0	0	0	-1	6	-2284	-3655
9	0	0	0	0	0	0	-1	6	-2284	-3655
9	0	0	0	0	0	0	-1	6	-2284	-3655
9	0	0	0	0	0	0	-1	6	-2284	-3655
9	0	0	0	0	0	0	-1	6	-2284	-3655
9	0	0	0	0	0	0	-1	6	-2284	-3655
9	0	0	0	0	0	0	-1	6	-2284	-3655
9	0	0	0	0	0	0	-1	6	-2284	-3655
9	0	0	0	0	0	0	-1	6	-2284	-3655
9	0	0	0	0	0	0	-1	6	-2284	-3655
9	0	0	0	0	0	0	-1	6	-2284	-3655
9	0	0	0	0	0	0	-1	6	-2284	-3655
9	0	0	0	0	0	0	-1	6	-2284	-3655
9	0	0	0	0	0	0	-1	6	-2284	-3655
9	0	0	0	0	0	0	-1	6	-2284	-3655
9	0	0	0	0	0	0	-1	6	-2284	-3655
9	0	0	0	0	0	0	-1	6	-2284	-3655
9	0	0	0	0	0	0	-1	6	-2284	-3655
9	0	0	0	0	0	0	-1	6	-2284	-3655
9	0	0	0	0	0	0	-1	6	-2284	-3655
9	0	0	0	0	0	0	-1	6	-2284	-3655
9	0	0	0	0	0	0	-1	6	-2284	-3655
9	0	0	0	0	0	0	-1	6	-2284	-3655
9	0	0	0	0	0	0	0	6	-2284	-3655
9	0	0	0	0	0	0	0	6	-2284	-3655
9	0	0	0	0	0	0	0	6	-2284	-3655
9	0	0	0	0	0	0	0	6	-2284	-3655
9	0	0	0	0	0	0	0	6	-2284	-3655
9	0	0	0	0	0	0	0	6	-2284	-3655
9	0	0	0	0	0	0	0	6	-2284	-3655
9	0	0	0	0	0	0	0	6	-2284	-3655
9	0	0	0	0	0	0	0	6	-2284	-3655
9	0	0	0	0	0	0	0	6	-2284	-3655
9	0	0	0	0	0	0	0	6	-2284	-3655
9	0	0	0	0	0	0	0	6	-2284	-3655
9	0	0	0	0	0	0	0	6	-2284	-3655
9	0	0	0	0	0	0	0	6	-2284	-3655
9	0	0	0	0	0	0	0	6	-2284	-3655
9	0	0	0	0	0	0	0	6	-2284	-3655
9	0	0	0	0	0	0	0	6	-2284	-3655
9	0	0	0	0	0	0	0	6	-2284	-3655
9	0	0	0	0	0	0	0	6	-2284	-3655
9	0	0	0	0	0	0	0	6	-2284	-3655
9	0	0	0	0	0	0	0	6	-2284	-3655
9	0	0	0	0	0	0	0	6	-2284	-3655
9	0	0	0	0	0	0	0	6	-2284	-3655
9	0	0	0	0	0	0	0	6	-2284	-3655
9	0	0	0	0	0	0	0	6	-2284	-3655
9	0	0	0	0	0	0	0	6	-2284	-3655
9	0	0	0	0	0	0	0	6	-2284	-3655
9	0	0	0	0	0	0	0	6	-2284	-3655
9	0	0	0	0	0	0	0	6	-2284	-3655
9	0	0	0	0	0	0	0	6	-2284	-3655
9	0	0	0	0	0	0	0	6	-2284	-3655
9	0	0	0	0	0	0	0	6	-2284	-3655
9	0	0	0	0	0	0	0	6	-2284	-3655
9	0	0	0	0	0	0	0	6	-2284	-3655
9	0	0	0	0	0	0	0	6	-2284	-3655
9	0	0	0	0	0	0	0	6	-2284	-3655
9	0	0	0	0	0	0	0	6	-2284	-3655
9	0	0	0	0	0	0	0	6	-2284	-3655
9	0	0	0	0	0	0	0	6	-2284	-3655
9	0	0	0	0	0	0	0	6	-2284	-3655
9	0	0	0	0	0	0	0	6	-2284	-3655
9	0	0	0	0	0	0	0	6	-2284	-3655
9	0	0	0	0	0	0	0	6	-2284	-3655
9	0	0	0	0	0	0	0	6	-2284	-3655
9	0	0	0	0	0	0	0	6	-2284	-3655
9	0	0	0	0	0	0	0	6	-2284	-3655
9	0	0	0	0	0	0	0	6	-2284	-3655
9	0	0	0	0	0	0	0	6	-2284	-3655
9	0	0	0	0	0	0	0	6	-2284	-3655
9	0	0	0	0	0	0	0	6	-2284	-3655
9	0	0	0	0	0	0	0	6	-2284	-3655
9	0	0	0	0	0	0	0	6	-2284	-3655
9	0	0	0	0	0	0	0	6	-2284	-3655
9	0	0	0	0	0	0	0	6	-2284	-3655
9	0	0	0	0	0	0	0	6	-2284	-3655
9	0	0	0	0	0	0	0	6	-2284	-3655
9	0	0	0	0	0	0	0	6	-2284	-3655
9	0	0	0	0	0	0	0	6	-2284	-3655
9	0	0	0	0	0	0	0	6	-2284	-3655
9	0	0	0	0	0	0	0	6	-2284	-3655
9	0	0	0	0	0	0	0	6	-2284	-3655
9	0	0	0	0	0	0	0	6	-2284	-3655
9	0	0	0	0	0	0	0	6	-2284	-3655
9	0	0	0	0	0	0	0	6	-2284	-3655
9	0	0	0	0	0	0	0	6	-2284	-3655
9	0	0	0	0	0	0	0	6	-2284	-3655
9	0	0	0	0	0	0	0	6	-2284	-3655
9	0	0	0	0	0	0	0	6	-2284	-3655
9	0	0	0	0	0	0	0	6	-2284	-3655
9	0	0	0	0	0	0	0	6	-2284	-3655
9	0	0	0	0	0	0	0	6	-2284	-3655
9	0	0	0	0	0	0	0	6	-2284	-3655
9	0	0	0	0	0	0	0	6	-2284	-3655
9	0	0	0	0	0	0	0	6	-2284	-3655
9	0	0	0	0	0	0	0	6	-2284	-3655
9	0	0	0	0	0	0	0	6	-2284	-3655
9	0	0	0	0	0	0	0	6	-2284	-3655
9	0	0	0	0	0	0	0	6	-2284	-3655
9	0	0	0	0	0	0	0	6	-2284	-3655
9	0	0	0	0	0	0	0	6	-2284	-3655
9	0	0	0	0	0	0	0	6	-2284	-3655
9	0	0	0	0	0	0	0	6	-2284	-3655
9	0	0	0	0	0	0	0	6	-2284	-3655
9	0	0	0	0	0	0	0	6	-2284	-3655
9	0	0	0	0	0	0	0	6	-2284	-3655
9	0	0	0	0	0	0	0	6	-2284	-3655
9	0	0	0	0	0	0	0	6	-2284	-3655
9	0	0	0	0	0	0	0	6	-2284	-3655
9	0	0	0	0	0	0	0	6	-2284	-3655
9	0	0	0	0	0	0	0	6	-2284	-3655
9	0	0	0	0	0	0	0	6	-2284	-3655
9	0	0	0	0	0	0	0	6	-2284	-3655
9	0	0	0	0	0	0	0	6	-2284	-3655
9	0	0	0	0	0	0	0	6	-2284	-3655
9	0	0	0	0	0	0	0	6	-2284	-3655
9	0	0	0	0	0	0	0	6	-2284	-3655
9	0	0	0	0	0	0	0	6	-2284	-3655
