bat	flyst.	alt	vx	vy	vz	theta	phi	psi	px	py
0	0	0	0	0	0	0	0	0	0	0
0	0	0	0	0	0	0	0	0	0	0
0	0	0	0	0	0	0	0	0	0	0
0	0	0	0	0	0	0	0	0	0	0
0	0	0	0	0	0	0	0	0	0	0
0	0	0	0	0	0	0	0	0	0	0
0	0	0	0	0	0	0	0	0	0	0
0	0	0	0	0	0	0	0	0	0	0
0	0	0	0	0	0	0	0	0	0	0
0	0	0	0	0	0	0	0	0	0	0
0	0	0	0	0	0	0	0	0	0	0
0	0	0	0	0	0	0	0	0	0	0
0	0	0	0	0	0	0	0	0	0	0
0	0	0	0	0	0	0	0	0	0	0
0	0	0	0	0	0	0	0	0	0	0
0	0	0	0	0	0	0	0	0	0	0
0	0	0	0	0	0	0	0	0	0	0
0	0	0	0	0	0	0	0	0	0	0
0	0	0	0	0	0	0	0	0	0	0
0	0	0	0	0	0	0	0	0	0	0
0	0	0	0	0	0	0	0	0	0	0
0	0	0	0	0	0	0	0	0	0	0
0	0	0	0	0	0	0	0	0	0	0
0	0	0	0	0	0	0	0	0	0	0
0	0	0	0	0	0	0	0	0	0	0
0	0	0	0	0	0	0	0	0	0	0
0	0	0	0	0	0	0	0	0	0	0
0	0	0	0	0	0	0	0	0	0	0
0	0	0	0	0	0	0	0	0	0	0
0	0	0	0	0	0	0	0	0	0	0
0	0	0	0	0	0	0	0	0	0	0
0	0	0	0	0	0	0	0	0	0	0
0	0	0	0	0	0	0	0	0	0	0
0	0	0	0	0	0	0	0	0	0	0
0	0	0	0	0	0	0	0	0	0	0
0	0	0	0	0	0	0	0	0	0	0
0	0	0	0	0	0	0	0	0	0	0
0	0	0	0	0	0	0	0	0	0	0
0	0	0	0	0	0	0	0	0	0	0
0	0	0	0	0	0	0	0	0	0	0
0	0	0	0	0	0	0	0	0	0	0
0	0	0	0	0	0	0	0	0	0	0
0	0	0	0	0	0	0	0	0	0	0
0	0	0	0	0	0	0	0	0	0	0
0	0	0	0	0	0	0	0	0	0	0
0	0	0	0	0	0	0	0	0	0	0
0	0	0	0	0	0	0	0	0	0	0
0	0	0	0	0	0	0	0	0	0	0
0	0	0	0	0	0	0	0	0	0	0
0	0	0	0	0	0	0	0	0	0	0
0	0	0	0	0	0	0	0	0	0	0
0	0	0	0	0	0	0	0	0	0	0
0	0	0	0	0	0	0	0	0	0	0
0	0	0	0	0	0	0	0	0	0	0
0	0	0	0	0	0	0	0	0	0	0
0	0	0	0	0	0	0	0	0	0	0
0	0	0	0	0	0	0	0	0	0	0
0	0	0	0	0	0	0	0	0	0	0
0	0	0	0	0	0	0	0	0	0	0
0	0	0	0	0	0	0	0	0	0	0
0	0	0	0	0	0	0	0	0	0	0
0	0	0	0	0	0	0	0	0	0	0
0	0	0	0	0	0	0	0	0	0	0
0	0	0	0	0	0	0	0	0	0	0
0	0	0	0	0	0	0	0	0	0	0
0	0	0	0	0	0	0	0	0	0	0
0	0	0	0	0	0	0	0	0	0	0
0	0	0	0	0	0	0	0	0	0	0
0	0	0	0	0	0	0	0	0	0	0
0	0	0	0	0	0	0	0	0	0	0
0	0	0	0	0	0	0	0	0	0	0
0	0	0	0	0	0	0	0	0	0	0
0	0	0	0	0	0	0	0	0	0	0
0	0	0	0	0	0	0	0	0	0	0
0	0	0	0	0	0	0	0	0	0	0
100	0	0	0	0	0	1	0	6	0	0
100	0	0	0	0	0	1	0	6	0	0
100	0	0	0	0	0	1	0	6	0	0
100	0	0	0	0	0	1	0	6	0	0
100	0	0	0	0	0	1	0	6	0	0
100	0	0	0	0	0	1	0	6	0	0
100	0	0	0	0	0	1	0	6	0	0
0	0	0	0	0	0	0	0	0	0	0
100	0	0	0	0	0	0	0	6	0	0
100	0	0	0	0	0	0	0	6	0	0
100	0	0	0	0	0	0	0	6	0	0
100	0	0	0	0	0	0	0	6	0	0
100	0	0	0	0	0	0	0	6	0	0
100	0	0	-2	-1	0	0	0	6	0	0
100	0	0	-2	-1	0	0	0	6	0	0
100	0	0	-2	-1	0	0	0	6	0	0
100	0	0	-2	-1	0	0	0	6	0	0
100	0	0	-3	0	0	0	0	6	0	0
100	0	0	-3	0	0	0	0	6	0	0
100	0	0	-3	0	0	0	0	6	0	0
100	0	0	-3	0	0	0	0	6	0	0
100	0	0	-4	0	0	0	0	6	0	0
100	0	0	-4	0	0	0	0	6	0	0
100	0	0	-4	0	0	0	0	6	0	0
100	0	0	-4	0	0	0	0	6	0	0
100	0	0	-4	0	0	0	0	6	0	0
100	0	0	-4	0	0	0	0	6	0	0
100	0	0	-3	0	0	0	0	6	-1	0
100	0	0	-3	0	0	0	0	6	-1	0
100	0	0	-3	0	0	0	0	6	-1	0
100	0	0	-4	0	0	0	0	6	-1	0
100	0	0	-4	0	0	0	0	6	-1	0
100	0	0	-4	0	0	0	0	6	-1	0
100	0	0	-4	0	0	0	0	6	-1	0
100	0	0	-4	0	0	0	0	6	-1	0
100	0	0	-4	0	0	0	0	6	-1	0
100	0	0	-4	0	0	0	0	6	-1	0
100	0	0	-4	0	0	0	0	6	-1	0
100	0	0	0	-1	0	0	0	6	-2	0
100	0	0	1	-1	0	0	0	6	-2	0
100	0	0	1	-1	0	0	0	6	-2	0
100	0	0	2	-3	0	0	0	6	-2	0
100	0	0	2	-3	0	0	0	6	-1	0
100	0	0	2	-3	0	0	0	6	-1	0
100	0	0	2	-3	0	0	0	6	-1	0
100	0	0	2	-3	0	0	0	6	-1	0
100	0	0	2	-3	0	0	0	6	-1	0
100	0	0	2	-3	0	0	0	6	-1	0
100	0	0	6	-4	0	0	0	6	-1	0
100	0	0	6	-4	0	0	0	6	-1	-1
100	0	0	8	-5	0	0	0	6	-1	-1
100	0	0	8	-5	0	0	0	6	-1	-1
100	0	0	8	-5	0	0	0	6	0	-1
100	0	0	8	-5	0	0	0	6	0	-1
100	0	0	8	-5	0	0	0	6	0	-1
100	0	0	8	-5	0	0	0	6	0	-1
100	0	0	8	-5	0	0	0	6	0	-1
100	0	0	10	-6	0	0	0	6	0	-1
100	0	0	10	-7	0	0	0	6	0	-2
100	0	0	10	-7	0	0	0	6	0	-2
100	0	0	10	-7	0	0	0	6	0	-2
100	0	0	10	-5	0	0	0	6	0	-2
100	0	0	10	-5	0	0	0	6	1	-2
100	0	0	10	-5	0	0	0	6	1	-2
100	0	0	10	-5	0	0	0	6	1	-2
100	0	0	10	-5	0	0	0	6	1	-3
100	0	0	11	-6	0	0	0	6	2	-3
100	0	0	12	-6	0	0	0	6	2	-3
100	0	0	12	-6	0	0	0	6	2	-3
100	0	0	12	-6	0	0	0	6	2	-3
100	0	0	13	-6	0	0	0	6	3	-3
100	0	0	13	-6	0	0	0	6	3	-3
100	0	0	13	-6	0	0	0	6	3	-3
100	0	0	13	-6	0	0	0	6	4	-4
100	0	0	13	-6	0	0	0	6	4	-4
100	0	0	13	-6	0	0	0	6	4	-4
100	0	0	15	-5	0	0	0	6	4	-4
100	0	0	15	-5	0	0	0	6	5	-4
100	0	0	15	-5	0	0	0	6	5	-4
100	0	0	16	-7	0	0	0	6	6	-4
100	0	0	16	-7	0	0	0	6	6	-5
100	0	0	16	-7	0	0	0	6	6	-5
100	0	0	16	-7	0	0	0	6	7	-5
100	0	0	16	-7	0	0	0	6	7	-5
100	0	0	16	-7	0	0	0	6	7	-5
100	0	0	17	-7	0	0	0	6	8	-5
100	0	0	17	-7	0	0	0	6	8	-6
100	0	0	17	-7	0	0	0	6	8	-6
100	0	0	17	-7	0	0	0	6	9	-6
100	0	0	18	-8	0	0	0	6	9	-6
100	0	0	18	-8	0	0	0	6	9	-6
100	0	0	18	-8	0	0	0	6	10	-6
100	0	0	18	-8	0	0	0	6	10	-7
100	0	0	18	-8	0	0	0	6	11	-7
100	0	0	18	-8	0	0	0	6	11	-7
100	0	0	19	-7	0	0	0	6	12	-7
100	0	0	19	-7	0	0	0	6	12	-7
100	0	0	21	-8	0	0	0	6	12	-7
100	0	0	21	-8	0	0	0	6	13	-8
100	0	0	21	-8	0	0	0	6	13	-8
100	0	0	21	-8	0	0	0	6	14	-8
100	0	0	21	-8	0	0	0	6	14	-8
100	0	0	21	-8	0	0	0	6	15	-8
100	0	0	21	-8	0	0	0	6	15	-9
100	0	0	20	-8	0	0	0	6	16	-9
100	0	0	22	-7	0	0	0	6	16	-9
100	0	0	22	-9	0	0	0	6	17	-9
100	0	0	22	-9	0	0	0	6	17	-9
100	0	0	22	-9	0	0	0	6	18	-10
100	0	0	19	-8	0	0	0	7	18	-10
100	0	0	19	-8	0	0	0	7	18	-10
100	0	0	19	-8	0	0	0	7	19	-10
100	0	0	19	-8	0	0	0	7	19	-10
100	0	0	19	-8	0	0	0	7	20	-10
100	0	0	20	-8	0	0	0	6	20	-11
100	0	0	18	-10	0	0	0	6	21	-11
100	0	0	18	-10	0	0	0	6	21	-11
100	0	0	18	-10	0	0	0	6	21	-11
100	0	0	19	-8	0	0	0	6	22	-11
100	0	0	19	-8	0	0	0	6	22	-12
100	0	0	19	-8	0	0	0	6	23	-12
100	0	0	19	-8	0	0	0	6	23	-12
100	0	0	19	-8	0	0	0	6	23	-12
100	0	0	18	-7	0	0	0	6	24	-12
100	0	0	18	-7	0	0	0	6	24	-13
100	0	0	15	-8	0	0	0	6	25	-13
100	0	0	15	-8	0	0	0	6	25	-13
100	0	0	15	-11	0	0	0	6	25	-13
100	0	0	15	-11	0	0	0	6	26	-13
100	0	0	15	-11	0	0	0	6	26	-14
100	0	0	15	-11	0	0	0	6	26	-14
100	0	0	15	-11	0	0	0	6	27	-14
100	0	0	15	-11	0	0	0	6	27	-14
100	0	0	11	-11	0	0	0	6	27	-15
100	0	0	11	-11	0	0	0	6	28	-15
100	0	0	11	-11	0	0	0	6	28	-15
100	0	0	12	-15	0	0	0	6	28	-15
100	0	0	12	-15	0	0	0	6	29	-16
100	0	0	12	-15	0	0	0	6	29	-16
100	0	0	12	-15	0	0	0	6	29	-17
100	0	0	12	-15	0	0	0	6	29	-17
100	0	0	12	-15	0	0	0	6	30	-17
100	0	0	15	-8	0	0	1	7	30	-17
100	0	0	15	-8	0	0	1	7	30	-18
100	0	0	15	-8	0	0	1	7	31	-18
100	0	0	13	6	0	0	2	7	31	-18
100	0	0	13	6	0	0	2	7	31	-18
100	0	0	13	6	0	0	2	7	32	-18
100	0	0	7	28	0	0	2	7	32	-18
100	0	0	7	28	0	0	2	7	32	-17
100	0	0	7	28	0	0	2	7	32	-16
100	0	0	7	28	0	0	2	7	32	-16
100	0	0	7	28	0	0	2	7	33	-15
100	0	0	0	52	0	0	2	8	33	-14
100	0	0	0	76	0	0	2	8	33	-13
100	0	0	0	76	0	0	2	8	33	-12
100	0	0	1	89	0	0	1	8	33	-10
100	0	0	1	89	0	0	1	8	33	-8
100	0	0	1	89	0	0	1	8	33	-6
100	0	0	1	89	0	0	1	8	33	-4
100	0	0	0	105	0	0	1	8	33	-2
100	0	0	0	105	0	0	1	8	33	0
100	0	0	-9	114	0	1	1	9	33	3
100	0	0	-9	114	0	1	1	9	33	7
100	0	0	-9	114	0	1	1	9	32	9
100	0	0	-33	120	0	2	0	8	32	11
100	0	0	-33	120	0	2	0	8	32	14
100	0	0	-59	126	0	2	1	8	31	17
100	0	0	-59	126	0	2	1	8	29	20
100	0	0	-59	126	0	2	1	8	28	23
100	0	0	-87	135	0	2	1	8	26	27
100	0	0	-87	135	0	2	1	8	24	29
100	0	0	-87	135	0	2	1	8	22	32
100	0	0	-87	135	0	2	1	8	21	35
100	0	0	-87	135	0	2	1	8	19	38
100	0	0	-66	74	0	3	0	8	17	41
100	0	0	-37	9	0	3	-2	8	15	43
100	0	0	-37	9	0	3	-2	8	14	43
100	0	0	-37	9	0	3	-2	8	13	43
100	0	0	-25	-12	0	2	-2	8	13	43
100	0	0	-25	-12	0	2	-2	8	12	43
100	0	0	-25	-12	0	2	-2	8	12	43
100	0	0	-25	-12	0	2	-2	8	11	42
100	0	0	-25	-12	0	2	-2	8	10	42
100	0	0	-16	-1	0	1	0	8	10	42
100	0	0	-16	-1	0	1	0	8	9	42
100	0	0	-16	-1	0	1	0	8	9	42
100	0	0	-16	7	0	1	0	8	9	42
100	0	0	-16	7	0	1	0	8	8	42
100	0	0	-16	7	0	1	0	8	8	42
100	0	252	-103	14	0	0	0	-14	7	42
100	0	252	-103	14	0	0	0	-14	5	42
100	0	252	-103	14	0	0	0	-14	3	43
100	0	252	-103	14	0	0	0	-14	1	43
100	0	256	-103	9	0	-2	-1	-13	0	43
100	0	256	-103	9	0	-2	-1	-13	-3	44
92	0	269	-20	-22	0	-5	-1	-13	-5	44
92	0	269	-20	-22	0	-5	-1	-13	-5	43
92	0	269	-20	-22	0	-5	-1	-13	-6	43
92	0	269	-20	-22	0	-5	-1	-13	-6	42
92	0	283	-102	-108	0	-7	-2	-13	-7	42
92	0	283	-102	-108	0	-7	-2	-13	-9	39
92	0	303	-194	-122	0	-9	-2	-13	-11	37
92	0	303	-194	-122	0	-9	-2	-13	-16	34
92	0	303	-194	-122	0	-9	-2	-13	-20	31
92	0	341	-83	-126	0	-10	-2	-13	-25	29
92	0	341	-83	-126	0	-10	-2	-13	-26	26
92	0	341	-83	-126	0	-10	-2	-13	-28	22
92	0	371	39	-86	0	-10	-2	-12	-30	20
92	0	371	39	-86	0	-10	-2	-12	-29	18
92	0	416	110	-50	0	-5	-1	-13	-29	16
92	0	416	110	-50	0	-5	-1	-13	-26	15
92	0	416	110	-50	0	-5	-1	-13	-23	14
92	0	416	110	-50	0	-5	-1	-13	-21	13
92	0	459	44	-48	0	-1	0	-13	-19	12
92	0	459	44	-48	0	-1	0	-13	-18	11
92	0	459	44	-48	0	-1	0	-13	-17	10
92	0	502	-66	-18	0	1	0	-13	-16	9
92	0	502	-66	-18	0	1	0	-13	-18	8
92	0	502	-66	-18	0	1	0	-13	-19	8
92	0	550	-88	16	0	0	0	-13	-21	7
92	0	550	-88	16	0	0	0	-13	-23	8
92	0	550	-88	16	0	0	0	-13	-24	8
92	0	577	51	-7	0	-3	0	-13	-26	8
92	0	577	51	-7	0	-3	0	-13	-25	8
92	0	577	51	-7	0	-3	0	-13	-24	8
92	0	595	208	-4	0	-6	0	-13	-23	8
92	0	595	208	-4	0	-6	0	-13	-18	8
92	0	595	208	-4	0	-6	0	-13	-14	8
92	0	616	327	2	0	-8	1	-13	-6	7
92	0	616	327	2	0	-8	1	-13	0	7
92	0	626	446	44	0	-7	1	-13	6	8
92	0	626	446	44	0	-7	1	-13	16	8
92	0	626	446	44	0	-7	1	-13	25	9
92	0	641	648	162	0	-1	0	-13	35	10
92	0	641	648	162	0	-1	0	-13	49	14
92	0	641	648	162	0	-1	0	-13	68	19
92	0	641	648	162	0	-1	0	-13	81	22
92	0	641	648	162	0	-1	0	-13	95	25
92	0	648	637	225	0	5	0	-13	110	29
78	0	660	555	207	0	10	-1	-14	123	34
78	0	660	555	207	0	10	-1	-14	135	38
78	0	669	422	127	0	13	-2	-14	146	42
78	0	669	422	127	0	13	-2	-14	159	46
78	0	669	422	127	0	13	-2	-14	168	49
78	0	669	422	127	0	13	-2	-14	176	51
78	0	669	422	127	0	13	-2	-14	185	54
78	0	669	422	127	0	13	-2	-14	194	57
78	0	678	131	-28	0	12	-1	-14	203	60
78	0	678	131	-28	0	12	-1	-14	207	59
78	0	678	131	-28	0	12	-1	-14	210	58
78	0	681	8	-46	0	10	0	-14	213	57
78	0	681	8	-46	0	10	0	-14	213	56
78	0	681	8	-46	0	10	0	-14	213	56
78	0	681	8	-46	0	10	0	-14	213	55
78	0	677	-82	-48	0	7	0	-14	213	54
78	0	677	-82	-48	0	7	0	-14	211	52
78	0	678	-141	-22	0	5	1	-15	209	51
78	0	678	-141	-22	0	5	1	-15	206	51
78	0	678	-141	-22	0	5	1	-15	203	50
78	0	671	-215	-5	0	4	1	-15	200	50
78	0	671	-215	-5	0	4	1	-15	196	50
78	0	671	-215	-5	0	4	1	-15	190	50
78	0	671	-215	-5	0	4	1	-15	186	49
78	0	668	-271	26	0	2	1	-15	181	49
78	0	668	-271	26	0	2	1	-15	175	50
78	0	667	-312	33	0	0	0	-15	170	50
78	0	667	-312	33	0	0	0	-15	160	51
78	0	667	-312	33	0	0	0	-15	154	52
78	0	671	-357	30	0	-2	0	-15	147	53
78	0	671	-357	30	0	-2	0	-15	139	54
78	0	671	-357	30	0	-2	0	-15	132	54
78	0	671	-357	30	0	-2	0	-15	124	55
78	0	676	-219	34	0	-4	0	-15	114	56
78	0	676	-219	34	0	-4	0	-15	110	56
78	0	685	-167	63	0	-5	0	-15	105	57
78	0	685	-167	63	0	-5	0	-15	102	58
78	0	685	-167	63	0	-5	0	-15	98	60
78	0	695	-127	93	0	-4	0	-15	94	61
78	0	695	-127	93	0	-4	0	-15	89	65
78	0	709	-108	137	0	-2	0	-15	87	67
78	0	709	-108	137	0	-2	0	-15	85	69
78	0	709	-108	137	0	-2	0	-15	82	72
78	0	717	-101	195	0	-1	0	-15	80	76
78	0	717	-101	195	0	-1	0	-15	77	80
78	0	717	-101	195	0	-1	0	-15	75	85
71	0	727	-110	145	0	0	0	-15	72	89
71	0	727	-110	145	0	0	0	-15	70	92
71	0	727	-110	145	0	0	0	-15	68	96
71	0	742	-87	164	0	0	0	-15	65	99
71	0	742	-87	164	0	0	0	-15	63	102
71	0	742	-87	164	0	0	0	-15	61	107
71	0	752	-115	156	0	1	0	-15	59	110
71	0	752	-115	156	0	1	0	-15	57	113
71	0	752	-115	156	0	1	0	-15	54	117
71	0	752	-115	156	0	1	0	-15	52	120
71	0	762	-113	139	0	0	0	-15	50	123
71	0	762	-113	139	0	0	0	-15	46	127
71	0	766	-100	125	0	0	-1	-16	44	130
71	0	766	-100	125	0	0	-1	-16	42	133
71	0	772	-77	94	0	0	-1	-16	40	135
71	0	772	-77	94	0	0	-1	-16	38	138
71	0	772	-77	94	0	0	-1	-16	36	140
71	0	780	-83	76	0	0	0	-16	34	142
71	0	780	-83	76	0	0	0	-16	32	144
71	0	780	-83	76	0	0	0	-16	30	146
71	0	787	-59	77	0	0	0	-16	29	147
71	0	787	-59	77	0	0	0	-16	27	150
71	0	787	-59	77	0	0	0	-16	26	151
71	0	787	-59	77	0	0	0	-16	24	153
71	0	787	-59	77	0	0	0	-16	23	154
71	0	787	-59	77	0	0	0	-16	22	156
71	0	807	-112	79	0	1	-2	-16	20	158
71	0	807	-112	79	0	1	-2	-16	17	160
71	0	807	-112	79	0	1	-2	-16	15	162
71	0	802	-185	-45	0	1	-2	-16	13	163
71	0	802	-185	-45	0	1	-2	-16	9	162
71	0	802	-185	-45	0	1	-2	-16	5	161
71	0	808	-96	-22	0	0	0	-16	1	160
71	0	808	-96	-22	0	0	0	-16	-1	160
71	0	808	-96	-22	0	0	0	-16	-3	159
71	0	808	-58	54	0	0	2	-16	-5	159
71	0	814	-58	54	0	0	2	-16	-6	160
71	0	814	-58	54	0	0	2	-16	-7	161
71	0	823	-81	122	0	0	3	-16	-9	162
71	0	823	-81	122	0	0	3	-16	-11	166
71	0	823	-81	122	0	0	3	-16	-13	168
71	0	823	-81	122	0	0	3	-16	-14	171
71	0	823	-81	122	0	0	3	-16	-16	173
66	0	843	-161	152	0	-1	1	-16	-18	176
66	0	843	-161	152	0	-1	1	-16	-22	180
66	0	843	-161	152	0	-1	1	-16	-26	184
66	0	853	-130	130	0	-1	1	-16	-29	187
66	0	853	-130	130	0	-1	1	-16	-32	190
66	0	853	-130	130	0	-1	1	-16	-35	192
66	0	853	-130	130	0	-1	1	-16	-37	195
66	0	861	-116	152	0	-2	1	-16	-42	200
66	0	861	-116	152	0	-2	1	-16	-45	203
66	0	872	-58	182	0	-4	1	-16	-47	206
66	0	872	-58	182	0	-4	1	-16	-48	210
66	0	872	-58	182	0	-4	1	-16	-50	214
66	0	891	13	180	0	-7	1	-16	-51	218
66	0	891	13	180	0	-7	1	-16	-50	223
66	0	891	13	180	0	-7	1	-16	-50	226
66	0	891	13	180	0	-7	1	-16	-50	230
66	0	891	13	180	0	-7	1	-16	-50	234
66	0	913	196	221	0	-10	0	-17	-49	238
66	0	913	196	221	0	-10	0	-17	-43	245
66	0	913	196	221	0	-10	0	-17	-37	251
66	0	913	298	226	0	-11	-1	-17	-33	256
66	0	913	298	226	0	-11	-1	-17	-27	260
66	0	913	298	226	0	-11	-1	-17	-21	265
66	0	907	384	243	0	-9	-3	-17	-15	270
66	0	907	384	243	0	-9	-3	-17	-7	275
66	0	907	384	243	0	-9	-3	-17	3	282
66	0	899	441	223	0	-7	-5	-17	11	287
66	0	899	441	223	0	-7	-5	-17	20	291
66	0	899	441	223	0	-7	-5	-17	29	296
66	0	901	481	186	0	-4	-8	-17	38	301
66	0	901	481	186	0	-4	-8	-17	54	307
66	0	901	481	186	0	-4	-8	-17	65	311
66	0	901	481	186	0	-4	-8	-17	75	315
66	0	902	529	75	0	-2	-10	-17	86	319
66	0	903	614	-29	0	0	-11	-18	97	321
66	0	903	614	-29	0	0	-11	-18	116	320
66	0	903	614	-29	0	0	-11	-18	128	319
66	0	902	675	-160	0	2	-11	-18	141	319
66	0	902	675	-160	0	2	-11	-18	156	315
66	0	902	675	-160	0	2	-11	-18	170	312
66	0	904	629	-291	0	4	-10	-18	189	307
66	0	904	629	-291	0	4	-10	-18	202	301
66	0	904	629	-291	0	4	-10	-18	215	295
66	0	908	592	-420	0	6	-8	-17	228	289
66	0	908	592	-420	0	6	-8	-17	241	280
66	0	908	592	-420	0	6	-8	-17	253	271
62	0	915	534	-546	0	6	-6	-17	269	260
62	0	915	534	-546	0	6	-6	-17	280	249
62	0	915	534	-546	0	6	-6	-17	292	237
62	0	915	534	-546	0	6	-6	-17	303	226
62	0	922	501	-619	0	6	-3	-16	314	214
62	0	920	456	-662	0	6	0	-16	325	201
62	0	920	456	-662	0	6	0	-16	339	180
62	0	920	456	-662	0	6	0	-16	349	166
62	0	920	456	-662	0	6	0	-16	358	152
62	0	913	396	-706	0	5	3	-16	368	138
62	0	913	396	-706	0	5	3	-16	381	115
62	0	913	396	-706	0	5	3	-16	389	101
62	0	913	396	-706	0	5	3	-16	397	86
62	0	913	396	-706	0	5	3	-16	406	71
62	0	913	396	-706	0	5	3	-16	415	55
62	0	935	283	-450	0	5	8	-15	427	33
62	0	959	204	-297	0	5	10	-15	433	24
62	0	959	204	-297	0	5	10	-15	442	11
62	0	959	204	-297	0	5	10	-15	446	4
62	0	956	57	-229	0	4	9	-15	450	-1
62	0	956	57	-229	0	4	9	-15	452	-7
62	0	956	57	-229	0	4	9	-15	453	-12
62	0	955	-54	-209	0	1	7	-16	454	-17
62	0	955	-54	-209	0	1	7	-16	453	-21
62	0	955	-54	-209	0	1	7	-16	452	-26
62	0	955	-54	-209	0	1	7	-16	451	-30
62	0	956	-82	-214	0	-1	5	-16	450	-35
62	0	956	-82	-214	0	-1	5	-16	448	-40
62	0	954	-41	-194	0	-5	3	-16	446	-45
62	0	954	-41	-194	0	-5	3	-16	445	-49
62	0	954	-41	-194	0	-5	3	-16	444	-53
62	0	954	-41	-194	0	-5	3	-16	443	-57
62	0	954	-41	-194	0	-5	3	-16	442	-61
62	0	954	-41	-194	0	-5	3	-16	442	-65
62	0	954	-41	-194	0	-5	3	-16	440	-71
62	0	935	15	-157	0	-8	1	-16	439	-75
62	0	917	103	-115	0	-10	0	-16	440	-78
62	0	906	230	-71	0	-11	0	-16	442	-81
62	0	906	230	-71	0	-11	0	-16	447	-82
62	0	892	358	-66	0	-11	0	-16	452	-84
62	0	892	358	-66	0	-11	0	-16	462	-86
62	0	892	358	-66	0	-11	0	-16	470	-87
62	0	892	358	-66	0	-11	0	-16	477	-88
62	0	892	358	-66	0	-11	0	-16	485	-90
62	0	892	358	-66	0	-11	0	-16	492	-91
60	0	885	615	-33	0	-10	-1	-16	503	-93
60	0	885	615	-33	0	-10	-1	-16	516	-94
60	0	884	710	-37	0	-10	-1	-16	529	-95
60	0	884	710	-37	0	-10	-1	-16	550	-96
60	0	884	710	-37	0	-10	-1	-16	564	-97
60	0	884	710	-37	0	-10	-1	-16	579	-97
60	0	884	710	-37	0	-10	-1	-16	594	-98
60	0	884	710	-37	0	-10	-1	-16	609	-99
60	0	884	710	-37	0	-10	-1	-16	630	-100
60	0	887	861	-62	0	-9	0	-16	647	-101
60	0	887	861	-62	0	-9	0	-16	664	-102
60	0	888	929	-27	0	-9	0	-16	682	-104
60	0	888	929	-27	0	-9	0	-16	702	-104
60	0	888	929	-27	0	-9	0	-16	721	-105
60	0	888	929	-27	0	-9	0	-16	751	-106
60	0	888	929	-27	0	-9	0	-16	770	-106
60	0	888	929	-27	0	-9	0	-16	788	-107
60	0	888	929	-27	0	-9	0	-16	808	-107
60	0	888	929	-27	0	-9	0	-16	828	-108
60	0	895	1040	-21	0	-8	0	-16	847	-109
60	0	901	1064	-25	0	-8	0	-16	878	-109
60	0	901	1064	-25	0	-8	0	-16	900	-110
60	0	901	1064	-25	0	-8	0	-16	922	-110
60	0	902	1103	-19	0	-8	0	-16	945	-111
60	0	902	1103	-19	0	-8	0	-16	969	-111
60	0	902	1103	-19	0	-8	0	-16	992	-112
60	0	902	1103	-19	0	-8	0	-16	1022	-112
60	0	902	1103	-19	0	-8	0	-16	1045	-113
60	0	905	1245	-34	0	-8	0	-16	1071	-113
60	0	904	1511	-83	0	-9	0	-16	1103	-114
60	0	904	1511	-83	0	-9	0	-16	1132	-116
60	0	904	1735	-101	0	-9	0	-16	1176	-118
60	0	904	1735	-101	0	-9	0	-16	1212	-120
60	0	904	1735	-101	0	-9	0	-16	1248	-122
60	0	904	1735	-101	0	-9	0	-16	1285	-124
60	0	904	1735	-101	0	-9	0	-16	1333	-127
60	0	904	1735	-101	0	-9	0	-16	1373	-130
60	0	910	1936	-47	0	-10	0	-16	1408	-132
60	0	910	1936	-47	0	-10	0	-16	1447	-133
60	0	910	1936	-47	0	-10	0	-16	1488	-134
60	0	908	1923	-34	0	-10	0	-16	1529	-135
60	0	908	1923	-34	0	-10	0	-16	1569	-135
60	0	908	1923	-34	0	-10	0	-16	1621	-136
58	0	910	1829	-9	0	-10	0	-16	1662	-137
58	0	910	1829	-9	0	-10	0	-16	1701	-137
58	0	910	1829	-9	0	-10	0	-16	1738	-137
58	0	907	1740	50	0	-10	0	-16	1777	-138
58	0	907	1740	50	0	-10	0	-16	1829	-136
58	0	907	1740	50	0	-10	0	-16	1865	-135
58	0	907	1740	50	0	-10	0	-16	1902	-134
58	0	907	1740	50	0	-10	0	-16	1938	-133
58	0	905	1540	167	0	-9	-1	-16	1975	-132
58	0	916	1501	268	0	-6	-3	-16	2007	-128
58	0	916	1501	268	0	-6	-3	-16	2062	-119
58	0	915	1488	201	0	-4	-6	-16	2093	-113
58	0	915	1488	201	0	-4	-6	-16	2125	-109
58	0	915	1488	201	0	-4	-6	-16	2159	-104
58	0	915	1488	201	0	-4	-6	-16	2190	-100
58	0	915	1488	201	0	-4	-6	-16	2219	-96
58	0	929	1450	112	0	-1	-8	-16	2268	-89
58	0	934	1389	12	0	0	-9	-16	2299	-87
58	0	934	1389	12	0	0	-9	-16	2329	-87
58	0	934	1389	12	0	0	-9	-16	2357	-86
58	0	944	1490	-214	0	1	-10	-16	2387	-86
58	0	944	1490	-214	0	1	-10	-16	2419	-91
58	0	944	1490	-214	0	1	-10	-16	2451	-95
58	0	950	1395	-318	0	2	-10	-16	2479	-99
58	0	950	1395	-318	0	2	-10	-16	2512	-107
58	0	950	1395	-318	0	2	-10	-16	2542	-114
58	0	950	1395	-318	0	2	-10	-16	2570	-120
58	0	950	1395	-318	0	2	-10	-16	2601	-127
58	0	950	1395	-318	0	2	-10	-16	2632	-134
58	0	950	1395	-318	0	2	-10	-16	2660	-141
58	0	969	1923	-615	0	3	-10	-16	2691	-148
58	0	969	1923	-615	0	3	-10	-16	2730	-160
58	0	970	1880	-735	0	4	-9	-16	2771	-173
58	0	970	1880	-735	0	4	-9	-16	2811	-189
58	0	970	1880	-735	0	4	-9	-16	2860	-208
58	0	981	1971	-709	0	5	-7	-16	2897	-223
58	0	981	1971	-709	0	5	-7	-16	2938	-238
58	0	981	1971	-709	0	5	-7	-16	2980	-252
58	0	982	1876	-733	0	7	-5	-16	3022	-268
58	0	982	1876	-733	0	7	-5	-16	3075	-289
58	0	982	1876	-733	0	7	-5	-16	3113	-303
58	0	985	1716	-757	0	8	-3	-16	3153	-319
58	0	985	1716	-757	0	8	-3	-16	3189	-335
58	0	985	1716	-757	0	8	-3	-16	3225	-351
58	0	985	1716	-757	0	8	-3	-16	3261	-367
58	0	992	1287	-593	0	9	-1	-15	3299	-383
58	0	992	1287	-593	0	9	-1	-15	3334	-400
58	0	992	1287	-593	0	9	-1	-15	3360	-412
58	0	992	1287	-593	0	9	-1	-15	3387	-424
58	0	997	1087	-539	0	10	0	-15	3413	-436
58	0	1008	1104	-615	0	10	2	-15	3436	-447
58	0	1008	1104	-615	0	10	2	-15	3459	-460
58	0	1008	1104	-615	0	10	2	-15	3482	-473
58	0	1022	1156	-723	0	10	4	-15	3510	-489
58	0	1022	1156	-723	0	10	4	-15	3533	-503
58	0	1022	1156	-723	0	10	4	-15	3557	-518
58	0	1022	1156	-723	0	10	4	-15	3582	-533
58	0	1022	1156	-723	0	10	4	-15	3606	-549
58	0	1042	1064	-719	0	9	5	-14	3630	-564
58	0	1051	969	-647	0	8	6	-14	3667	-589
58	0	1051	969	-647	0	8	6	-14	3687	-602
58	0	1051	969	-647	0	8	6	-14	3707	-616
58	0	1058	897	-558	0	7	7	-14	3728	-629
58	0	1058	897	-558	0	7	7	-14	3747	-641
58	0	1058	897	-558	0	7	7	-14	3770	-655
58	0	1058	897	-558	0	7	7	-14	3788	-667
58	0	1058	897	-558	0	7	7	-14	3807	-678
58	0	1056	807	-480	0	6	7	-14	3826	-690
58	0	1060	702	-394	0	6	7	-15	3843	-700
58	0	1060	702	-394	0	6	7	-15	3857	-709
58	0	1060	702	-394	0	6	7	-15	3872	-717
58	0	1055	511	-240	0	5	6	-15	3887	-725
58	0	1055	511	-240	0	5	6	-15	3900	-731
58	0	1055	511	-240	0	5	6	-15	3910	-736
58	0	1055	511	-240	0	5	6	-15	3921	-741
58	0	1055	511	-240	0	5	6	-15	3932	-746
58	0	1055	511	-240	0	5	6	-15	3943	-751
58	0	1089	196	-236	0	2	0	-15	3953	-756
58	0	1089	196	-236	0	2	0	-15	3958	-762
58	0	1089	196	-236	0	2	0	-15	3962	-767
58	0	1082	118	-333	0	0	-4	-15	3966	-772
58	0	1082	118	-333	0	0	-4	-15	3969	-779
58	0	1082	118	-333	0	0	-4	-15	3971	-786
58	0	1082	118	-333	0	0	-4	-15	3974	-793
58	0	1082	118	-333	0	0	-4	-15	3976	-800
58	0	1082	118	-333	0	0	-4	-15	3979	-808
58	0	1053	80	-456	0	-2	-10	-15	3982	-815
58	0	1053	80	-456	0	-2	-10	-15	3984	-825
58	0	1053	80	-456	0	-2	-10	-15	3985	-835
58	0	1039	70	-525	0	-3	-11	-14	3987	-844
58	0	1039	70	-525	0	-3	-11	-14	3989	-857
58	0	1039	70	-525	0	-3	-11	-14	3990	-868
58	0	1039	70	-525	0	-3	-11	-14	3992	-879
58	0	1039	70	-525	0	-3	-11	-14	3993	-890
58	0	1039	70	-525	0	-3	-11	-14	3995	-901
58	0	1039	70	-525	0	-3	-11	-14	3996	-912
58	0	1013	93	-719	0	-4	-12	-14	3998	-926
58	0	1013	93	-719	0	-4	-12	-14	4000	-941
58	0	1000	140	-855	0	-4	-12	-14	4002	-956
58	0	1000	140	-855	0	-4	-12	-14	4005	-974
58	0	1000	140	-855	0	-4	-12	-14	4008	-997
58	0	1000	140	-855	0	-4	-12	-14	4011	-1015
58	0	1000	140	-855	0	-4	-12	-14	4014	-1032
58	0	1000	140	-855	0	-4	-12	-14	4017	-1050
58	0	1000	140	-855	0	-4	-12	-14	4020	-1068
58	0	1000	140	-855	0	-4	-12	-14	4023	-1086
58	0	981	174	-1058	0	-3	-11	-14	4026	-1105
58	0	974	177	-1138	0	-3	-11	-14	4032	-1138
58	0	974	177	-1138	0	-3	-11	-14	4035	-1162
58	0	970	191	-1214	0	-3	-10	-14	4039	-1186
58	0	970	191	-1214	0	-3	-10	-14	4043	-1211
58	0	970	191	-1214	0	-3	-10	-14	4047	-1237
58	0	970	191	-1214	0	-3	-10	-14	4053	-1271
58	0	970	191	-1214	0	-3	-10	-14	4056	-1296
58	0	970	191	-1214	0	-3	-10	-14	4061	-1322
58	0	947	188	-1359	0	-2	-10	-14	4065	-1347
58	0	947	188	-1359	0	-2	-10	-14	4068	-1376
58	0	947	188	-1359	0	-2	-10	-14	4072	-1405
58	0	940	185	-1470	0	-2	-10	-14	4077	-1439
58	0	940	185	-1470	0	-2	-10	-14	4081	-1469
58	0	940	185	-1470	0	-2	-10	-14	4085	-1500
58	0	940	185	-1470	0	-2	-10	-14	4089	-1531
58	0	940	185	-1470	0	-2	-10	-14	4093	-1562
58	0	940	185	-1470	0	-2	-10	-14	4097	-1593
58	0	931	163	-1571	0	-2	-9	-14	4101	-1624
58	0	931	163	-1571	0	-2	-9	-14	4104	-1657
58	0	931	163	-1571	0	-2	-9	-14	4107	-1690
58	0	926	155	-1585	0	-2	-9	-14	4112	-1731
58	0	926	155	-1585	0	-2	-9	-14	4115	-1764
58	0	926	155	-1585	0	-2	-9	-14	4118	-1797
58	0	926	155	-1585	0	-2	-9	-14	4121	-1830
58	0	926	155	-1585	0	-2	-9	-14	4125	-1864
58	0	926	155	-1585	0	-2	-9	-14	4128	-1897
58	0	918	138	-1631	0	-2	-9	-14	4133	-1943
58	0	918	138	-1631	0	-2	-9	-14	4136	-1979
58	0	918	138	-1631	0	-2	-9	-14	4138	-2012
56	0	915	157	-1613	0	-2	-8	-14	4141	-2046
56	0	915	157	-1613	0	-2	-8	-14	4145	-2080
56	0	915	157	-1613	0	-2	-8	-14	4148	-2114
56	0	915	157	-1613	0	-2	-8	-14	4152	-2158
56	0	915	157	-1613	0	-2	-8	-14	4155	-2191
56	0	915	157	-1613	0	-2	-8	-14	4159	-2225
56	0	915	157	-1613	0	-2	-8	-14	4162	-2260
56	0	912	159	-1478	0	-2	-8	-13	4165	-2293
56	0	912	159	-1478	0	-2	-8	-13	4169	-2325
56	0	919	171	-1387	0	-2	-8	-13	4174	-2370
56	0	919	171	-1387	0	-2	-8	-13	4177	-2400
56	0	919	171	-1387	0	-2	-8	-13	4181	-2428
56	0	913	194	-1538	0	-1	-8	-13	4184	-2457
56	0	913	194	-1538	0	-1	-8	-13	4189	-2490
56	0	909	201	-1635	0	-1	-7	-13	4193	-2527
56	0	909	201	-1635	0	-1	-7	-13	4199	-2576
56	0	909	201	-1635	0	-1	-7	-13	4203	-2609
56	0	909	201	-1635	0	-1	-7	-13	4207	-2643
56	0	902	203	-1622	0	0	-7	-13	4212	-2677
56	0	902	203	-1622	0	0	-7	-13	4216	-2713
56	0	902	203	-1622	0	0	-7	-13	4220	-2747
56	0	902	203	-1622	0	0	-7	-13	4226	-2794
56	0	902	203	-1622	0	0	-7	-13	4231	-2828
56	0	893	172	-1555	0	3	-3	-13	4235	-2865
56	0	893	172	-1555	0	3	-3	-13	4239	-2898
56	0	893	172	-1555	0	3	-3	-13	4242	-2927
56	0	891	111	-1484	0	6	0	-13	4246	-2960
56	0	891	111	-1484	0	6	0	-13	4248	-2992
56	0	891	111	-1484	0	6	0	-13	4252	-3042
56	0	891	111	-1484	0	6	0	-13	4255	-3078
56	0	891	111	-1484	0	6	0	-13	4257	-3109
56	0	891	111	-1484	0	6	0	-13	4259	-3140
56	0	883	-78	-1271	0	10	3	-13	4262	-3172
56	0	883	-78	-1271	0	10	3	-13	4260	-3198
56	0	879	-194	-1137	0	11	4	-13	4258	-3225
56	0	879	-194	-1137	0	11	4	-13	4253	-3260
56	0	879	-194	-1137	0	11	4	-13	4249	-3283
56	0	879	-194	-1137	0	11	4	-13	4245	-3307
56	0	880	-312	-1000	0	11	4	-13	4240	-3331
56	0	880	-312	-1000	0	11	4	-13	4234	-3352
56	0	880	-312	-1000	0	11	4	-13	4227	-3373
56	0	877	-415	-880	0	10	4	-13	4221	-3394
56	0	877	-415	-880	0	10	4	-13	4209	-3419
56	0	877	-415	-880	0	10	4	-13	4200	-3438
56	0	877	-415	-880	0	10	4	-13	4191	-3456
56	0	877	-415	-880	0	10	4	-13	4183	-3475
56	0	877	-415	-880	0	10	4	-13	4174	-3493
55	0	863	-510	-641	0	2	6	-14	4165	-3512
55	0	863	-510	-641	0	2	6	-14	4149	-3531
55	0	855	-491	-515	0	-1	7	-15	4139	-3544
55	0	855	-491	-515	0	-1	7	-15	4129	-3555
55	0	855	-491	-515	0	-1	7	-15	4118	-3566
55	0	847	-434	-385	0	-4	7	-15	4105	-3581
55	0	847	-434	-385	0	-4	7	-15	4096	-3588
55	0	847	-434	-385	0	-4	7	-15	4087	-3596
55	0	847	-434	-385	0	-4	7	-15	4078	-3604
55	0	839	-349	-265	0	-6	6	-15	4069	-3612
55	0	839	-349	-265	0	-6	6	-15	4057	-3621
55	0	838	-245	-156	0	-7	6	-16	4049	-3627
55	0	838	-245	-156	0	-7	6	-16	4044	-3630
55	0	838	-245	-156	0	-7	6	-16	4039	-3634
55	0	841	-129	-61	0	-8	5	-16	4034	-3637
55	0	841	-129	-61	0	-8	5	-16	4031	-3638
55	0	860	-4	12	0	-8	3	-16	4028	-3640
55	0	860	-4	12	0	-8	3	-16	4028	-3639
55	0	860	-4	12	0	-8	3	-16	4028	-3639
55	0	858	-126	-419	0	-6	0	-15	4028	-3639
55	0	858	-126	-419	0	-6	0	-15	4025	-3648
55	0	858	-126	-419	0	-6	0	-15	4022	-3657
55	0	865	-177	-535	0	-5	0	-15	4019	-3670
55	0	865	-177	-535	0	-5	0	-15	4015	-3682
55	0	865	-177	-535	0	-5	0	-15	4011	-3693
55	0	870	-103	-468	0	-4	2	-15	4007	-3704
55	0	870	-103	-468	0	-4	2	-15	4005	-3714
55	0	870	-103	-468	0	-4	2	-15	4003	-3724
55	0	877	-26	-378	0	-3	2	-15	4001	-3734
55	0	877	-26	-378	0	-3	2	-15	4000	-3745
55	0	877	-26	-378	0	-3	2	-15	3999	-3752
55	0	886	8	-287	0	-1	0	-15	3999	-3760
55	0	886	8	-287	0	-1	0	-15	3999	-3766
55	0	886	8	-287	0	-1	0	-15	3999	-3772
55	0	899	3	-274	0	2	0	-15	3999	-3778
55	0	899	3	-274	0	2	0	-15	3999	-3786
55	0	899	3	-274	0	2	0	-15	3999	-3792
55	0	913	-48	-281	0	5	-2	-15	4000	-3798
55	0	913	-48	-281	0	5	-2	-15	3999	-3804
55	0	913	-48	-281	0	5	-2	-15	3997	-3810
55	0	913	-48	-281	0	5	-2	-15	3996	-3818
55	0	929	-133	-299	0	7	-3	-15	3995	-3824
55	0	942	-231	-324	0	9	-3	-15	3992	-3830
55	0	942	-231	-324	0	9	-3	-15	3987	-3837
55	0	942	-231	-324	0	9	-3	-15	3982	-3844
55	0	942	-231	-324	0	9	-3	-15	3977	-3851
55	0	951	-336	-352	0	10	-3	-15	3973	-3858
55	0	951	-336	-352	0	10	-3	-15	3963	-3868
55	0	960	-442	-382	0	10	-3	-15	3956	-3875
55	0	960	-442	-382	0	10	-3	-15	3947	-3883
55	0	960	-442	-382	0	10	-3	-15	3938	-3891
55	0	966	-545	-409	0	10	-3	-15	3925	-3902
55	0	966	-545	-409	0	10	-3	-15	3908	-3915
55	0	966	-545	-409	0	10	-3	-15	3897	-3923
55	0	973	-645	-435	0	10	-3	-15	3885	-3932
55	0	973	-645	-435	0	10	-3	-15	3872	-3941
55	0	973	-645	-435	0	10	-3	-15	3858	-3950
55	0	973	-645	-435	0	10	-3	-15	3840	-3962
55	0	973	-645	-435	0	10	-3	-15	3826	-3971
55	0	976	-736	-459	0	10	-3	-15	3813	-3981
55	0	978	-823	-478	0	10	-3	-15	3797	-3990
55	0	978	-823	-478	0	10	-3	-15	3781	-4000
55	0	974	-898	-496	0	10	-3	-15	3757	-4014
55	0	974	-898	-496	0	10	-3	-15	3739	-4024
55	0	974	-898	-496	0	10	-3	-15	3720	-4034
55	0	971	-974	-515	0	10	-3	-15	3697	-4047
55	0	971	-974	-515	0	10	-3	-15	3677	-4058
55	0	971	-974	-515	0	10	-3	-15	3656	-4068
55	0	971	-974	-515	0	10	-3	-15	3629	-4083
55	0	977	-1053	-533	0	9	-3	-15	3607	-4095
55	0	977	-1053	-533	0	9	-3	-15	3584	-4106
55	0	970	-1113	-548	0	9	-3	-15	3563	-4117
55	0	970	-1113	-548	0	9	-3	-15	3540	-4128
55	0	970	-1113	-548	0	9	-3	-15	3509	-4144
55	0	962	-1168	-563	0	9	-3	-15	3485	-4155
55	0	962	-1168	-563	0	9	-3	-15	3461	-4167
55	0	962	-1168	-563	0	9	-3	-15	3436	-4179
55	0	962	-1168	-563	0	9	-3	-15	3413	-4190
55	0	962	-1168	-563	0	9	-3	-15	3389	-4202
55	0	947	-2646	-550	0	8	-2	-15	3344	-4223
55	0	947	-2646	-550	0	8	-2	-15	3290	-4234
55	0	947	-2646	-550	0	8	-2	-15	3235	-4246
55	0	942	-2951	-503	0	9	-2	-16	3179	-4257
55	0	942	-2951	-503	0	9	-2	-16	3117	-4268
55	0	942	-2951	-503	0	9	-2	-16	3031	-4283
55	0	942	-2951	-503	0	9	-2	-16	2970	-4293
55	0	936	-3098	-447	0	9	-2	-16	2908	-4304
55	0	936	-3098	-447	0	9	-2	-16	2843	-4313
55	0	936	-3098	-447	0	9	-2	-16	2777	-4323
55	0	931	-3126	-417	0	9	-2	-16	2713	-4332
55	0	931	-3126	-417	0	9	-2	-16	2625	-4344
55	0	922	-3172	-413	0	8	-2	-16	2560	-4352
55	0	922	-3172	-413	0	8	-2	-16	2494	-4361
55	0	922	-3172	-413	0	8	-2	-16	2428	-4370
55	0	922	-3172	-413	0	8	-2	-16	2361	-4378
55	0	913	-2850	-359	0	9	-2	-16	2295	-4387
55	0	913	-2850	-359	0	9	-2	-16	2207	-4398
55	0	914	-2443	-270	0	8	-2	-16	2145	-4406
55	0	914	-2443	-270	0	8	-2	-16	2085	-4412
55	0	923	-2334	-201	0	8	-2	-16	2019	-4420
55	0	923	-2334	-201	0	8	-2	-16	1972	-4424
55	0	923	-2334	-201	0	8	-2	-16	1923	-4428
55	0	939	-2339	-186	0	6	-2	-16	1867	-4433
55	0	939	-2339	-186	0	6	-2	-16	1792	-4439
55	0	939	-2339	-186	0	6	-2	-16	1742	-4443
55	0	939	-2339	-186	0	6	-2	-16	1694	-4447
55	0	939	-2339	-186	0	6	-2	-16	1645	-4451
55	0	939	-2339	-186	0	6	-2	-16	1598	-4454
55	0	950	-2141	-274	0	0	-3	-16	1540	-4459
55	0	950	-2141	-274	0	0	-3	-16	1481	-4466
55	0	950	-2141	-274	0	0	-3	-16	1437	-4472
55	0	964	-2042	-284	0	-3	-3	-16	1392	-4478
55	0	964	-2042	-284	0	-3	-3	-16	1346	-4484
55	0	964	-2042	-284	0	-3	-3	-16	1304	-4490
55	0	964	-2042	-284	0	-3	-3	-16	1251	-4498
55	0	964	-2042	-284	0	-3	-3	-16	1210	-4503
55	0	964	-2042	-284	0	-3	-3	-16	1167	-4509
55	0	984	-1910	-310	0	-9	-2	-15	1120	-4516
55	0	984	-1910	-310	0	-9	-2	-15	1082	-4522
55	0	994	-1882	-316	0	-11	-2	-15	1020	-4532
55	0	994	-1882	-316	0	-11	-2	-15	981	-4539
55	0	994	-1882	-316	0	-11	-2	-15	942	-4545
55	0	998	-1674	-322	0	-13	-1	-15	902	-4552
55	0	998	-1674	-322	0	-13	-1	-15	867	-4559
55	0	998	-1674	-322	0	-13	-1	-15	820	-4568
55	0	998	-1674	-322	0	-13	-1	-15	786	-4574
55	0	998	-1674	-322	0	-13	-1	-15	751	-4581
55	0	998	-1674	-322	0	-13	-1	-15	716	-4588
55	0	1002	-1250	-294	0	-11	3	-15	681	-4594
55	0	1002	-1250	-294	0	-11	3	-15	649	-4602
55	0	1002	-1250	-294	0	-11	3	-15	614	-4610
54	0	1001	-1073	-239	0	-9	4	-15	588	-4616
54	0	1001	-1073	-239	0	-9	4	-15	566	-4621
54	0	1001	-1073	-239	0	-9	4	-15	543	-4626
54	0	1001	-1073	-239	0	-9	4	-15	513	-4633
54	0	967	-939	-183	0	-8	4	-15	491	-4638
54	0	967	-939	-183	0	-8	4	-15	471	-4642
54	0	963	-793	-126	0	-8	4	-15	451	-4646
54	0	963	-793	-126	0	-8	4	-15	435	-4648
54	0	963	-793	-126	0	-8	4	-15	413	-4652
54	0	980	-653	-74	0	-7	3	-15	397	-4654
54	0	980	-653	-74	0	-7	3	-15	383	-4656
54	0	980	-653	-74	0	-7	3	-15	369	-4658
54	0	980	-653	-74	0	-7	3	-15	354	-4659
54	0	981	-551	-34	0	-5	4	-15	335	-4661
54	0	988	-474	13	0	-3	5	-15	322	-4662
54	0	988	-474	13	0	-3	5	-15	312	-4662
54	0	988	-474	13	0	-3	5	-15	302	-4662
54	0	987	-423	70	0	-1	6	-15	292	-4661
54	0	987	-423	70	0	-1	6	-15	279	-4659
54	0	987	-423	70	0	-1	6	-15	270	-4658
54	0	986	-392	136	0	0	7	-15	262	-4656
54	0	986	-392	136	0	0	7	-15	253	-4653
54	0	986	-392	136	0	0	7	-15	245	-4651
54	0	986	-379	208	0	1	7	-15	236	-4648
54	0	986	-379	208	0	1	7	-15	229	-4643
54	0	986	-379	208	0	1	7	-15	221	-4639
54	0	986	-377	284	0	2	8	-15	209	-4633
54	0	986	-377	284	0	2	8	-15	202	-4627
54	0	986	-377	284	0	2	8	-15	194	-4621
54	0	986	-377	284	0	2	8	-15	186	-4615
54	0	986	-377	284	0	2	8	-15	178	-4609
54	0	982	-383	354	0	2	8	-15	170	-4603
54	0	978	-395	423	0	3	8	-15	162	-4596
54	0	978	-395	423	0	3	8	-15	154	-4587
54	0	978	-395	423	0	3	8	-15	143	-4575
54	0	971	-411	488	0	3	8	-15	135	-4567
54	0	971	-411	488	0	3	8	-15	126	-4556
54	0	971	-411	488	0	3	8	-15	117	-4546
54	0	963	-425	548	0	3	8	-15	109	-4536
54	0	963	-425	548	0	3	8	-15	100	-4525
54	0	963	-425	548	0	3	8	-15	88	-4510
54	0	963	-425	548	0	3	8	-15	80	-4499
54	0	963	-425	548	0	3	8	-15	71	-4487
54	0	953	-441	603	0	3	8	-15	62	-4476
53	0	951	-457	658	0	3	8	-15	53	-4464
53	0	951	-457	658	0	3	8	-15	40	-4444
53	0	946	-469	706	0	3	8	-15	30	-4430
53	0	946	-469	706	0	3	8	-15	20	-4416
53	0	946	-469	706	0	3	8	-15	11	-4401
53	0	946	-469	706	0	3	8	-15	1	-4386
53	0	938	-481	751	0	3	8	-15	-11	-4366
53	0	938	-481	751	0	3	8	-15	-23	-4348
53	0	932	-493	795	0	3	8	-15	-33	-4333
53	0	932	-493	795	0	3	8	-15	-43	-4317
53	0	932	-493	795	0	3	8	-15	-53	-4300
53	0	926	-530	816	0	3	5	-15	-64	-4283
53	0	926	-530	816	0	3	5	-15	-80	-4259
53	0	926	-530	816	0	3	5	-15	-92	-4240
53	0	926	-530	816	0	3	5	-15	-102	-4223
53	0	926	-530	816	0	3	5	-15	-114	-4206
53	0	926	-530	816	0	3	5	-15	-125	-4189
53	0	915	-550	768	0	2	0	-16	-136	-4172
53	0	915	-550	768	0	2	0	-16	-155	-4145
53	0	915	-550	768	0	2	0	-16	-166	-4130
53	0	909	-556	957	0	1	-2	-16	-178	-4114
53	0	909	-556	957	0	1	-2	-16	-189	-4094
53	0	909	-556	957	0	1	-2	-16	-201	-4074
53	0	908	-533	1005	0	0	-3	-16	-213	-4053
53	0	908	-533	1005	0	0	-3	-16	-228	-4024
53	0	908	-533	1005	0	0	-3	-16	-239	-4004
53	0	908	-533	1005	0	0	-3	-16	-250	-3983
53	0	904	-488	934	0	0	-2	-16	-263	-3959
53	0	903	-409	931	0	1	0	-16	-274	-3938
53	0	903	-409	931	0	1	0	-16	-282	-3919
53	0	903	-409	931	0	1	0	-16	-294	-3892
53	0	903	-409	895	0	1	2	-16	-302	-3873
53	0	903	-409	895	0	1	2	-16	-311	-3854
53	0	903	-409	895	0	1	2	-16	-320	-3835
53	0	903	-409	895	0	1	2	-16	-328	-3817
53	0	903	-409	895	0	1	2	-16	-337	-3798
53	0	903	-409	895	0	1	2	-16	-348	-3772
53	0	904	-422	917	0	2	7	-16	-358	-3751
53	0	904	-422	917	0	2	7	-16	-367	-3732
53	0	904	-434	953	0	2	8	-16	-383	-3696
53	0	904	-434	953	0	2	8	-16	-392	-3677
53	0	904	-434	953	0	2	8	-16	-401	-3657
53	0	906	-449	985	0	2	7	-16	-412	-3632
53	0	906	-449	985	0	2	7	-16	-422	-3612
53	0	906	-449	985	0	2	7	-16	-431	-3591
53	0	906	-449	985	0	2	7	-16	-441	-3570
52	0	896	-464	988	0	2	5	-17	-450	-3550
52	0	896	-464	988	0	2	5	-17	-460	-3529
52	0	876	-488	1166	0	2	3	-17	-469	-3509
52	0	876	-488	1166	0	2	3	-17	-480	-3484
52	0	876	-488	1166	0	2	3	-17	-493	-3452
52	0	875	-541	1812	0	1	1	-17	-503	-3429
52	0	875	-541	1812	0	1	1	-17	-514	-3392
52	0	875	-541	1812	0	1	1	-17	-525	-3354
52	0	875	-541	1812	0	1	1	-17	-537	-3316
52	0	876	-509	1976	0	1	1	-17	-548	-3277
52	0	876	-509	1976	0	1	1	-17	-563	-3221
52	0	879	-475	1918	0	1	2	-17	-573	-3181
52	0	879	-475	1918	0	1	2	-17	-583	-3140
52	0	879	-475	1918	0	1	2	-17	-594	-3094
52	0	870	-224	1846	0	1	4	-17	-604	-3055
52	0	870	-224	1846	0	1	4	-17	-609	-3016
52	0	870	-224	1846	0	1	4	-17	-614	-2977
52	0	873	-155	1853	0	2	4	-17	-620	-2924
52	0	873	-155	1853	0	2	4	-17	-623	-2888
52	0	873	-155	1853	0	2	4	-17	-626	-2850
52	0	873	-155	1853	0	2	4	-17	-630	-2810
52	0	873	-155	1853	0	2	4	-17	-633	-2770
52	0	878	-158	1826	0	2	3	-17	-636	-2731
52	0	884	-111	1824	0	2	2	-17	-640	-2693
52	0	884	-111	1824	0	2	2	-17	-643	-2644
52	0	884	-111	1824	0	2	2	-17	-645	-2607
52	0	892	-96	1694	0	2	1	-17	-647	-2569
52	0	892	-96	1694	0	2	1	-17	-649	-2534
52	0	892	-96	1694	0	2	1	-17	-651	-2498
52	0	899	-52	1543	0	2	0	-17	-653	-2462
52	0	899	-52	1543	0	2	0	-17	-655	-2430
52	0	907	-24	1399	0	1	0	-18	-656	-2398
52	0	907	-24	1399	0	1	0	-18	-656	-2358
52	0	907	-24	1399	0	1	0	-18	-657	-2329
52	0	907	-24	1399	0	1	0	-18	-657	-2300
52	0	914	-1	1400	0	1	1	-18	-658	-2270
52	0	914	-1	1400	0	1	1	-18	-658	-2241
52	0	914	-1	1400	0	1	1	-18	-658	-2211
52	0	914	-1	1400	0	1	1	-18	-658	-2177
52	0	914	-1	1400	0	1	1	-18	-658	-2149
52	0	914	-1	1400	0	1	1	-18	-658	-2119
52	0	914	-1	1400	0	1	1	-18	-658	-2090
52	0	925	-13	1258	0	1	-1	-18	-658	-2061
51	0	930	-46	1173	0	1	-1	-18	-658	-2035
51	0	930	-46	1173	0	1	-1	-18	-660	-2006
51	0	930	-46	1173	0	1	-1	-18	-661	-1981
51	0	930	-46	1173	0	1	-1	-18	-662	-1956
51	0	929	-78	1070	0	1	-2	-18	-662	-1932
51	0	929	-78	1070	0	1	-2	-18	-664	-1909
51	0	929	-78	1070	0	1	-2	-18	-666	-1887
51	0	929	-78	1070	0	1	-2	-18	-667	-1864
51	0	923	-58	974	0	1	-4	-18	-671	-1817
51	0	925	-28	893	0	1	-5	-18	-672	-1796
51	0	925	-28	893	0	1	-5	-18	-673	-1777
51	0	925	-28	893	0	1	-5	-18	-673	-1758
51	0	924	-9	890	0	1	-6	-18	-674	-1740
51	0	924	-9	890	0	1	-6	-18	-674	-1720
51	0	924	-9	890	0	1	-6	-18	-674	-1701
51	0	914	14	831	0	2	-7	-18	-675	-1683
51	0	914	14	831	0	2	-7	-18	-674	-1665
51	0	914	14	831	0	2	-7	-18	-674	-1644
51	0	914	14	831	0	2	-7	-18	-674	-1627
51	0	906	43	816	0	1	-7	-18	-673	-1609
51	0	906	43	816	0	1	-7	-18	-672	-1592
51	0	901	80	744	0	2	-8	-18	-671	-1575
51	0	901	80	744	0	2	-8	-18	-670	-1560
51	0	901	80	744	0	2	-8	-18	-668	-1544
51	0	907	94	661	0	2	-8	-18	-666	-1528
51	0	907	94	661	0	2	-8	-18	-664	-1513
51	0	907	94	661	0	2	-8	-18	-662	-1499
51	0	907	94	661	0	2	-8	-18	-660	-1485
51	0	916	121	521	0	2	-8	-18	-658	-1471
51	0	916	121	521	0	2	-8	-18	-656	-1460
51	0	931	122	389	0	2	-7	-18	-653	-1449
51	0	931	122	389	0	2	-7	-18	-650	-1441
51	0	931	122	389	0	2	-7	-18	-648	-1433
51	0	933	173	285	0	2	-4	-18	-645	-1425
51	0	933	173	285	0	2	-4	-18	-641	-1418
51	0	933	173	285	0	2	-4	-18	-637	-1412
51	0	933	173	285	0	2	-4	-18	-634	-1406
51	0	933	173	285	0	2	-4	-18	-630	-1400
51	0	933	275	226	0	1	0	-17	-626	-1394
51	0	939	295	248	0	1	4	-17	-621	-1389
51	0	939	295	248	0	1	4	-17	-614	-1384
51	0	939	295	248	0	1	4	-17	-608	-1379
51	0	944	259	287	0	1	8	-17	-599	-1370
51	0	944	259	287	0	1	8	-17	-593	-1365
51	0	944	259	287	0	1	8	-17	-588	-1359
51	0	950	242	391	0	1	9	-17	-582	-1353
51	0	950	242	391	0	1	9	-17	-577	-1344
51	0	950	242	391	0	1	9	-17	-571	-1334
51	0	950	242	391	0	1	9	-17	-566	-1325
51	0	950	242	391	0	1	9	-17	-561	-1317
51	0	954	107	435	0	1	9	-17	-555	-1309
51	0	964	74	557	0	2	8	-17	-553	-1300
51	0	964	74	557	0	2	8	-17	-552	-1288
51	0	964	74	557	0	2	8	-17	-549	-1269
51	0	970	16	625	0	2	6	-18	-548	-1258
51	0	970	16	625	0	2	6	-18	-547	-1245
51	0	970	16	625	0	2	6	-18	-547	-1232
51	0	975	-2	725	0	2	4	-19	-547	-1219
51	0	975	-2	725	0	2	4	-19	-547	-1204
51	0	975	-2	725	0	2	4	-19	-547	-1188
51	0	975	-2	725	0	2	4	-19	-547	-1169
51	0	975	-2	725	0	2	4	-19	-547	-1154
51	0	975	-2	725	0	2	4	-19	-547	-1139
51	0	983	-66	1035	0	3	1	-25	-547	-1124
51	0	983	-66	1035	0	3	1	-25	-548	-1102
51	0	986	-136	1011	0	2	0	-29	-550	-1079
51	0	986	-136	1011	0	2	0	-29	-555	-1043
51	0	986	-136	1011	0	2	0	-29	-558	-1022
51	0	987	-145	913	0	1	0	-33	-560	-1002
51	0	987	-145	913	0	1	0	-33	-563	-983
51	0	987	-145	913	0	1	0	-33	-566	-964
51	0	987	-155	779	0	0	0	-36	-569	-945
51	0	987	-155	779	0	0	0	-36	-573	-926
51	0	995	-190	691	0	0	0	-37	-579	-896
51	0	995	-190	691	0	0	0	-37	-584	-880
51	0	995	-190	691	0	0	0	-37	-588	-865
51	0	1001	-150	557	0	-1	0	-39	-592	-850
51	0	1001	-150	557	0	-1	0	-39	-595	-839
51	0	1001	-150	557	0	-1	0	-39	-598	-827
51	0	1002	-47	512	0	-2	1	-40	-601	-815
51	0	1002	-47	512	0	-2	1	-40	-602	-801
51	0	1002	-47	512	0	-2	1	-40	-603	-791
51	0	1005	49	524	0	-2	4	-41	-604	-780
51	0	1005	49	524	0	-2	4	-41	-603	-769
51	0	1005	49	524	0	-2	4	-41	-602	-758
51	0	1007	84	577	0	-1	7	-42	-601	-747
51	0	1007	84	577	0	-1	7	-42	-599	-735
51	0	1007	84	577	0	-1	7	-42	-597	-717
51	0	1007	84	577	0	-1	7	-42	-595	-706
51	0	1007	66	636	0	-1	9	-42	-593	-692
50	0	1017	51	688	0	-1	10	-42	-589	-655
50	0	1017	51	688	0	-1	10	-42	-588	-641
50	0	1005	18	591	0	0	10	-43	-587	-627
50	0	1005	18	591	0	0	10	-43	-587	-606
50	0	1005	18	591	0	0	10	-43	-586	-594
50	0	1003	-9	563	0	0	8	-43	-586	-582
50	0	1003	-9	563	0	0	8	-43	-586	-569
50	0	1001	-28	573	0	0	6	-43	-586	-557
50	0	1001	-28	573	0	0	6	-43	-587	-534
50	0	1001	-28	573	0	0	6	-43	-588	-522
50	0	998	-25	597	0	0	3	-44	-589	-508
50	0	998	-25	597	0	0	3	-44	-589	-488
50	0	992	-19	586	0	0	0	-44	-590	-476
50	0	992	-19	586	0	0	0	-44	-591	-453
50	0	982	-20	533	0	0	-2	-44	-591	-436
50	0	982	-20	533	0	0	-2	-44	-592	-424
50	0	982	-20	533	0	0	-2	-44	-592	-406
50	0	977	-8	477	0	0	-5	-44	-593	-395
50	0	977	-8	477	0	0	-5	-44	-593	-385
50	0	975	13	395	0	0	-7	-44	-593	-373
50	0	975	13	395	0	0	-7	-44	-593	-364
50	0	975	13	395	0	0	-7	-44	-593	-356
50	0	976	48	262	0	0	-8	-44	-592	-344
50	0	976	48	262	0	0	-8	-44	-591	-338
50	0	976	48	262	0	0	-8	-44	-590	-332
50	0	976	48	262	0	0	-8	-44	-589	-327
50	0	976	48	262	0	0	-8	-44	-588	-322
50	0	976	48	262	0	0	-8	-44	-587	-317
50	0	970	94	25	0	0	-7	-43	-586	-309
50	0	970	94	25	0	0	-7	-43	-584	-309
50	0	970	94	25	0	0	-7	-43	-580	-308
50	0	966	98	-75	0	0	-5	-43	-579	-307
50	0	966	98	-75	0	0	-5	-43	-577	-309
50	0	966	98	-75	0	0	-5	-43	-575	-310
50	0	962	142	-117	0	1	-1	-43	-572	-312
50	0	962	142	-117	0	1	-1	-43	-569	-315
50	0	962	142	-117	0	1	-1	-43	-566	-317
50	0	961	179	-180	0	1	1	-43	-563	-320
50	0	961	179	-180	0	1	1	-43	-556	-326
50	0	961	161	-143	0	2	3	-43	-553	-330
50	0	961	161	-143	0	2	3	-43	-549	-333
50	0	961	161	-143	0	2	3	-43	-546	-336
47	0	963	108	-113	0	2	4	-43	-543	-339
47	0	963	108	-113	0	2	4	-43	-540	-341
47	0	963	36	-99	0	2	4	-43	-537	-344
47	0	963	36	-99	0	2	4	-43	-536	-347
47	0	963	36	-99	0	2	4	-43	-536	-349
47	0	963	36	-99	0	2	4	-43	-535	-351
47	0	961	-15	-88	0	2	2	-43	-534	-353
47	0	961	-15	-88	0	2	2	-43	-534	-355
47	0	961	-15	-88	0	2	2	-43	-535	-357
47	0	962	-50	-99	0	3	0	-43	-535	-359
47	0	962	-50	-99	0	3	0	-43	-536	-361
47	0	962	-50	-99	0	3	0	-43	-537	-364
47	0	965	-126	-209	0	2	0	-43	-538	-366
47	0	978	-29	-37	0	-1	3	-43	-541	-371
47	0	978	-29	-37	0	-1	3	-43	-553	-385
47	0	978	-29	-37	0	-1	3	-43	-553	-386
47	0	977	-38	-20	0	-1	2	-43	-554	-387
47	0	977	-38	-20	0	-1	2	-43	-555	-387
47	0	973	7	-20	0	-1	1	-43	-556	-388
47	0	973	7	-20	0	-1	1	-43	-556	-388
47	0	973	7	-20	0	-1	1	-43	-556	-389
47	0	967	24	-21	0	0	1	-43	-556	-389
47	0	967	24	-21	0	0	1	-43	-555	-390
47	0	967	24	-21	0	0	1	-43	-555	-390
47	0	967	24	-21	0	0	1	-43	-554	-391
47	0	964	37	-19	0	0	0	-43	-554	-391
47	0	964	37	-19	0	0	0	-43	-552	-392
47	0	951	56	-18	0	0	0	-43	-552	-392
47	0	951	56	-18	0	0	0	-43	-550	-392
47	0	951	56	-18	0	0	0	-43	-549	-393
47	0	945	84	-23	0	0	0	-43	-548	-393
47	0	945	84	-23	0	0	0	-43	-546	-394
47	0	945	84	-23	0	0	0	-43	-545	-394
47	0	930	109	-28	0	0	0	-43	-543	-395
47	0	930	109	-28	0	0	0	-43	-540	-395
47	0	930	109	-28	0	0	0	-43	-537	-396
47	0	930	109	-28	0	0	0	-43	-535	-397
47	0	930	109	-28	0	0	0	-43	-533	-397
47	0	908	129	-34	0	0	0	-43	-530	-398
47	0	889	129	-43	0	0	0	-43	-527	-399
47	0	889	129	-43	0	0	0	-43	-524	-400
47	0	889	129	-43	0	0	0	-43	-522	-401
47	0	868	139	-46	0	0	0	-43	-519	-402
47	0	868	139	-46	0	0	0	-43	-516	-403
47	0	868	139	-46	0	0	0	-43	-513	-404
47	0	843	152	-41	0	0	0	-43	-510	-405
47	0	843	152	-41	0	0	0	-43	-507	-405
47	0	843	152	-41	0	0	0	-43	-504	-406
47	0	825	147	-40	0	1	0	-43	-500	-407
47	0	825	147	-40	0	1	0	-43	-497	-408
47	0	825	147	-40	0	1	0	-43	-494	-409
47	0	806	93	-34	0	2	1	-43	-491	-410
47	0	806	93	-34	0	2	1	-43	-489	-411
47	0	806	93	-34	0	2	1	-43	-487	-411
47	0	806	93	-34	0	2	1	-43	-485	-412
47	0	806	93	-34	0	2	1	-43	-483	-413
47	0	792	39	-46	0	2	1	-43	-481	-413
47	0	779	-6	-58	0	1	1	-43	-480	-414
47	0	766	14	-57	0	0	1	-43	-480	-417
47	0	766	14	-57	0	0	1	-43	-480	-419
47	0	766	14	-57	0	0	1	-43	-479	-420
47	0	758	-17	-38	0	0	0	-43	-479	-421
47	0	758	-17	-38	0	0	0	-43	-480	-422
47	0	758	-17	-38	0	0	0	-43	-480	-423
47	0	758	-17	-38	0	0	0	-43	-480	-424
47	0	741	-4	-45	0	0	0	-43	-481	-425
47	0	723	30	-63	0	0	1	-43	-481	-426
47	0	723	30	-63	0	0	1	-43	-480	-428
47	0	723	30	-63	0	0	1	-43	-479	-430
47	0	723	30	-63	0	0	1	-43	-478	-431
47	0	706	52	23	0	-1	2	-43	-478	-432
47	0	706	52	23	0	-1	2	-43	-477	-432
47	0	706	52	23	0	-1	2	-43	-475	-431
46	0	693	28	48	0	0	1	-43	-474	-431
46	0	693	28	48	0	0	1	-43	-474	-430
46	0	693	28	48	0	0	1	-43	-473	-429
46	0	677	11	36	0	0	0	-44	-472	-428
46	0	677	11	36	0	0	0	-44	-472	-427
46	0	677	11	36	0	0	0	-44	-472	-426
46	0	677	11	36	0	0	0	-44	-472	-425
46	0	677	11	36	0	0	0	-44	-471	-424
46	0	677	11	36	0	0	0	-44	-471	-424
46	0	657	0	9	0	0	0	-44	-471	-423
46	0	657	0	9	0	0	0	-44	-471	-423
46	0	657	0	9	0	0	0	-44	-471	-422
46	0	649	22	8	0	0	0	-44	-471	-422
46	0	649	22	8	0	0	0	-44	-470	-422
46	0	649	22	8	0	0	0	-44	-470	-422
46	0	643	29	3	0	0	0	-44	-469	-422
46	0	643	29	3	0	0	0	-44	-469	-422
46	0	643	29	3	0	0	0	-44	-468	-422
46	0	639	47	13	0	0	0	-45	-468	-422
46	0	639	47	13	0	0	0	-45	-467	-421
46	0	639	47	13	0	0	0	-45	-466	-421
46	0	639	47	13	0	0	0	-45	-465	-421
46	0	639	47	13	0	0	0	-45	-464	-420
46	0	639	47	13	0	0	0	-45	-463	-420
46	0	634	60	78	0	1	1	-50	-462	-420
46	0	634	60	78	0	1	1	-50	-460	-418
46	0	634	60	78	0	1	1	-50	-459	-417
46	0	632	36	96	0	1	1	-54	-458	-415
46	0	632	36	96	0	1	1	-54	-457	-413
46	0	632	36	96	0	1	1	-54	-456	-411
46	0	632	36	96	0	1	1	-54	-455	-409
46	0	629	11	77	0	0	0	-57	-455	-407
46	0	629	11	77	0	0	0	-57	-454	-405
46	0	629	11	77	0	0	0	-57	-454	-404
46	0	629	11	77	0	0	0	-57	-454	-402
46	0	628	-8	47	0	0	0	-59	-454	-400
46	0	628	-8	47	0	0	0	-59	-454	-399
46	0	626	-15	13	0	0	0	-61	-454	-398
46	0	626	-15	13	0	0	0	-61	-454	-398
46	0	626	-15	13	0	0	0	-61	-455	-398
46	0	623	12	-2	0	0	0	-62	-455	-397
46	0	623	12	-2	0	0	0	-62	-455	-398
46	0	623	12	-2	0	0	0	-62	-455	-398
46	0	623	12	-2	0	0	0	-62	-454	-398
46	0	625	20	-11	0	0	0	-63	-454	-398
46	0	625	20	-11	0	0	0	-63	-454	-398
45	0	625	28	-25	0	0	0	-63	-453	-398
45	0	625	28	-25	0	0	0	-63	-453	-399
45	0	625	28	-25	0	0	0	-63	-452	-399
45	0	624	23	-30	0	0	0	-64	-451	-400
45	0	624	23	-30	0	0	0	-64	-451	-400
45	0	624	23	-30	0	0	0	-64	-450	-401
45	0	624	23	-30	0	0	0	-64	-450	-402
45	0	624	21	-32	0	0	0	-64	-449	-402
45	0	624	21	-32	0	0	0	-64	-449	-403
45	0	625	23	-48	0	0	0	-64	-449	-404
45	0	625	23	-48	0	0	0	-64	-448	-405
45	0	625	23	-48	0	0	0	-64	-448	-406
45	0	625	23	-48	0	0	0	-64	-447	-407
45	0	624	6	-49	0	0	0	-65	-447	-408
45	0	624	6	-49	0	0	0	-65	-446	-409
45	0	624	6	-49	0	0	0	-65	-446	-410
45	0	617	-1	-49	0	0	0	-65	-446	-411
45	0	617	-1	-49	0	0	0	-65	-446	-412
45	0	617	-1	-49	0	0	0	-65	-446	-413
45	0	612	5	-61	0	0	0	-65	-446	-414
45	0	612	5	-61	0	0	0	-65	-446	-415
45	0	612	5	-61	0	0	0	-65	-446	-417
45	0	606	8	-62	0	0	0	-65	-446	-418
45	0	606	8	-62	0	0	0	-65	-446	-419
45	0	606	8	-62	0	0	0	-65	-446	-420
45	0	598	-1	-52	0	0	0	-65	-445	-422
45	0	598	-1	-52	0	0	0	-65	-445	-423
45	0	588	9	-52	0	0	0	-65	-445	-424
45	0	588	9	-52	0	0	0	-65	-445	-425
45	0	588	9	-52	0	0	0	-65	-445	-426
45	0	588	9	-52	0	0	0	-65	-445	-428
45	0	577	12	-51	0	0	0	-65	-445	-429
45	0	577	12	-51	0	0	0	-65	-444	-430
45	0	577	12	-51	0	0	0	-65	-444	-431
45	0	563	5	-45	0	0	0	-65	-444	-432
45	0	563	5	-45	0	0	0	-65	-444	-433
45	0	563	5	-45	0	0	0	-65	-444	-434
45	0	550	19	-47	0	0	0	-65	-443	-435
45	0	550	19	-47	0	0	0	-65	-443	-436
45	0	550	19	-47	0	0	0	-65	-443	-437
45	0	540	27	-46	0	0	0	-65	-442	-438
45	0	540	27	-46	0	0	0	-65	-442	-439
45	0	540	27	-46	0	0	0	-65	-441	-440
45	0	540	27	-46	0	0	0	-65	-441	-441
45	0	540	27	-46	0	0	0	-65	-440	-442
45	0	525	13	-40	0	0	0	-65	-439	-443
45	0	506	17	-43	0	0	0	-65	-439	-444
45	0	506	17	-43	0	0	0	-65	-439	-445
45	0	506	17	-43	0	0	0	-65	-438	-446
45	0	491	27	-50	0	0	0	-65	-438	-447
45	0	491	27	-50	0	0	0	-65	-437	-448
45	0	491	27	-50	0	0	0	-65	-436	-449
45	0	472	36	-56	0	0	0	-65	-436	-450
45	0	472	36	-56	0	0	0	-65	-435	-451
45	0	472	36	-56	0	0	0	-65	-434	-453
45	0	458	43	-64	0	0	0	-65	-434	-454
45	0	458	43	-64	0	0	0	-65	-433	-455
45	0	458	43	-64	0	0	0	-65	-432	-457
45	0	458	43	-64	0	0	0	-65	-431	-458
45	0	458	43	-64	0	0	0	-65	-430	-459
45	0	417	47	-41	0	0	1	-65	-429	-461
45	0	417	47	-41	0	0	1	-65	-428	-462
45	0	417	47	-41	0	0	1	-65	-427	-463
45	0	417	47	-41	0	0	1	-65	-426	-463
45	0	396	30	-23	0	0	1	-65	-425	-464
45	0	396	30	-23	0	0	1	-65	-424	-465
45	0	396	30	-23	0	0	1	-65	-423	-465
45	0	380	30	9	0	1	1	-66	-423	-466
45	0	380	30	9	0	1	1	-66	-422	-466
45	0	380	30	9	0	1	1	-66	-422	-465
45	0	366	6	49	0	2	2	-68	-421	-465
45	0	366	6	49	0	2	2	-68	-421	-464
45	0	366	6	49	0	2	2	-68	-421	-463
45	0	356	-39	70	0	2	2	-70	-421	-462
45	0	356	-39	70	0	2	2	-70	-421	-461
45	0	356	-39	70	0	2	2	-70	-422	-459
45	0	349	-94	77	0	1	0	-72	-423	-458
45	0	349	-94	77	0	1	0	-72	-425	-456
45	0	349	-94	77	0	1	0	-72	-427	-454
45	0	342	-109	58	0	0	0	-73	-429	-453
45	0	342	-109	58	0	0	0	-73	-431	-452
45	0	342	-109	58	0	0	0	-73	-434	-450
45	0	342	-109	58	0	0	0	-73	-436	-449
45	0	342	-109	58	0	0	0	-73	-438	-448
45	0	328	-80	42	0	-1	0	-73	-440	-447
45	0	328	-80	42	0	-1	0	-73	-442	-446
45	0	328	-44	59	0	-1	2	-74	-444	-445
45	0	328	-44	59	0	-1	2	-74	-445	-444
45	0	327	-27	86	0	0	5	-74	-446	-442
45	0	327	-27	86	0	0	5	-74	-446	-441
45	0	327	-27	86	0	0	5	-74	-447	-439
45	0	327	-27	86	0	0	5	-74	-448	-437
45	0	321	-30	150	0	0	7	-75	-448	-435
45	0	321	-30	150	0	0	7	-75	-449	-432
45	0	321	-30	150	0	0	7	-75	-449	-429
45	0	317	-59	267	0	0	5	-75	-450	-425
45	0	317	-59	267	0	0	5	-75	-451	-419
45	0	317	-59	267	0	0	5	-75	-453	-414
45	0	316	-127	291	0	0	1	-75	-454	-408
45	0	316	-127	291	0	0	1	-75	-457	-402
45	0	316	-127	291	0	0	1	-75	-459	-396
45	0	316	-136	284	0	0	-2	-76	-462	-390
45	0	316	-136	284	0	0	-2	-76	-465	-384
45	0	316	-136	284	0	0	-2	-76	-468	-378
45	0	316	-102	205	0	-1	-4	-76	-471	-372
45	0	316	-102	205	0	-1	-4	-76	-473	-368
45	0	316	-102	205	0	-1	-4	-76	-475	-363
45	0	316	-102	205	0	-1	-4	-76	-477	-359
45	0	314	-42	142	0	-2	-4	-76	-479	-355
45	0	314	-42	142	0	-2	-4	-76	-480	-352
45	0	315	5	87	0	-3	-2	-75	-481	-349
45	0	315	5	87	0	-3	-2	-75	-481	-347
45	0	315	5	87	0	-3	-2	-75	-481	-345
45	0	316	56	53	0	-5	-1	-75	-481	-343
45	0	316	56	53	0	-5	-1	-75	-479	-342
45	0	316	56	53	0	-5	-1	-75	-478	-341
45	0	316	56	53	0	-5	-1	-75	-477	-340
45	0	320	140	43	0	-6	0	-75	-476	-339
45	0	320	140	43	0	-6	0	-75	-473	-338
45	0	320	140	43	0	-6	0	-75	-470	-337
45	0	320	140	43	0	-6	0	-75	-467	-336
45	0	320	140	43	0	-6	0	-75	-464	-335
45	0	320	140	43	0	-6	0	-75	-461	-334
45	0	317	221	84	0	0	0	-76	-458	-333
45	0	317	221	84	0	0	0	-76	-453	-331
45	0	317	221	84	0	0	0	-76	-449	-329
45	0	321	223	94	0	2	0	-76	-444	-328
45	0	321	223	94	0	2	0	-76	-439	-326
45	0	321	223	94	0	2	0	-76	-435	-324
45	0	321	223	94	0	2	0	-76	-430	-322
45	0	321	223	94	0	2	0	-76	-425	-320
45	0	321	223	94	0	2	0	-76	-420	-318
45	0	321	223	94	0	2	0	-76	-416	-316
45	0	332	142	44	0	4	-1	-76	-411	-314
45	0	332	142	44	0	4	-1	-76	-408	-313
45	0	335	97	16	0	4	0	-76	-405	-312
45	0	335	97	16	0	4	0	-76	-403	-312
45	0	335	97	16	0	4	0	-76	-401	-311
45	0	333	38	6	0	4	0	-76	-399	-311
45	0	333	38	6	0	4	0	-76	-398	-311
45	0	333	38	6	0	4	0	-76	-397	-311
44	0	333	6	-5	0	3	0	-76	-397	-310
44	0	333	6	-5	0	3	0	-76	-396	-311
44	0	333	6	-5	0	3	0	-76	-396	-311
44	0	336	-8	-11	0	2	0	-76	-396	-311
44	0	336	-8	-11	0	2	0	-76	-396	-311
44	0	336	-8	-11	0	2	0	-76	-397	-311
44	0	336	-8	-11	0	2	0	-76	-397	-312
44	0	335	-33	-16	0	1	0	-76	-397	-312
44	0	335	-33	-16	0	1	0	-76	-398	-312
44	0	335	-33	-16	0	1	0	-76	-398	-312
44	0	335	-33	-16	0	1	0	-76	-399	-313
44	0	334	-29	-6	0	0	0	-76	-400	-313
44	0	327	-41	0	0	0	0	-76	-400	-313
44	0	327	-41	0	0	0	0	-76	-401	-313
44	0	327	-41	0	0	0	0	-76	-402	-313
44	0	327	-41	0	0	0	0	-76	-403	-313
44	0	322	-44	6	0	0	0	-76	-404	-313
44	0	322	-44	6	0	0	0	-76	-405	-313
44	0	322	-44	6	0	0	0	-76	-406	-313
44	0	323	-37	8	0	0	0	-77	-407	-313
44	0	323	-37	8	0	0	0	-77	-407	-313
44	0	323	-37	8	0	0	0	-77	-408	-312
44	0	323	-37	8	0	0	0	-77	-409	-312
44	0	321	-35	31	0	0	0	-79	-410	-312
44	0	321	-35	31	0	0	0	-79	-411	-311
44	0	323	-39	48	0	1	1	-81	-411	-311
44	0	323	-39	48	0	1	1	-81	-412	-309
44	0	323	-39	48	0	1	1	-81	-413	-309
44	0	323	-39	48	0	1	1	-81	-414	-307
44	0	323	-39	48	0	1	1	-81	-415	-306
44	0	325	-77	48	0	0	0	-82	-416	-305
44	0	326	-102	26	0	0	0	-83	-417	-304
44	0	326	-102	26	0	0	0	-83	-419	-304
44	0	326	-102	26	0	0	0	-83	-422	-303
44	0	326	-73	19	0	-1	0	-85	-424	-303
44	0	326	-73	19	0	-1	0	-85	-425	-302
44	0	326	-73	19	0	-1	0	-85	-427	-302
44	0	326	-73	19	0	-1	0	-85	-428	-302
44	0	326	-73	19	0	-1	0	-85	-430	-301
44	0	326	-73	19	0	-1	0	-85	-432	-301
44	0	320	-18	40	0	-1	0	-91	-433	-300
44	0	320	-18	40	0	-1	0	-91	-433	-299
44	0	320	-18	40	0	-1	0	-91	-434	-298
44	0	322	-22	36	0	0	0	-95	-434	-298
44	0	322	-22	36	0	0	0	-95	-435	-297
44	0	322	-22	36	0	0	0	-95	-435	-296
44	0	322	-22	36	0	0	0	-95	-436	-295
44	0	322	-22	36	0	0	0	-95	-436	-295
44	0	322	-22	36	0	0	0	-95	-437	-294
44	0	326	-36	-21	0	0	0	-99	-437	-293
44	0	326	-36	-21	0	0	0	-99	-438	-293
44	0	326	-36	-21	0	0	0	-99	-439	-294
44	0	329	-37	-41	0	0	0	-100	-439	-294
44	0	329	-37	-41	0	0	0	-100	-440	-295
44	0	329	-37	-41	0	0	0	-100	-441	-296
44	0	329	-37	-41	0	0	0	-100	-442	-297
44	0	329	-30	-62	0	0	0	-101	-443	-298
44	0	329	-30	-62	0	0	0	-101	-443	-299
44	0	329	-30	-62	0	0	0	-101	-444	-300
44	0	328	-10	-81	0	0	0	-102	-444	-302
44	0	328	-10	-81	0	0	0	-102	-445	-304
44	0	328	-10	-81	0	0	0	-102	-445	-305
44	0	325	-12	-90	0	0	0	-103	-445	-307
44	0	325	-12	-90	0	0	0	-103	-445	-309
44	0	325	-12	-90	0	0	0	-103	-446	-311
44	0	336	-10	-101	0	-1	0	-103	-446	-313
44	0	336	-10	-101	0	-1	0	-103	-446	-315
44	0	336	-10	-101	0	-1	0	-103	-446	-317
44	0	342	8	-127	0	-2	0	-104	-447	-319
44	0	342	8	-127	0	-2	0	-104	-446	-322
44	0	342	8	-127	0	-2	0	-104	-446	-324
44	0	346	50	-101	0	-2	1	-104	-446	-327
44	0	346	50	-101	0	-2	1	-104	-445	-329
44	0	346	50	-101	0	-2	1	-104	-444	-331
44	0	346	50	-101	0	-2	1	-104	-443	-334
44	0	346	50	-101	0	-2	1	-104	-442	-336
44	0	351	49	-86	0	-1	1	-104	-441	-338
44	0	354	44	-87	0	0	1	-104	-440	-340
44	0	354	44	-87	0	0	1	-104	-439	-341
44	0	354	44	-87	0	0	1	-104	-438	-343
44	0	356	46	-97	0	0	1	-105	-437	-345
44	0	356	46	-97	0	0	1	-105	-436	-347
44	0	356	46	-97	0	0	1	-105	-435	-349
44	0	356	46	-97	0	0	1	-105	-434	-351
44	0	356	46	-97	0	0	1	-105	-433	-353
44	0	356	46	-97	0	0	1	-105	-432	-355
44	0	364	12	-97	0	1	1	-105	-431	-357
44	0	364	12	-97	0	1	1	-105	-431	-359
44	0	364	12	-97	0	1	1	-105	-431	-362
44	0	365	-10	-89	0	1	1	-105	-430	-364
44	0	365	-10	-89	0	1	1	-105	-431	-366
44	0	365	-10	-89	0	1	1	-105	-431	-368
44	0	365	-10	-89	0	1	1	-105	-431	-370
44	0	369	-22	-84	0	1	1	-105	-431	-372
44	0	369	-22	-84	0	1	1	-105	-432	-374
44	0	371	-30	-80	0	0	1	-105	-432	-376
44	0	371	-30	-80	0	0	1	-105	-433	-378
44	0	371	-30	-80	0	0	1	-105	-434	-380
44	0	373	-30	-67	0	0	2	-105	-434	-381
44	0	373	-30	-67	0	0	2	-105	-435	-383
44	0	373	-30	-67	0	0	2	-105	-436	-384
44	0	373	-30	-67	0	0	2	-105	-436	-386
44	0	376	-31	-48	0	0	2	-105	-437	-387
44	0	376	-31	-48	0	0	2	-105	-438	-388
44	0	378	-23	-14	0	0	4	-105	-438	-389
44	0	378	-23	-14	0	0	4	-105	-439	-390
44	0	378	-23	-14	0	0	4	-105	-439	-390
44	0	381	-15	39	0	0	6	-105	-440	-390
44	0	381	-15	39	0	0	6	-105	-440	-389
44	0	381	-15	39	0	0	6	-105	-441	-389
44	0	381	-15	39	0	0	6	-105	-441	-388
44	0	381	-14	98	0	0	8	-105	-441	-386
44	0	381	-14	98	0	0	8	-105	-442	-384
44	0	379	-19	178	0	0	9	-105	-442	-382
44	0	379	-19	178	0	0	9	-105	-442	-379
44	0	379	-19	178	0	0	9	-105	-443	-375
44	0	379	-19	178	0	0	9	-105	-443	-370
44	0	379	-19	178	0	0	9	-105	-444	-366
44	0	379	-19	178	0	0	9	-105	-444	-363
44	0	379	-19	178	0	0	9	-105	-445	-359
44	0	376	-80	266	0	0	4	-105	-445	-355
44	0	378	-99	315	0	0	2	-105	-447	-349
44	0	378	-99	315	0	0	2	-105	-449	-341
44	0	378	-99	315	0	0	2	-105	-451	-334
44	0	378	-99	315	0	0	2	-105	-453	-328
44	0	377	-78	318	0	-1	0	-105	-456	-321
44	0	377	-78	318	0	-1	0	-105	-457	-315
44	0	377	-78	318	0	-1	0	-105	-459	-308
44	0	377	-78	318	0	-1	0	-105	-461	-299
44	0	377	-78	318	0	-1	0	-105	-463	-292
44	0	369	6	280	0	-6	0	-105	-464	-286
44	0	369	6	280	0	-6	0	-105	-464	-280
44	0	369	6	280	0	-6	0	-105	-464	-274
44	0	366	77	278	0	-8	0	-105	-464	-268
44	0	366	77	278	0	-8	0	-105	-461	-258
44	0	366	77	278	0	-8	0	-105	-460	-252
44	0	360	164	288	0	-9	0	-105	-458	-246
44	0	360	164	288	0	-9	0	-105	-454	-240
44	0	360	164	288	0	-9	0	-105	-451	-234
44	0	360	164	288	0	-9	0	-105	-447	-228
44	0	360	164	288	0	-9	0	-105	-444	-221
44	0	353	325	335	0	-3	-1	-105	-438	-211
44	0	353	325	335	0	-3	-1	-105	-431	-204
44	0	353	325	335	0	-3	-1	-105	-425	-197
44	0	356	383	329	0	0	-2	-106	-418	-190
44	0	356	383	329	0	0	-2	-106	-410	-183
44	0	356	383	329	0	0	-2	-106	-402	-176
44	0	356	383	329	0	0	-2	-106	-391	-167
44	0	356	383	329	0	0	-2	-106	-383	-160
44	0	356	383	329	0	0	-2	-106	-375	-154
44	0	361	338	234	0	2	-5	-106	-367	-146
44	0	361	338	234	0	2	-5	-106	-357	-140
44	0	361	338	234	0	2	-5	-106	-350	-135
44	0	365	324	164	0	2	-7	-106	-340	-128
44	0	365	324	164	0	2	-7	-106	-333	-124
44	0	365	324	164	0	2	-7	-106	-326	-121
44	0	367	323	65	0	3	-6	-105	-320	-117
44	0	367	323	65	0	3	-6	-105	-313	-116
44	0	367	323	65	0	3	-6	-105	-306	-115
44	0	367	323	65	0	3	-6	-105	-296	-113
44	0	359	291	5	0	4	-5	-105	-287	-111
44	0	360	244	-52	0	4	-4	-105	-281	-111
44	0	360	244	-52	0	4	-4	-105	-276	-112
44	0	360	244	-52	0	4	-4	-105	-271	-113
44	0	363	201	-119	0	3	-3	-105	-266	-114
44	0	363	201	-119	0	3	-3	-105	-260	-118
44	0	363	201	-119	0	3	-3	-105	-256	-120
44	0	363	201	-119	0	3	-3	-105	-252	-122
44	0	363	201	-119	0	3	-3	-105	-248	-125
44	0	359	152	-149	0	3	-1	-105	-243	-128
44	0	359	112	-160	0	2	0	-104	-239	-132
44	0	359	112	-160	0	2	0	-104	-237	-135
44	0	359	112	-160	0	2	0	-104	-234	-139
44	0	361	92	-143	0	2	1	-104	-232	-142
44	0	361	92	-143	0	2	1	-104	-230	-145
44	0	361	92	-143	0	2	1	-104	-227	-149
44	0	361	92	-143	0	2	1	-104	-226	-152
44	0	361	92	-143	0	2	1	-104	-224	-155
44	0	361	92	-143	0	2	1	-104	-222	-158
44	0	366	6	-72	0	1	4	-104	-220	-161
44	0	366	6	-72	0	1	4	-104	-220	-162
44	0	366	6	-72	0	1	4	-104	-220	-164
44	0	370	-12	-33	0	0	3	-104	-219	-166
44	0	370	-12	-33	0	0	3	-104	-220	-167
44	0	370	-12	-33	0	0	3	-104	-220	-167
44	0	370	-12	-33	0	0	3	-104	-220	-168
44	0	370	-12	-33	0	0	3	-104	-221	-169
44	0	370	-12	-33	0	0	3	-104	-221	-169
44	0	376	-25	12	0	0	2	-104	-221	-171
44	0	376	-25	12	0	0	2	-104	-222	-170
44	0	376	-25	12	0	0	2	-104	-222	-170
44	0	380	-19	37	0	0	1	-104	-223	-170
44	0	380	-19	37	0	0	1	-104	-223	-169
44	0	381	-22	44	0	0	0	-104	-224	-168
44	0	381	-22	44	0	0	0	-104	-224	-167
44	0	381	-22	44	0	0	0	-104	-225	-166
44	0	384	-14	58	0	-1	0	-104	-225	-165
44	0	384	-14	58	0	-1	0	-104	-225	-164
44	0	384	-14	58	0	-1	0	-104	-226	-163
44	0	386	0	57	0	0	0	-104	-226	-162
44	0	386	0	57	0	0	0	-104	-226	-160
44	0	386	0	57	0	0	0	-104	-226	-159
44	0	390	28	79	0	0	0	-104	-226	-158
44	0	390	28	79	0	0	0	-104	-225	-156
44	0	390	28	79	0	0	0	-104	-225	-154
44	0	392	14	63	0	0	-1	-104	-224	-152
44	0	392	14	63	0	0	-1	-104	-224	-150
44	0	392	14	63	0	0	-1	-104	-223	-149
44	0	392	14	63	0	0	-1	-104	-223	-148
44	0	392	14	63	0	0	-1	-104	-223	-147
44	0	392	14	63	0	0	-1	-104	-222	-145
44	0	398	23	30	0	0	-1	-104	-222	-144
44	0	398	23	30	0	0	-1	-104	-222	-143
44	0	398	23	30	0	0	-1	-104	-221	-142
44	0	400	27	24	0	0	0	-103	-220	-142
44	0	400	27	24	0	0	0	-103	-220	-141
44	0	400	27	24	0	0	0	-103	-219	-141
44	0	400	27	24	0	0	0	-103	-219	-140
44	0	400	27	24	0	0	0	-103	-218	-140
44	0	403	7	32	0	0	-3	-103	-217	-139
44	0	403	7	32	0	0	-3	-103	-217	-138
44	0	403	7	32	0	0	-3	-103	-217	-137
44	0	403	7	32	0	0	-3	-103	-217	-137
44	0	401	16	-53	0	0	-3	-103	-217	-136
44	0	401	16	-53	0	0	-3	-103	-216	-138
44	0	382	81	-73	0	0	-1	-103	-216	-139
44	0	382	81	-73	0	0	-1	-103	-214	-140
44	0	382	81	-73	0	0	-1	-103	-212	-142
44	0	358	203	-36	0	0	0	-103	-211	-143
44	0	358	203	-36	0	0	0	-103	-204	-145
44	0	358	203	-36	0	0	0	-103	-200	-145
44	0	324	276	61	0	0	1	-103	-196	-146
44	0	324	276	61	0	0	1	-103	-190	-145
44	0	324	276	61	0	0	1	-103	-184	-144
44	0	324	276	61	0	0	1	-103	-178	-142
44	0	294	266	158	0	0	0	-103	-171	-141
44	0	294	266	158	0	0	0	-103	-164	-136
44	0	259	228	116	0	0	0	-103	-158	-133
44	0	259	228	116	0	0	0	-103	-154	-131
44	0	259	228	116	0	0	0	-103	-149	-128
44	0	259	228	116	0	0	0	-103	-144	-126
44	0	259	228	116	0	0	0	-103	-139	-123
44	0	214	190	41	0	1	-1	-103	-133	-120
44	0	174	43	1	0	2	0	-102	-129	-119
44	0	174	43	1	0	2	0	-102	-128	-119
44	0	174	43	1	0	2	0	-102	-127	-119
44	0	126	-71	-43	0	2	0	-102	-126	-119
44	0	126	-71	-43	0	2	0	-102	-128	-120
44	0	88	-139	-56	0	2	0	-102	-130	-121
44	0	88	-139	-56	0	2	0	-102	-133	-123
44	0	88	-139	-56	0	2	0	-102	-136	-124
44	0	61	-230	-29	0	1	-1	-102	-139	-125
44	0	61	-230	-29	0	1	-1	-102	-144	-126
44	0	61	-230	-29	0	1	-1	-102	-150	-126
44	0	28	-250	-25	0	1	-4	-102	-155	-127
44	0	28	-250	-25	0	1	-4	-102	-160	-128
44	0	28	-250	-25	0	1	-4	-102	-166	-128
44	0	28	-250	-25	0	1	-4	-102	-171	-129
44	0	28	-250	-25	0	1	-4	-102	-176	-129
44	0	28	-250	-25	0	1	-4	-102	-184	-130
44	0	28	-250	-25	0	1	-4	-102	-189	-130
44	0	4294967219	-271	-149	0	-1	-2	-102	-194	-131
44	0	4294967219	-271	-149	0	-1	-2	-102	-200	-134
44	0	0	0	0	0	0	0	-102	-206	-137
44	0	0	0	0	0	0	0	-102	-206	-137
44	0	0	0	0	0	0	0	-102	-206	-137
44	0	0	0	0	0	0	0	-102	-206	-137
44	0	0	0	0	0	0	0	-102	-206	-137
44	0	0	0	0	0	0	0	-102	-206	-137
44	0	0	0	0	0	0	0	-102	-206	-137
44	0	0	0	0	0	0	0	-102	-206	-137
44	0	0	0	0	0	0	0	-102	-206	-137
44	0	0	0	0	0	0	0	-102	-206	-137
44	0	0	0	0	0	0	0	-102	-206	-137
44	0	0	0	0	0	0	0	-102	-206	-137
44	0	0	0	0	0	0	0	-102	-206	-137
44	0	0	0	0	0	0	0	-102	-206	-137
44	0	0	0	0	0	0	0	-102	-206	-137
44	0	0	0	0	0	0	0	-102	-206	-137
44	0	0	0	0	0	0	0	-102	-206	-137
44	0	0	0	0	0	0	0	-102	-206	-137
44	0	0	0	0	0	0	0	-102	-206	-137
44	0	0	0	0	0	0	0	-102	-206	-137
44	0	0	0	0	0	0	0	-102	-206	-137
44	0	0	0	0	0	0	0	-102	-206	-137
44	0	0	0	0	0	0	0	-102	-206	-137
44	0	0	0	0	0	0	0	-102	-206	-137
44	0	0	0	0	0	0	0	-102	-206	-137
44	0	0	0	0	0	0	0	-102	-206	-137
44	0	0	0	0	0	0	0	-102	-206	-137
44	0	0	0	0	0	0	0	-102	-206	-137
44	0	0	0	0	0	0	0	-102	-206	-137
44	0	0	0	0	0	0	0	-102	-206	-137
44	0	0	0	0	0	0	0	-102	-206	-137
44	0	0	0	0	0	0	0	-102	-206	-137
44	0	0	0	0	0	0	0	-102	-206	-137
44	0	0	0	0	0	0	0	-102	-206	-137
44	0	0	0	0	0	0	0	-102	-206	-137
44	0	0	0	0	0	0	0	-102	-206	-137
44	0	0	0	0	0	0	0	-102	-206	-137
44	0	0	0	0	0	0	0	-102	-206	-137
44	0	0	0	0	0	0	0	-102	-206	-137
44	0	0	0	0	0	0	0	-102	-206	-137
44	0	0	0	0	0	0	0	-102	-206	-137
44	0	0	0	0	0	0	0	-102	-206	-137
44	0	0	0	0	0	0	0	-102	-206	-137
44	0	0	0	0	0	0	0	-102	-206	-137
44	0	0	0	0	0	0	0	-102	-206	-137
44	0	0	0	0	0	0	0	-102	-206	-137
44	0	0	0	0	0	0	0	-102	-206	-137
44	0	0	0	0	0	0	0	-102	-206	-137
44	0	0	0	0	0	0	0	-102	-206	-137
44	0	0	0	0	0	0	0	-102	-206	-137
44	0	0	0	0	0	0	0	-102	-206	-137
44	0	0	0	0	0	0	0	-102	-206	-137
44	0	0	0	0	0	0	0	-102	-206	-137
44	0	0	0	0	0	0	0	-102	-206	-137
44	0	0	0	0	0	0	0	-102	-206	-137
44	0	0	0	0	0	0	0	-102	-206	-137
44	0	0	0	0	0	0	0	-102	-206	-137
44	0	0	0	0	0	0	0	-102	-206	-137
44	0	0	0	0	0	0	0	-102	-206	-137
44	0	0	0	0	0	0	0	-102	-206	-137
44	0	0	0	0	0	0	0	-102	-206	-137
44	0	0	0	0	0	0	0	-102	-206	-137
44	0	0	0	0	0	0	0	-102	-206	-137
44	0	0	0	0	0	0	0	-102	-206	-137
44	0	0	0	0	0	0	0	-102	-206	-137
44	0	0	0	0	0	0	0	-102	-206	-137
44	0	0	0	0	0	0	0	-102	-206	-137
44	0	0	0	0	0	0	0	-102	-206	-137
44	0	0	0	0	0	0	0	-102	-206	-137
44	0	0	0	0	0	0	0	-102	-206	-137
