bat	flyst.	alt	vx	vy	vz	theta	phi	psi	px	py
0	0	0	0	0	0	0	0	0	0	0
0	0	0	0	0	0	0	0	0	0	0
0	0	0	0	0	0	0	0	0	0	0
0	0	0	0	0	0	0	0	0	0	0
0	0	0	0	0	0	0	0	0	0	0
0	0	0	0	0	0	0	0	0	0	0
0	0	0	0	0	0	0	0	0	0	0
0	0	0	0	0	0	0	0	0	0	0
0	0	0	0	0	0	0	0	0	0	0
0	0	0	0	0	0	0	0	0	0	0
0	0	0	0	0	0	0	0	0	0	0
0	0	0	0	0	0	0	0	0	0	0
0	0	0	0	0	0	0	0	0	0	0
0	0	0	0	0	0	0	0	0	0	0
0	0	0	0	0	0	0	0	0	0	0
0	0	0	0	0	0	0	0	0	0	0
0	0	0	0	0	0	0	0	0	0	0
0	0	0	0	0	0	0	0	0	0	0
0	0	0	0	0	0	0	0	0	0	0
0	0	0	0	0	0	0	0	0	0	0
0	0	0	0	0	0	0	0	0	0	0
0	0	0	0	0	0	0	0	0	0	0
0	0	0	0	0	0	0	0	0	0	0
0	0	0	0	0	0	0	0	0	0	0
0	0	0	0	0	0	0	0	0	0	0
0	0	0	0	0	0	0	0	0	0	0
0	0	0	0	0	0	0	0	0	0	0
0	0	0	0	0	0	0	0	0	0	0
0	0	0	0	0	0	0	0	0	0	0
0	0	0	0	0	0	0	0	0	0	0
0	0	0	0	0	0	0	0	0	0	0
0	0	0	0	0	0	0	0	0	0	0
0	0	0	0	0	0	0	0	0	0	0
0	0	0	0	0	0	0	0	0	0	0
0	0	0	0	0	0	0	0	0	0	0
0	0	0	0	0	0	0	0	0	0	0
0	0	0	0	0	0	0	0	0	0	0
0	0	0	0	0	0	0	0	0	0	0
0	0	0	0	0	0	0	0	0	0	0
0	0	0	0	0	0	0	0	0	0	0
0	0	0	0	0	0	0	0	0	0	0
0	0	0	0	0	0	0	0	0	0	0
0	0	0	0	0	0	0	0	0	0	0
0	0	0	0	0	0	0	0	0	0	0
0	0	0	0	0	0	0	0	0	0	0
0	0	0	0	0	0	0	0	0	0	0
0	0	0	0	0	0	0	0	0	0	0
0	0	0	0	0	0	0	0	0	0	0
0	0	0	0	0	0	0	0	0	0	0
0	0	0	0	0	0	0	0	0	0	0
0	0	0	0	0	0	0	0	0	0	0
0	0	0	0	0	0	0	0	0	0	0
0	0	0	0	0	0	0	0	0	0	0
0	0	0	0	0	0	0	0	0	0	0
0	0	0	0	0	0	0	0	0	0	0
0	0	0	0	0	0	0	0	0	0	0
0	0	0	0	0	0	0	0	0	0	0
0	0	0	0	0	0	0	0	0	0	0
0	0	0	0	0	0	0	0	0	0	0
0	0	0	0	0	0	0	0	0	0	0
0	0	0	0	0	0	0	0	0	0	0
0	0	0	0	0	0	0	0	0	0	0
0	0	0	0	0	0	0	0	0	0	0
0	0	0	0	0	0	0	0	0	0	0
0	0	0	0	0	0	0	0	0	0	0
0	0	0	0	0	0	0	0	0	0	0
0	0	0	0	0	0	0	0	0	0	0
0	0	0	0	0	0	0	0	0	0	0
0	0	0	0	0	0	0	0	0	0	0
0	0	0	0	0	0	0	0	0	0	0
0	0	0	0	0	0	0	0	84	0	0
99	0	0	0	0	0	1	0	84	0	0
99	0	0	0	0	0	1	0	84	0	0
99	0	0	0	0	0	1	0	84	0	0
99	0	0	0	0	0	1	0	84	0	0
99	0	0	0	0	0	1	0	84	0	0
99	0	0	0	0	0	1	0	84	0	0
99	0	0	0	0	0	1	0	84	0	0
99	0	0	0	0	0	1	0	84	0	0
99	0	0	0	0	0	1	0	84	0	0
99	0	0	0	0	0	1	0	84	0	0
99	0	0	0	0	0	1	0	84	0	0
99	0	0	0	0	0	1	0	84	0	0
99	0	0	0	0	0	1	0	84	0	0
99	0	0	0	0	0	1	0	84	0	0
99	0	0	0	0	0	1	0	84	0	0
99	0	0	0	0	0	1	0	84	0	0
99	0	0	0	0	0	1	0	84	0	0
99	0	0	0	0	0	1	0	84	0	0
99	0	0	0	0	0	1	0	84	0	0
99	0	0	0	0	0	1	0	84	0	0
99	0	0	0	0	0	1	0	84	0	0
99	0	0	0	0	0	1	0	84	0	0
99	0	0	0	0	0	1	0	84	0	0
99	0	0	0	0	0	1	0	84	0	0
99	0	0	0	0	0	1	0	84	0	0
99	0	0	0	0	0	1	0	84	0	0
98	0	0	0	0	0	1	0	84	0	0
98	0	0	0	0	0	1	0	84	0	0
98	0	0	0	0	0	1	0	84	0	0
98	0	0	0	0	0	1	0	84	0	0
98	0	0	0	0	0	1	0	84	0	0
98	0	0	0	0	0	1	0	84	0	0
98	0	0	0	0	0	1	0	84	0	0
98	0	0	0	0	0	1	0	84	0	0
98	0	0	0	0	0	1	0	84	0	0
98	0	0	0	0	0	1	0	84	0	0
98	0	0	0	0	0	1	0	84	0	0
98	0	0	0	0	0	1	0	84	0	0
98	0	0	0	0	0	1	0	84	0	0
98	0	0	0	0	0	1	0	84	0	0
98	0	0	0	0	0	1	0	84	0	0
98	0	0	0	0	0	1	0	84	0	0
98	0	0	0	0	0	1	0	84	0	0
98	0	0	0	0	0	1	0	84	0	0
98	0	0	0	0	0	1	0	84	0	0
98	0	0	0	0	0	1	0	84	0	0
98	0	0	0	0	0	1	0	84	0	0
98	0	0	0	0	0	1	0	84	0	0
98	0	0	0	0	0	1	0	84	0	0
98	0	0	0	0	0	1	0	84	0	0
98	0	0	0	0	0	1	0	84	0	0
98	0	0	0	0	0	1	0	84	0	0
98	0	0	0	0	0	1	0	84	0	0
98	0	0	0	0	0	1	0	84	0	0
98	0	0	0	0	0	1	0	84	0	0
98	0	0	0	0	0	1	0	84	0	0
98	0	0	0	0	0	1	0	84	0	0
98	0	0	0	0	0	1	0	84	0	0
98	0	0	0	0	0	1	0	84	0	0
98	0	0	0	0	0	1	0	84	0	0
98	0	0	0	0	0	1	0	84	0	0
98	0	0	0	0	0	1	0	84	0	0
98	0	0	0	0	0	1	0	84	0	0
98	0	0	0	0	0	1	0	84	0	0
98	0	0	0	0	0	1	0	84	0	0
98	0	0	0	0	0	1	0	84	0	0
98	0	0	0	0	0	1	0	84	0	0
98	0	0	0	0	0	1	0	84	0	0
98	0	0	0	0	0	1	0	84	0	0
98	0	0	0	0	0	1	0	84	0	0
98	0	0	0	0	0	1	0	84	0	0
98	0	0	0	0	0	1	0	84	0	0
98	0	0	0	0	0	1	0	84	0	0
98	0	0	0	0	0	1	0	84	0	0
98	0	0	0	0	0	1	0	84	0	0
98	0	0	0	0	0	1	0	84	0	0
98	0	0	0	0	0	1	0	84	0	0
98	0	0	0	0	0	1	0	84	0	0
98	0	0	0	0	0	1	0	84	0	0
98	0	0	0	0	0	1	0	84	0	0
98	0	0	0	0	0	1	0	84	0	0
98	0	0	0	0	0	1	0	84	0	0
98	0	0	0	0	0	1	0	84	0	0
98	0	0	0	0	0	1	0	84	0	0
98	0	0	0	0	0	1	0	84	0	0
98	0	0	0	0	0	1	0	84	0	0
98	0	0	0	0	0	1	0	84	0	0
98	0	0	0	0	0	1	0	84	0	0
98	0	0	0	0	0	1	0	84	0	0
98	0	0	0	0	0	1	0	84	0	0
98	0	0	0	0	0	1	0	84	0	0
98	0	0	0	0	0	1	0	84	0	0
98	0	0	0	0	0	1	0	84	0	0
98	0	0	0	0	0	1	0	84	0	0
98	0	0	0	0	0	1	0	84	0	0
98	0	0	0	0	0	1	0	84	0	0
98	0	0	0	0	0	1	0	84	0	0
98	0	0	0	0	0	1	0	84	0	0
98	0	0	0	0	0	1	0	84	0	0
98	0	0	0	0	0	1	0	84	0	0
98	0	0	0	0	0	1	0	84	0	0
98	0	0	0	0	0	1	0	84	0	0
98	0	0	0	0	0	1	0	84	0	0
98	0	0	0	0	0	1	0	84	0	0
98	0	0	0	0	0	1	0	84	0	0
98	0	0	0	0	0	1	0	84	0	0
98	0	0	0	0	0	1	0	84	0	0
98	0	0	0	0	0	1	0	84	0	0
98	0	0	0	0	0	1	0	84	0	0
98	0	0	0	0	0	1	0	84	0	0
98	0	0	0	0	0	1	0	84	0	0
98	0	0	0	0	0	1	0	84	0	0
98	0	0	0	0	0	1	0	84	0	0
98	0	0	0	0	0	1	0	84	0	0
98	0	0	0	0	0	1	0	84	0	0
98	0	0	0	0	0	1	0	84	0	0
98	0	0	0	0	0	1	0	84	0	0
99	0	0	0	0	0	1	0	84	0	0
99	0	0	0	0	0	1	0	84	0	0
99	0	0	0	0	0	1	0	84	0	0
99	0	0	0	0	0	1	0	84	0	0
99	0	0	0	0	0	1	0	84	0	0
99	0	0	0	0	0	1	0	84	0	0
99	0	0	0	0	0	1	0	84	0	0
99	0	0	0	0	0	1	0	84	0	0
99	0	0	0	0	0	1	0	84	0	0
99	0	0	0	0	0	1	0	84	0	0
99	0	0	0	0	0	1	0	84	0	0
99	0	0	0	0	0	1	0	84	0	0
99	0	0	0	0	0	1	0	84	0	0
99	0	0	0	0	0	1	0	84	0	0
99	0	0	0	0	0	1	0	84	0	0
99	0	0	0	0	0	1	0	84	0	0
99	0	0	0	0	0	1	0	84	0	0
99	0	0	0	0	0	1	0	84	0	0
99	0	0	0	0	0	1	0	84	0	0
99	0	0	0	0	0	1	0	84	0	0
99	0	0	0	0	0	1	0	84	0	0
99	0	0	0	0	0	1	0	84	0	0
99	0	0	0	0	0	1	0	84	0	0
99	0	0	0	0	0	1	0	84	0	0
99	0	0	0	0	0	1	0	84	0	0
99	0	0	0	0	0	1	0	84	0	0
99	0	0	0	0	0	1	0	84	0	0
99	0	0	0	0	0	1	0	84	0	0
99	0	0	0	0	0	1	0	84	0	0
99	0	0	0	0	0	1	0	84	0	0
99	0	0	0	0	0	1	0	84	0	0
99	0	0	0	0	0	1	0	84	0	0
99	0	0	0	0	0	1	0	84	0	0
99	0	0	0	0	0	1	0	84	0	0
99	0	0	0	0	0	1	0	84	0	0
99	0	0	0	0	0	1	0	84	0	0
99	0	0	0	0	0	1	0	84	0	0
99	0	0	0	0	0	1	0	84	0	0
99	0	0	0	0	0	1	0	84	0	0
99	0	0	0	0	0	1	0	84	0	0
99	0	0	0	0	0	1	0	84	0	0
99	0	0	0	0	0	1	0	84	0	0
99	0	0	0	0	0	1	0	84	0	0
99	0	0	0	0	0	1	0	84	0	0
99	0	0	0	0	0	1	0	84	0	0
99	0	0	0	0	0	1	0	84	0	0
99	0	0	0	0	0	1	0	84	0	0
99	0	0	0	0	0	1	0	84	0	0
99	0	0	0	0	0	1	0	84	0	0
99	0	0	0	0	0	1	0	84	0	0
99	0	0	0	0	0	1	0	84	0	0
99	0	0	0	0	0	1	0	84	0	0
99	0	0	0	0	0	1	0	84	0	0
99	0	0	0	0	0	1	0	84	0	0
99	0	0	0	0	0	1	0	84	0	0
99	0	0	0	0	0	1	0	84	0	0
99	0	0	0	0	0	1	0	84	0	0
99	0	0	0	0	0	1	0	84	0	0
99	0	0	0	0	0	1	0	84	0	0
99	0	0	0	0	0	1	0	84	0	0
99	0	0	0	0	0	1	0	84	0	0
99	0	0	0	0	0	1	0	84	0	0
99	0	0	0	0	0	1	0	84	0	0
99	0	0	0	0	0	1	0	84	0	0
99	0	0	0	0	0	1	0	84	0	0
99	0	0	0	0	0	1	0	84	0	0
99	0	0	0	0	0	1	0	84	0	0
99	0	0	0	0	0	1	0	84	0	0
99	0	0	0	0	0	1	0	84	0	0
99	0	0	0	0	0	1	0	84	0	0
99	0	0	0	0	0	1	0	84	0	0
99	0	0	0	0	0	1	0	84	0	0
99	0	0	0	0	0	1	0	84	0	0
99	0	0	0	0	0	1	0	84	0	0
99	0	0	0	0	0	1	0	84	0	0
99	0	0	0	0	0	1	0	84	0	0
99	0	0	0	0	0	1	0	84	0	0
99	0	0	0	0	0	1	0	84	0	0
99	0	0	0	0	0	1	0	84	0	0
99	0	0	0	0	0	1	0	84	0	0
99	0	0	0	0	0	1	0	84	0	0
99	0	0	0	0	0	1	0	84	0	0
99	0	0	0	0	0	1	0	84	0	0
99	0	0	0	0	0	1	0	84	0	0
99	0	0	0	0	0	1	0	84	0	0
99	0	0	0	0	0	1	0	84	0	0
99	0	0	0	0	0	1	0	84	0	0
99	0	0	0	0	0	1	0	84	0	0
99	0	0	0	0	0	1	0	84	0	0
99	0	0	0	0	0	1	0	84	0	0
99	0	0	0	0	0	1	0	84	0	0
99	0	0	0	0	0	1	0	84	0	0
99	0	0	0	0	0	1	0	84	0	0
99	0	0	0	0	0	1	0	84	0	0
99	0	0	0	0	0	1	0	84	0	0
99	0	0	0	0	0	1	0	84	0	0
99	0	0	0	0	0	1	0	84	0	0
99	0	0	0	0	0	1	0	84	0	0
99	0	0	0	0	0	1	0	84	0	0
99	0	0	0	0	0	1	0	84	0	0
99	0	0	0	0	0	1	0	84	0	0
99	0	0	0	0	0	1	0	84	0	0
99	0	0	0	0	0	1	0	84	0	0
99	0	0	0	0	0	1	0	84	0	0
99	0	0	0	0	0	1	0	84	0	0
99	0	0	0	0	0	1	0	84	0	0
99	0	0	0	0	0	1	0	84	0	0
99	0	0	0	0	0	1	0	84	0	0
99	0	0	0	0	0	1	0	84	0	0
99	0	0	0	0	0	1	0	84	0	0
99	0	0	0	0	0	1	0	84	0	0
99	0	0	0	0	0	1	0	84	0	0
99	0	0	0	0	0	1	0	84	0	0
99	0	0	0	0	0	1	0	84	0	0
99	0	0	0	0	0	1	0	84	0	0
99	0	0	0	0	0	1	0	84	0	0
0	0	0	0	0	0	0	0	0	0	0
0	0	0	0	0	0	0	0	0	0	0
0	0	0	0	0	0	0	0	0	0	0
0	0	0	0	0	0	0	0	0	0	0
99	0	0	1	0	0	0	0	84	0	0
99	0	0	1	0	0	0	0	84	0	0
99	0	0	1	0	0	0	0	84	0	0
99	0	0	0	0	0	0	0	84	0	0
99	0	0	0	0	0	0	0	84	0	0
99	0	0	0	0	0	0	0	84	0	0
99	0	0	0	0	0	0	0	84	0	0
99	0	0	0	0	0	0	0	84	0	0
99	0	0	0	0	0	0	0	84	0	0
99	0	0	0	0	0	0	0	84	0	0
99	0	0	0	0	0	0	0	84	0	0
99	0	0	0	0	0	0	0	84	0	0
99	0	0	0	0	0	0	0	84	0	0
99	0	0	0	0	0	0	0	84	0	0
99	0	0	0	0	0	0	0	84	0	0
99	0	0	0	0	0	0	0	84	0	0
99	0	0	0	0	0	0	0	84	0	0
100	0	0	0	0	0	0	0	84	0	0
100	0	0	0	0	0	0	0	84	0	0
100	0	0	0	0	0	0	0	84	0	0
100	0	0	0	0	0	0	0	84	0	0
100	0	0	0	0	0	0	0	84	0	0
100	0	0	0	0	0	0	0	84	0	0
100	0	0	0	0	0	0	0	84	0	0
100	0	0	0	0	0	0	0	84	0	0
100	0	0	0	0	0	0	0	84	0	0
100	0	0	0	0	0	0	0	85	0	0
100	0	0	0	0	0	0	0	85	0	0
100	0	0	0	0	0	0	0	85	0	0
100	0	0	0	0	0	0	0	85	0	0
100	0	0	0	0	0	0	0	85	0	0
100	0	0	0	0	0	0	0	85	0	0
100	0	0	0	0	0	0	0	85	0	0
100	0	0	0	0	0	0	0	85	0	0
100	0	0	0	0	0	0	0	85	0	0
100	0	0	0	0	0	0	0	85	0	0
100	0	0	0	0	0	0	0	85	0	0
100	0	0	0	0	0	0	0	85	0	0
100	0	0	0	0	0	0	0	85	0	0
100	0	0	0	0	0	0	0	85	0	0
100	0	0	0	0	0	0	0	85	0	0
100	0	0	0	0	0	0	0	85	0	0
100	0	0	0	0	0	0	0	85	0	0
100	0	0	0	0	0	0	0	85	0	0
100	0	0	0	0	0	0	0	85	0	0
100	0	0	0	0	0	0	0	85	0	0
100	0	0	0	0	0	0	0	85	0	0
100	0	0	0	0	0	0	0	85	0	0
100	0	0	0	0	0	0	0	85	0	0
100	0	0	0	0	0	0	0	85	0	0
100	0	0	0	0	0	0	0	85	0	0
100	0	0	0	0	0	0	0	85	0	0
100	0	0	1	0	0	0	0	85	0	0
100	0	0	1	0	0	0	0	85	0	0
100	0	0	1	0	0	0	0	85	0	0
100	0	0	0	0	0	0	0	85	0	0
100	0	0	0	0	0	0	0	85	0	0
100	0	0	0	0	0	0	0	85	0	0
100	0	0	0	0	0	0	0	85	0	0
100	0	0	0	0	0	0	0	85	0	0
100	0	0	0	0	0	0	0	85	0	0
100	0	0	1	-1	0	0	0	85	0	0
100	0	0	1	-1	0	0	0	85	0	0
100	0	0	1	-1	0	0	0	85	0	0
100	0	0	0	0	0	0	0	85	0	0
100	0	0	0	0	0	0	0	85	0	0
100	0	0	0	0	0	0	0	85	0	0
100	0	0	0	0	0	0	0	85	0	0
100	0	0	0	0	0	0	0	85	0	0
100	0	0	0	0	0	0	0	85	0	0
100	0	0	0	0	0	0	0	85	0	0
100	0	0	0	0	0	0	0	85	0	0
100	0	0	0	0	0	0	0	85	0	0
100	0	0	0	0	0	0	0	85	0	0
100	0	0	0	0	0	0	0	85	0	0
100	0	0	0	0	0	0	0	85	0	0
100	0	0	0	0	0	0	0	85	0	0
100	0	0	0	0	0	0	0	85	0	0
100	0	0	0	0	0	0	0	85	0	0
100	0	0	0	-1	0	0	0	85	0	0
100	0	0	0	-1	0	0	0	85	0	0
100	0	0	0	0	0	0	0	85	0	0
100	0	0	0	0	0	0	0	85	0	0
100	0	0	0	0	0	0	0	85	0	0
100	0	0	0	-1	0	0	0	85	0	0
100	0	0	0	-1	0	0	0	85	0	0
100	0	0	0	-1	0	0	0	85	0	0
100	0	0	-1	0	0	0	0	85	0	0
100	0	0	-1	0	0	0	0	85	0	0
100	0	0	-1	0	0	0	0	85	0	0
100	0	0	0	0	0	0	0	85	0	0
100	0	0	0	0	0	0	0	85	0	0
100	0	0	0	0	0	0	0	85	0	0
100	0	0	2	-2	0	0	0	85	0	0
100	0	0	2	-2	0	0	0	85	0	0
100	0	0	2	-2	0	0	0	85	0	0
100	0	0	0	0	0	0	0	85	0	0
100	0	0	0	0	0	0	0	85	0	0
100	0	0	0	0	0	0	0	85	0	0
100	0	0	0	0	0	0	0	85	0	0
100	0	0	0	0	0	0	0	85	0	0
100	0	0	0	0	0	0	0	85	0	0
100	0	0	0	-2	0	0	0	85	0	0
100	0	0	0	-2	0	0	0	85	0	0
100	0	0	0	-2	0	0	0	85	0	0
100	0	0	0	0	0	0	0	84	0	0
100	0	0	0	0	0	0	0	84	0	0
100	0	0	0	0	0	0	0	84	0	0
100	0	0	-1	0	0	0	0	84	0	0
100	0	0	-1	0	0	0	0	84	0	0
100	0	0	-1	0	0	0	0	84	0	0
100	0	0	0	4	0	0	0	84	0	0
100	0	0	0	4	0	0	0	84	0	0
100	0	0	0	4	0	0	0	84	0	0
100	0	0	-1	0	0	0	0	84	0	0
100	0	0	-1	0	0	0	0	84	0	0
100	0	0	-1	0	0	0	0	84	0	0
100	0	0	-2	-2	0	0	0	84	0	0
100	0	0	-2	-2	0	0	0	84	0	0
100	0	0	-1	0	0	0	0	85	0	0
100	0	0	-1	0	0	0	0	85	0	0
100	0	0	-1	0	0	0	0	85	0	0
100	0	0	-1	0	0	0	0	85	0	0
100	0	0	-1	0	0	0	0	85	0	0
100	0	0	-1	0	0	0	0	85	0	0
100	0	0	0	5	0	0	1	85	0	0
100	0	0	0	5	0	0	1	85	0	0
100	0	0	0	5	0	0	1	85	0	0
100	0	0	0	5	0	0	1	85	0	0
100	0	0	0	16	0	0	2	85	0	0
100	0	0	0	16	0	0	2	85	0	0
100	0	0	3	21	0	-1	2	85	0	0
100	0	0	3	21	0	-1	2	85	0	1
100	0	0	3	21	0	-1	2	85	0	1
100	0	0	6	18	0	-1	2	85	0	2
100	0	0	6	18	0	-1	2	85	0	2
100	0	0	6	18	0	-1	2	85	0	3
100	0	0	7	21	0	-1	2	85	0	3
100	0	0	7	21	0	-1	2	85	1	4
100	0	0	7	21	0	-1	2	85	1	4
100	0	0	13	17	0	-1	2	85	1	4
100	0	0	13	17	0	-1	2	85	1	5
100	0	0	13	17	0	-1	2	85	2	5
100	0	0	9	12	0	0	1	85	2	6
100	0	0	9	12	0	0	1	85	2	6
100	0	0	9	12	0	0	1	85	2	6
100	0	0	3	5	0	0	0	85	3	6
100	0	0	3	5	0	0	0	85	3	7
100	0	0	3	5	0	0	0	85	3	7
100	0	0	-2	-4	0	0	-1	85	3	7
100	0	0	-2	-4	0	0	-1	85	3	7
100	0	0	-2	-4	0	0	-1	85	3	7
100	0	0	-4	-22	0	0	-3	85	3	7
100	0	0	-4	-22	0	0	-3	85	2	6
100	0	0	-4	-22	0	0	-3	85	2	6
97	0	0	-4	-43	0	0	-5	85	2	5
97	0	0	-4	-43	0	0	-5	85	2	4
97	0	0	-4	-43	0	0	-5	85	2	3
97	0	0	-6	-42	0	1	-4	85	2	2
97	0	0	-6	-42	0	1	-4	85	2	1
97	0	0	-6	-42	0	1	-4	85	2	0
97	0	0	-6	-26	0	1	-2	85	2	0
97	0	0	-6	-26	0	1	-2	85	1	0
97	0	0	-8	-6	0	1	0	85	1	-1
97	0	0	-8	-6	0	1	0	85	1	-1
97	0	0	-8	-6	0	1	0	85	1	-1
97	0	0	-8	-6	0	1	0	85	1	-1
97	0	0	-9	11	0	1	2	85	0	-2
97	0	0	-9	11	0	1	2	85	0	-1
97	0	0	-14	22	0	2	1	85	0	-1
97	0	0	-14	22	0	2	1	85	0	0
97	0	0	-14	22	0	2	1	85	0	0
97	0	0	-14	22	0	2	1	85	0	0
97	0	0	-17	11	0	2	1	40	0	0
97	0	0	-17	11	0	2	1	40	-1	0
97	0	248	-82	1	0	2	1	40	-1	0
97	0	248	-82	1	0	2	1	40	-3	1
97	0	248	-82	1	0	2	1	40	-4	1
97	0	248	-82	1	0	2	1	40	-6	1
97	0	257	-88	-35	0	2	1	40	-8	1
97	0	257	-88	-35	0	2	1	40	-10	0
97	0	267	-140	-42	0	3	1	40	-12	0
97	0	267	-140	-42	0	3	1	40	-15	-1
97	0	267	-140	-42	0	3	1	40	-18	-2
97	0	289	-246	-12	0	4	0	40	-21	-3
97	0	289	-246	-12	0	4	0	40	-26	-3
97	0	289	-246	-12	0	4	0	40	-33	-3
97	0	314	-283	-47	0	4	0	40	-38	-4
97	0	314	-283	-47	0	4	0	40	-44	-5
97	0	314	-283	-47	0	4	0	40	-50	-6
97	0	344	-312	-1	0	3	0	40	-56	-7
97	0	344	-312	-1	0	3	0	40	-65	-7
97	0	344	-312	-1	0	3	0	40	-71	-7
97	0	392	-315	38	0	2	2	40	-78	-7
97	0	392	-315	38	0	2	2	40	-85	-6
97	0	392	-315	38	0	2	2	40	-91	-5
97	0	428	-286	77	0	0	2	41	-100	-4
97	0	428	-286	77	0	0	2	41	-106	-3
97	0	428	-286	77	0	0	2	41	-111	-1
82	0	484	-243	97	0	0	2	41	-117	0
82	0	484	-243	97	0	0	2	41	-123	2
82	0	484	-243	97	0	0	2	41	-128	4
82	0	518	-196	93	0	-2	1	40	-133	6
82	0	518	-196	93	0	-2	1	40	-139	8
82	0	518	-196	93	0	-2	1	40	-142	10
82	0	547	-154	85	0	-3	0	40	-147	13
82	0	547	-154	85	0	-3	0	40	-150	14
82	0	547	-154	85	0	-3	0	40	-154	16
82	0	578	-117	69	0	-3	0	40	-157	18
82	0	578	-117	69	0	-3	0	40	-159	19
82	0	593	-103	21	0	-1	-3	40	-164	22
82	0	593	-103	21	0	-1	-3	40	-167	23
82	0	593	-103	21	0	-1	-3	40	-169	23
82	0	608	-95	-49	0	0	-6	40	-171	23
82	0	608	-95	-49	0	0	-6	40	-173	22
82	0	625	-85	-102	0	0	-4	40	-176	21
82	0	625	-85	-102	0	0	-4	40	-177	19
82	0	625	-85	-102	0	0	-4	40	-179	17
82	0	625	-85	-102	0	0	-4	40	-181	15
82	0	634	-73	-110	0	0	-1	40	-183	12
82	0	634	-73	-110	0	0	-1	40	-184	10
82	0	646	-62	-97	0	0	0	40	-186	7
82	0	646	-62	-97	0	0	0	40	-188	5
82	0	646	-62	-97	0	0	0	40	-189	3
82	0	646	-62	-97	0	0	0	40	-190	1
82	0	650	-50	-73	0	0	2	40	-192	0
82	0	650	-50	-73	0	0	2	40	-193	-2
82	0	653	-41	-44	0	0	2	40	-194	-4
82	0	653	-41	-44	0	0	2	40	-195	-5
82	0	653	-41	-44	0	0	2	40	-196	-6
82	0	658	-31	-13	0	0	2	40	-197	-7
82	0	658	-31	-13	0	0	2	40	-197	-7
82	0	658	-31	-13	0	0	2	40	-198	-7
82	0	660	-22	10	0	0	2	40	-199	-8
82	0	660	-22	10	0	0	2	40	-199	-8
82	0	660	-22	10	0	0	2	40	-200	-7
82	0	665	-13	26	0	0	1	40	-200	-7
82	0	665	-13	26	0	0	1	40	-201	-7
82	0	665	-13	26	0	0	1	40	-201	-6
82	0	670	-7	33	0	0	1	40	-201	-5
82	0	670	-7	33	0	0	1	40	-201	-5
82	0	670	-7	33	0	0	1	40	-202	-4
71	0	668	-3	35	0	0	0	40	-202	-3
71	0	668	-3	35	0	0	0	40	-202	-2
71	0	668	-3	35	0	0	0	40	-202	-1
71	0	669	0	36	0	0	0	40	-202	-1
71	0	669	0	36	0	0	0	40	-202	0
71	0	669	0	36	0	0	0	40	-202	0
71	0	669	2	28	0	0	-1	40	-202	1
71	0	669	2	28	0	0	-1	40	-202	2
71	0	671	0	-19	0	0	-4	40	-202	2
71	0	671	0	-19	0	0	-4	40	-202	2
71	0	671	0	-19	0	0	-4	40	-202	2
71	0	679	-2	-63	0	0	-3	40	-202	1
71	0	679	-2	-63	0	0	-3	40	-202	0
71	0	679	-2	-63	0	0	-3	40	-202	-1
71	0	684	-5	-84	0	0	-1	40	-202	-2
71	0	684	-5	-84	0	0	-1	40	-202	-4
71	0	684	-5	-84	0	0	-1	40	-202	-6
71	0	694	-9	-89	0	0	0	40	-202	-8
71	0	694	-9	-89	0	0	0	40	-203	-10
71	0	694	-9	-89	0	0	0	40	-203	-12
71	0	699	-14	-82	0	0	0	40	-203	-14
71	0	699	-14	-82	0	0	0	40	-203	-16
71	0	707	-18	-65	0	0	1	40	-204	-18
71	0	707	-18	-65	0	0	1	40	-204	-20
71	0	707	-18	-65	0	0	1	40	-204	-21
71	0	707	-18	-65	0	0	1	40	-205	-22
71	0	716	-22	-49	0	0	1	40	-205	-24
71	0	716	-22	-49	0	0	1	40	-206	-25
71	0	726	-25	-37	0	0	1	40	-206	-26
71	0	726	-25	-37	0	0	1	40	-207	-27
71	0	726	-25	-37	0	0	1	40	-207	-28
71	0	726	-25	-37	0	0	1	40	-208	-28
71	0	737	-28	-25	0	0	0	40	-208	-29
71	0	737	-28	-25	0	0	0	40	-209	-30
71	0	749	-31	-16	0	0	0	40	-210	-31
71	0	749	-31	-16	0	0	0	40	-211	-31
71	0	749	-31	-16	0	0	0	40	-212	-32
71	0	763	-35	-10	0	0	0	40	-212	-32
71	0	763	-35	-10	0	0	0	40	-213	-32
71	0	772	-38	-8	0	0	0	40	-214	-32
71	0	772	-38	-8	0	0	0	40	-215	-33
71	0	772	-38	-8	0	0	0	40	-216	-33
71	0	772	-38	-8	0	0	0	40	-217	-33
71	0	783	-39	-10	0	0	0	40	-217	-33
71	0	783	-39	-10	0	0	0	40	-218	-33
65	0	793	-35	-12	0	0	0	40	-219	-34
65	0	793	-35	-12	0	0	0	40	-220	-34
65	0	793	-35	-12	0	0	0	40	-221	-34
65	0	804	-31	-15	0	0	0	40	-222	-34
65	0	804	-31	-15	0	0	0	40	-222	-35
65	0	804	-31	-15	0	0	0	40	-223	-35
65	0	817	-29	-21	0	0	0	40	-224	-35
65	0	817	-29	-21	0	0	0	40	-224	-36
65	0	817	-29	-21	0	0	0	40	-225	-36
65	0	828	-23	-23	0	0	0	40	-226	-37
65	0	828	-23	-23	0	0	0	40	-226	-37
65	0	828	-23	-23	0	0	0	40	-227	-38
65	0	840	-15	-27	0	0	0	40	-227	-38
65	0	840	-15	-27	0	0	0	40	-228	-39
65	0	840	-15	-27	0	0	0	40	-228	-40
65	0	853	-9	-27	0	0	0	40	-228	-40
65	0	853	-9	-27	0	0	0	40	-229	-41
65	0	871	-6	-24	0	0	0	40	-229	-42
65	0	871	-6	-24	0	0	0	40	-229	-43
65	0	890	-2	-22	0	0	0	40	-229	-43
65	0	890	-2	-22	0	0	0	40	-229	-44
65	0	890	-2	-22	0	0	0	40	-229	-44
65	0	906	-4	-25	0	0	0	40	-229	-45
65	0	906	-4	-25	0	0	0	40	-229	-46
65	0	906	-4	-25	0	0	0	40	-230	-46
65	0	926	-2	-51	0	0	-2	40	-230	-47
65	0	926	-2	-51	0	0	-2	40	-230	-48
65	0	926	-2	-51	0	0	-2	40	-230	-49
65	0	943	0	-80	0	0	-2	40	-230	-50
65	0	943	0	-80	0	0	-2	40	-230	-53
65	0	963	0	-88	0	0	0	40	-230	-55
65	0	963	0	-88	0	0	0	40	-230	-57
65	0	963	0	-88	0	0	0	40	-230	-58
65	0	981	-3	-86	0	0	0	41	-230	-60
65	0	981	-3	-86	0	0	0	41	-230	-62
65	0	981	-3	-86	0	0	0	41	-230	-64
65	0	997	-6	-74	0	0	0	40	-230	-66
65	0	997	-6	-74	0	0	0	40	-230	-68
65	0	997	-6	-74	0	0	0	40	-230	-69
65	0	1009	-9	-59	0	0	1	40	-231	-71
65	0	1009	-9	-59	0	0	1	40	-231	-73
65	0	1009	-9	-59	0	0	1	40	-231	-74
60	0	1023	-8	-51	0	0	0	40	-231	-75
60	0	1023	-8	-51	0	0	0	40	-231	-76
60	0	1041	-8	-43	0	0	0	40	-232	-78
60	0	1041	-8	-43	0	0	0	40	-232	-79
60	0	1041	-8	-43	0	0	0	40	-232	-80
60	0	1058	-7	-34	0	0	0	40	-232	-81
60	0	1058	-7	-34	0	0	0	40	-233	-82
60	0	1072	-8	-39	0	0	0	40	-233	-83
60	0	1072	-8	-39	0	0	0	40	-233	-84
60	0	1072	-8	-39	0	0	0	40	-233	-85
60	0	1072	-8	-39	0	0	0	40	-233	-85
60	0	1086	-7	-44	0	0	0	40	-233	-86
60	0	1086	-7	-44	0	0	0	40	-234	-88
60	0	1102	-5	-46	0	0	0	40	-234	-88
60	0	1102	-5	-46	0	0	0	40	-234	-90
60	0	1102	-5	-46	0	0	0	40	-234	-90
60	0	1118	-5	-46	0	0	0	40	-234	-91
60	0	1118	-5	-46	0	0	0	40	-234	-93
60	0	1118	-5	-46	0	0	0	40	-234	-94
60	0	1134	-4	-43	0	0	0	40	-235	-95
60	0	1134	-4	-43	0	0	0	40	-235	-96
60	0	1134	-4	-43	0	0	0	40	-235	-97
60	0	1152	-3	-42	0	0	0	40	-235	-98
60	0	1152	-3	-42	0	0	0	40	-235	-99
60	0	1152	-3	-42	0	0	0	40	-235	-99
60	0	1170	-6	-35	0	0	0	40	-235	-100
60	0	1170	-6	-35	0	0	0	40	-235	-101
60	0	1170	-6	-35	0	0	0	40	-235	-102
60	0	1191	-10	-29	0	0	0	40	-236	-103
60	0	1191	-10	-29	0	0	0	40	-236	-104
60	0	1191	-10	-29	0	0	0	40	-236	-104
60	0	1213	-10	-28	0	0	0	40	-236	-105
60	0	1213	-10	-28	0	0	0	40	-236	-105
60	0	1213	-10	-28	0	0	0	40	-237	-106
60	0	1234	-12	-27	0	0	0	40	-237	-107
60	0	1234	-12	-27	0	0	0	40	-237	-107
60	0	1234	-12	-27	0	0	0	40	-238	-108
60	0	1253	-13	-25	0	0	0	40	-238	-109
60	0	1253	-13	-25	0	0	0	40	-238	-109
60	0	1253	-13	-25	0	0	0	40	-238	-110
60	0	1271	-14	-25	0	0	0	40	-239	-110
60	0	1271	-14	-25	0	0	0	40	-239	-111
60	0	1288	-16	-21	0	0	0	40	-239	-112
60	0	1288	-16	-21	0	0	0	40	-240	-112
60	0	1288	-16	-21	0	0	0	40	-240	-113
60	0	1288	-16	-21	0	0	0	40	-241	-113
57	0	1300	-16	-17	0	0	0	40	-241	-113
57	0	1300	-16	-17	0	0	0	40	-241	-114
57	0	1313	-19	-22	0	0	0	40	-242	-114
57	0	1313	-19	-22	0	0	0	40	-242	-115
57	0	1313	-19	-22	0	0	0	40	-243	-115
57	0	1323	-23	-49	0	0	-3	40	-243	-116
57	0	1323	-23	-49	0	0	-3	40	-244	-117
57	0	1323	-23	-49	0	0	-3	40	-244	-118
57	0	1334	-24	-103	0	0	-5	40	-245	-119
57	0	1334	-24	-103	0	0	-5	40	-245	-122
57	0	1334	-24	-103	0	0	-5	40	-246	-124
57	0	1343	-27	-181	0	0	-8	40	-246	-126
57	0	1343	-27	-181	0	0	-8	40	-247	-130
57	0	1343	-27	-181	0	0	-8	40	-247	-134
57	0	1348	-29	-270	0	0	-9	40	-248	-138
57	0	1348	-29	-270	0	0	-9	40	-249	-145
57	0	1357	-31	-374	0	0	-10	40	-250	-154
57	0	1357	-31	-374	0	0	-10	40	-251	-162
57	0	1361	-33	-465	0	0	-8	40	-251	-173
57	0	1361	-33	-465	0	0	-8	40	-252	-184
57	0	1361	-33	-465	0	0	-8	40	-253	-194
57	0	1361	-33	-465	0	0	-8	40	-254	-203
57	0	1368	-5	-513	0	0	-5	40	-254	-215
57	0	1368	-5	-513	0	0	-5	40	-255	-227
57	0	1375	42	-523	0	0	-3	40	-255	-240
57	0	1375	42	-523	0	0	-3	40	-254	-251
57	0	1375	42	-523	0	0	-3	40	-252	-270
57	0	1384	41	-523	0	0	-1	41	-251	-281
57	0	1384	41	-523	0	0	-1	41	-251	-292
57	0	1384	41	-523	0	0	-1	41	-250	-303
57	0	1395	40	-501	0	0	0	41	-249	-313
57	0	1395	40	-501	0	0	0	41	-248	-326
57	0	1404	36	-459	0	0	1	41	-247	-336
57	0	1404	36	-459	0	0	1	41	-245	-357
57	0	1416	31	-403	0	0	2	41	-244	-368
57	0	1416	31	-403	0	0	2	41	-244	-376
57	0	1416	31	-403	0	0	2	41	-243	-384
57	0	1416	31	-403	0	0	2	41	-243	-393
57	0	1420	26	-343	0	0	3	41	-242	-401
57	0	1420	26	-343	0	0	3	41	-241	-411
55	0	1425	60	-279	0	0	4	41	-241	-418
55	0	1425	60	-279	0	0	4	41	-239	-424
55	0	1425	60	-279	0	0	4	41	-238	-430
55	0	1428	125	-260	0	0	5	40	-236	-438
55	0	1428	125	-260	0	0	5	40	-233	-445
55	0	1428	125	-260	0	0	5	40	-229	-453
55	0	1435	171	-232	0	0	5	40	-227	-458
55	0	1435	171	-232	0	0	5	40	-223	-463
55	0	1435	171	-232	0	0	5	40	-219	-468
55	0	1438	176	-185	0	0	5	40	-216	-473
55	0	1438	176	-185	0	0	5	40	-211	-478
55	0	1438	194	-143	0	0	4	40	-206	-483
55	0	1438	194	-143	0	0	4	40	-202	-486
55	0	1438	194	-143	0	0	4	40	-197	-490
55	0	1442	119	-92	0	0	3	40	-193	-493
55	0	1442	119	-92	0	0	3	40	-190	-495
55	0	1449	87	-46	0	0	2	40	-187	-498
55	0	1449	87	-46	0	0	2	40	-184	-499
55	0	1449	87	-46	0	0	2	40	-183	-500
55	0	1450	77	-21	0	0	1	40	-180	-501
55	0	1450	77	-21	0	0	1	40	-179	-502
55	0	1450	77	-21	0	0	1	40	-177	-502
55	0	1453	70	-11	0	0	0	40	-175	-503
55	0	1453	70	-11	0	0	0	40	-173	-503
55	0	1453	70	-11	0	0	0	40	-172	-503
55	0	1460	60	-8	0	0	0	40	-170	-503
55	0	1460	60	-8	0	0	0	40	-169	-504
55	0	1460	60	-8	0	0	0	40	-167	-504
55	0	1472	55	-11	0	0	0	40	-166	-504
55	0	1472	55	-11	0	0	0	40	-165	-504
55	0	1481	49	-15	0	0	0	40	-163	-505
55	0	1481	49	-15	0	0	0	40	-161	-505
55	0	1481	49	-15	0	0	0	40	-160	-505
55	0	1487	43	-17	0	0	0	40	-159	-506
55	0	1499	42	-24	0	0	0	40	-158	-506
55	0	1499	42	-24	0	0	0	40	-156	-507
55	0	1499	42	-24	0	0	0	40	-155	-508
55	0	1511	37	-24	0	0	0	40	-154	-508
55	0	1511	37	-24	0	0	0	40	-153	-509
55	0	1511	37	-24	0	0	0	40	-152	-509
55	0	1521	34	-25	0	0	0	40	-152	-510
55	0	1521	34	-25	0	0	0	40	-151	-511
55	0	1521	34	-25	0	0	0	40	-150	-511
53	0	1533	31	-24	0	0	0	40	-149	-512
53	0	1533	31	-24	0	0	0	40	-148	-512
53	0	1533	31	-24	0	0	0	40	-148	-513
53	0	1548	29	-25	0	0	0	40	-147	-513
53	0	1548	29	-25	0	0	0	40	-146	-514
53	0	1548	29	-25	0	0	0	40	-146	-515
53	0	1563	30	-26	0	0	0	40	-145	-515
53	0	1563	30	-26	0	0	0	40	-145	-516
53	0	1563	30	-26	0	0	0	40	-144	-516
53	0	1581	32	-28	0	0	0	40	-143	-517
53	0	1581	32	-28	0	0	0	40	-142	-518
53	0	1581	32	-28	0	0	0	40	-142	-518
53	0	1581	32	-28	0	0	0	40	-141	-519
53	0	1581	32	-28	0	0	0	40	-140	-519
53	0	1581	32	-28	0	0	0	40	-140	-520
53	0	1628	40	-38	0	0	0	40	-139	-521
53	0	1628	40	-38	0	0	0	40	-138	-522
53	0	1628	40	-38	0	0	0	40	-137	-522
53	0	1650	42	-43	0	0	0	40	-136	-523
53	0	1650	42	-43	0	0	0	40	-135	-525
53	0	1650	42	-43	0	0	0	40	-134	-526
53	0	1675	42	-44	0	0	0	40	-133	-526
53	0	1675	42	-44	0	0	0	40	-132	-527
53	0	1701	40	-44	0	0	0	39	-131	-528
53	0	1701	40	-44	0	0	0	39	-130	-529
53	0	1701	40	-44	0	0	0	39	-129	-530
53	0	1732	41	-45	0	0	0	39	-128	-531
53	0	1732	41	-45	0	0	0	39	-128	-532
53	0	1732	41	-45	0	0	0	39	-127	-533
53	0	1762	34	-45	0	0	0	39	-126	-534
53	0	1762	34	-45	0	0	0	39	-125	-535
53	0	1762	34	-45	0	0	0	39	-124	-536
53	0	1790	23	-42	0	0	0	39	-124	-537
53	0	1790	23	-42	0	0	0	39	-123	-538
53	0	1790	23	-42	0	0	0	39	-123	-539
53	0	1816	11	-37	0	0	0	39	-122	-540
53	0	1816	11	-37	0	0	0	39	-122	-541
53	0	1816	11	-37	0	0	0	39	-122	-542
53	0	1837	0	-31	0	0	0	39	-121	-542
53	0	1837	0	-31	0	0	0	39	-121	-543
53	0	1837	0	-31	0	0	0	39	-121	-544
53	0	1855	-9	-28	0	0	0	39	-121	-545
53	0	1855	-9	-28	0	0	0	39	-122	-545
53	0	1855	-9	-28	0	0	0	39	-122	-546
53	0	1870	-14	-25	0	0	0	39	-122	-546
53	0	1870	-14	-25	0	0	0	39	-122	-547
53	0	1870	-14	-25	0	0	0	39	-123	-547
53	0	1885	-19	-25	0	0	0	39	-123	-548
53	0	1885	-19	-25	0	0	0	39	-123	-549
53	0	1885	-19	-25	0	0	0	39	-124	-549
53	0	1885	-19	-25	0	0	0	39	-124	-550
53	0	1895	-25	-25	0	0	0	39	-124	-550
53	0	1895	-25	-25	0	0	0	39	-125	-551
53	0	1905	-27	-25	0	0	0	39	-126	-551
53	0	1905	-27	-25	0	0	0	39	-126	-552
53	0	1905	-27	-25	0	0	0	39	-127	-552
53	0	1908	-26	-24	0	0	0	39	-127	-553
53	0	1908	-26	-24	0	0	0	39	-128	-553
53	0	1908	-26	-24	0	0	0	39	-129	-554
53	0	1910	-26	-22	0	0	0	39	-129	-555
53	0	1910	-26	-22	0	0	0	39	-130	-555
53	0	1910	-26	-22	0	0	0	39	-130	-555
53	0	1910	-23	-21	0	0	0	39	-131	-556
53	0	1910	-23	-21	0	0	0	39	-131	-556
53	0	1910	-23	-21	0	0	0	39	-132	-557
53	0	1908	-19	-20	0	0	0	39	-132	-557
53	0	1908	-19	-20	0	0	0	39	-133	-558
53	0	1908	-19	-20	0	0	0	39	-133	-558
53	0	1910	-21	-17	0	0	0	37	-134	-559
53	0	1910	-21	-17	0	0	0	37	-134	-559
53	0	1910	-21	-17	0	0	0	37	-134	-559
53	0	1919	-33	-8	0	1	1	34	-135	-560
53	0	1919	-33	-8	0	1	1	34	-136	-560
53	0	1919	-33	-8	0	1	1	34	-136	-560
53	0	1919	-33	-8	0	1	1	34	-137	-560
53	0	1920	-52	0	0	1	0	31	-138	-561
53	0	1920	-52	0	0	1	0	31	-139	-561
53	0	1915	-66	-3	0	1	0	27	-140	-561
53	0	1915	-66	-3	0	1	0	27	-141	-561
53	0	1915	-66	-3	0	1	0	27	-143	-561
53	0	1910	16	160	0	0	0	23	-145	-561
53	0	1910	16	160	0	0	0	23	-144	-557
53	0	1910	16	160	0	0	0	23	-144	-554
53	0	1904	117	374	0	0	0	19	-144	-550
53	0	1904	117	374	0	0	0	19	-141	-542
53	0	1904	117	374	0	0	0	19	-139	-534
53	0	1899	116	372	0	0	0	15	-136	-526
53	0	1899	116	372	0	0	0	15	-134	-518
53	0	1899	116	372	0	0	0	15	-130	-508
53	0	1892	158	373	0	0	0	11	-128	-500
53	0	1892	158	373	0	0	0	11	-125	-492
53	0	1892	158	373	0	0	0	11	-121	-485
52	0	1883	172	361	0	0	0	7	-118	-477
52	0	1883	172	361	0	0	0	7	-113	-467
52	0	1883	172	361	0	0	0	7	-110	-459
52	0	1879	189	333	0	0	0	3	-106	-452
52	0	1879	189	333	0	0	0	3	-102	-445
52	0	1879	189	333	0	0	0	3	-98	-438
52	0	1871	199	308	0	0	0	0	-94	-431
52	0	1871	199	308	0	0	0	0	-89	-423
52	0	1871	199	308	0	0	0	0	-85	-417
52	0	1871	211	302	0	0	0	-4	-80	-409
52	0	1871	211	302	0	0	0	-4	-76	-403
52	0	1871	211	302	0	0	0	-4	-71	-396
52	0	1868	222	308	0	0	0	-8	-67	-390
52	0	1868	222	308	0	0	0	-8	-60	-381
52	0	1868	222	308	0	0	0	-8	-56	-375
52	0	1863	240	288	0	0	1	-12	-51	-368
52	0	1863	240	288	0	0	1	-12	-46	-362
52	0	1863	240	288	0	0	1	-12	-41	-356
52	0	1871	251	289	0	0	1	-16	-36	-350
52	0	1871	251	289	0	0	1	-16	-31	-344
52	0	1866	278	309	0	0	1	-19	-25	-338
52	0	1866	278	309	0	0	1	-19	-18	-329
52	0	1866	278	309	0	0	1	-19	-12	-323
52	0	1866	278	309	0	0	1	-19	-6	-316
52	0	1859	290	300	0	0	1	-23	0	-310
52	0	1859	290	300	0	0	1	-23	5	-304
52	0	1857	313	300	0	0	1	-27	11	-297
52	0	1857	313	300	0	0	1	-27	19	-289
52	0	1857	313	300	0	0	1	-27	26	-283
52	0	1854	316	302	0	0	1	-31	33	-277
52	0	1854	316	302	0	0	1	-31	39	-270
52	0	1854	316	302	0	0	1	-31	46	-264
52	0	1851	343	283	0	0	1	-35	53	-257
52	0	1851	343	283	0	0	1	-35	62	-249
52	0	1851	343	283	0	0	1	-35	69	-244
52	0	1847	364	266	0	0	1	-39	77	-237
52	0	1847	364	266	0	0	1	-39	84	-232
52	0	1847	364	266	0	0	1	-39	92	-227
52	0	1851	375	250	0	0	1	-43	100	-220
52	0	1851	375	250	0	0	1	-43	108	-215
52	0	1851	375	250	0	0	1	-43	118	-208
52	0	1854	367	189	0	0	1	-47	126	-203
52	0	1854	367	189	0	0	1	-47	133	-199
52	0	1854	367	189	0	0	1	-47	141	-195
49	0	1855	445	228	0	0	1	-51	149	-191
49	0	1855	445	228	0	0	1	-51	162	-184
49	0	1855	445	228	0	0	1	-51	171	-180
49	0	1850	481	219	0	0	1	-55	180	-175
49	0	1850	481	219	0	0	1	-55	191	-170
49	0	1851	529	191	0	0	1	-59	201	-166
49	0	1851	529	191	0	0	1	-59	216	-160
49	0	1851	529	191	0	0	1	-59	227	-156
49	0	1851	529	191	0	0	1	-59	238	-152
49	0	1849	571	208	0	0	1	-63	249	-148
49	0	1849	571	208	0	0	1	-63	261	-144
49	0	1849	626	212	0	0	1	-67	273	-140
49	0	1849	626	212	0	0	1	-67	291	-134
49	0	1849	626	212	0	0	1	-67	304	-129
49	0	1849	626	212	0	0	1	-67	317	-125
49	0	1842	608	224	0	0	0	-71	330	-120
49	0	1842	608	224	0	0	0	-71	346	-114
49	0	1837	646	220	0	0	0	-75	359	-110
49	0	1837	646	220	0	0	0	-75	372	-105
49	0	1837	646	220	0	0	0	-75	386	-100
49	0	1839	632	208	0	0	0	-79	399	-96
49	0	1839	632	208	0	0	0	-79	418	-89
49	0	1839	632	208	0	0	0	-79	432	-85
49	0	1837	609	180	0	0	0	-83	445	-81
49	0	1837	609	180	0	0	0	-83	458	-77
49	0	1837	609	180	0	0	0	-83	471	-73
49	0	1845	605	347	0	0	0	-88	485	-69
49	0	1845	605	347	0	0	0	-88	503	-59
49	0	1845	545	382	0	0	0	-91	520	-49
49	0	1844	545	382	0	0	0	-91	532	-41
49	0	1844	545	382	0	0	0	-91	542	-33
49	0	1844	545	382	0	0	0	-91	554	-25
49	0	1843	482	412	0	1	0	-95	565	-17
49	0	1843	482	412	0	1	0	-95	575	-9
49	0	1841	418	434	0	1	0	-99	585	0
49	0	1841	418	434	0	1	0	-99	597	12
49	0	1841	418	434	0	1	0	-99	606	21
49	0	1841	418	434	0	1	0	-99	615	30
49	0	1844	351	450	0	1	0	-103	624	39
49	0	1844	351	450	0	1	0	-103	633	51
49	0	1851	285	458	0	1	0	-108	641	61
49	0	1851	285	458	0	1	0	-108	650	75
49	0	1851	285	458	0	1	0	-108	656	85
49	0	1848	221	462	0	1	0	-111	661	94
49	0	1848	221	462	0	1	0	-111	666	104
49	0	1848	221	462	0	1	0	-111	671	113
45	0	1853	155	459	0	1	0	-115	675	123
45	0	1853	155	459	0	1	0	-115	679	133
45	0	1853	155	459	0	1	0	-115	683	145
45	0	1855	88	451	0	1	0	-119	686	155
45	0	1855	88	451	0	1	0	-119	688	164
45	0	1855	88	451	0	1	0	-119	690	174
45	0	1856	21	439	0	1	0	-123	692	183
45	0	1856	21	439	0	1	0	-123	692	193
45	0	1856	21	439	0	1	0	-123	693	205
45	0	1851	-46	422	0	1	0	-127	693	214
45	0	1851	-46	422	0	1	0	-127	692	223
45	0	1851	-46	422	0	1	0	-127	691	232
45	0	1851	-114	397	0	2	0	-131	690	241
45	0	1851	-114	397	0	2	0	-131	687	253
45	0	1851	-114	397	0	2	0	-131	684	261
45	0	1852	-180	365	0	2	0	-135	682	270
45	0	1852	-180	365	0	2	0	-135	678	277
45	0	1850	-246	328	0	2	0	-139	673	287
45	0	1850	-246	328	0	2	0	-139	668	294
45	0	1850	-246	328	0	2	0	-139	663	301
45	0	1847	507	207	0	2	0	-143	658	308
45	0	1847	507	207	0	2	0	-143	668	312
45	0	1847	507	207	0	2	0	-143	679	317
45	0	1843	685	197	0	2	0	-147	694	323
45	0	1843	685	197	0	2	0	-147	708	327
45	0	1843	685	197	0	2	0	-147	722	331
45	0	1850	781	200	0	1	0	-151	737	335
45	0	1850	781	200	0	1	0	-151	753	339
45	0	1850	781	200	0	1	0	-151	770	344
45	0	1848	813	207	0	1	0	-154	792	349
45	0	1848	813	207	0	1	0	-154	809	354
45	0	1848	813	207	0	1	0	-154	826	358
45	0	1841	823	217	0	1	0	-158	843	362
45	0	1841	823	217	0	1	0	-158	860	367
45	0	1841	823	217	0	1	0	-158	878	372
45	0	1851	805	226	0	1	0	-162	904	378
45	0	1851	805	226	0	1	0	-162	921	383
45	0	1851	805	226	0	1	0	-162	937	388
45	0	1848	835	236	0	1	0	-166	954	393
45	0	1848	835	236	0	1	0	-166	972	398
45	0	1848	835	236	0	1	0	-166	990	403
45	0	1846	879	245	0	1	0	-170	1007	407
45	0	1846	879	245	0	1	0	-170	1033	415
45	0	1846	879	245	0	1	0	-170	1050	420
43	0	1846	851	264	0	1	0	-174	1068	425
43	0	1846	851	264	0	1	0	-174	1086	430
43	0	1843	826	277	0	1	0	-178	1104	436
43	0	1843	826	277	0	1	0	-178	1127	444
43	0	1843	826	277	0	1	0	-178	1143	449
43	0	1856	838	279	0	1	0	177	1161	455
43	0	1856	838	279	0	1	0	177	1179	461
43	0	1856	838	279	0	1	0	177	1195	466
43	0	1856	844	289	0	1	0	173	1214	473
43	0	1856	844	289	0	1	0	173	1231	478
43	0	1856	844	289	0	1	0	173	1254	486
43	0	1864	849	316	0	1	0	169	1271	492
43	0	1864	849	316	0	1	0	169	1289	499
43	0	1864	849	316	0	1	0	169	1307	506
43	0	1855	866	303	0	1	0	165	1325	512
43	0	1855	866	303	0	1	0	165	1349	521
43	0	1855	866	303	0	1	0	165	1366	527
43	0	1851	848	323	0	1	0	161	1384	533
43	0	1851	848	323	0	1	0	161	1402	540
43	0	1851	848	323	0	1	0	161	1419	546
43	0	1845	849	335	0	1	0	157	1437	553
43	0	1845	849	335	0	1	0	157	1464	564
43	0	1845	849	335	0	1	0	157	1481	570
43	0	1839	831	323	0	1	0	153	1498	577
43	0	1839	831	323	0	1	0	153	1516	584
43	0	1839	831	323	0	1	0	153	1533	591
43	0	1835	803	285	0	1	0	148	1551	598
43	0	1835	803	285	0	1	0	148	1574	606
43	0	1835	803	285	0	1	0	148	1591	612
43	0	1830	715	226	0	1	-1	144	1608	618
43	0	1830	715	226	0	1	-1	144	1623	623
43	0	1830	715	226	0	1	-1	144	1638	627
43	0	1826	693	238	0	1	-1	140	1658	634
43	0	1826	693	238	0	1	-1	140	1673	639
43	0	1826	693	238	0	1	-1	140	1687	644
43	0	1821	664	196	0	1	-1	136	1701	649
43	0	1821	664	196	0	1	-1	136	1714	653
43	0	1821	664	196	0	1	-1	136	1728	656
43	0	1817	604	210	0	1	-1	132	1741	661
43	0	1817	604	210	0	1	-1	132	1757	666
43	0	1817	604	210	0	1	-1	132	1770	670
43	0	1812	549	204	0	1	-2	130	1783	675
43	0	1812	549	204	0	1	-2	130	1794	679
43	0	1808	485	186	0	2	-2	128	1806	684
43	0	1808	485	186	0	2	-2	128	1821	690
43	0	1808	485	186	0	2	-2	128	1831	693
43	0	1808	485	186	0	2	-2	128	1842	697
41	0	1801	527	154	0	3	-2	126	1852	701
41	0	1801	527	154	0	3	-2	126	1863	704
41	0	1799	774	68	0	3	-3	125	1874	708
41	0	1799	774	68	0	3	-3	125	1896	710
41	0	1799	774	68	0	3	-3	125	1914	711
41	0	1799	830	5	0	3	-4	124	1931	713
41	0	1799	830	5	0	3	-4	124	1952	713
41	0	1799	830	5	0	3	-4	124	1970	713
41	0	1800	792	-129	0	2	-6	123	1988	713
41	0	1800	792	-129	0	2	-6	123	2009	710
41	0	1800	792	-129	0	2	-6	123	2026	707
41	0	1795	765	-248	0	1	-8	123	2042	704
41	0	1795	765	-248	0	1	-8	123	2058	699
41	0	1795	765	-248	0	1	-8	123	2074	694
41	0	1803	750	-392	0	1	-9	123	2090	689
41	0	1803	750	-392	0	1	-9	123	2106	680
41	0	1805	765	-511	0	0	-10	123	2123	672
41	0	1805	765	-511	0	0	-10	123	2148	655
41	0	1805	765	-511	0	0	-10	123	2163	645
41	0	1805	765	-511	0	0	-10	123	2179	634
41	0	1807	792	-660	0	0	-9	123	2195	623
41	0	1807	792	-660	0	0	-9	123	2212	609
41	0	1809	838	-729	0	1	-7	123	2234	592
41	0	1809	838	-729	0	1	-7	123	2251	576
41	0	1809	838	-729	0	1	-7	123	2270	560
41	0	1809	837	-746	0	1	-5	123	2287	545
41	0	1809	837	-746	0	1	-5	123	2305	529
41	0	1809	837	-746	0	1	-5	123	2329	508
41	0	1807	850	-787	0	2	-3	123	2346	493
41	0	1807	850	-787	0	2	-3	123	2364	476
41	0	1807	850	-787	0	2	-3	123	2382	459
41	0	1801	835	-825	0	2	0	123	2400	443
41	0	1801	835	-825	0	2	0	123	2417	426
41	0	1801	835	-825	0	2	0	123	2444	399
41	0	1788	856	-911	0	2	0	123	2461	382
41	0	1788	856	-911	0	2	0	123	2480	362
41	0	1788	856	-911	0	2	0	123	2497	343
41	0	1770	880	-938	0	2	2	123	2515	324
41	0	1770	880	-938	0	2	2	123	2540	298
41	0	1770	880	-938	0	2	2	123	2558	279
41	0	1748	751	-821	0	1	3	123	2576	260
41	0	1748	751	-821	0	1	3	123	2592	242
41	0	1748	751	-821	0	1	3	123	2609	224
41	0	1722	602	-680	0	1	4	123	2624	207
41	0	1722	602	-680	0	1	4	123	2640	189
41	0	1695	606	-682	0	1	4	123	2652	175
41	0	1695	606	-682	0	1	4	123	2667	158
41	0	1695	606	-682	0	1	4	123	2680	144
41	0	1695	606	-682	0	1	4	123	2692	130
41	0	1670	714	-856	0	1	5	123	2705	116
41	0	1670	714	-856	0	1	5	123	2724	93
41	0	1650	720	-819	0	2	7	123	2739	75
41	0	1650	720	-819	0	2	7	123	2754	58
41	0	1650	720	-819	0	2	7	123	2769	41
41	0	1631	704	-737	0	4	9	124	2785	23
41	0	1631	704	-737	0	4	9	124	2808	-1
41	0	1631	704	-737	0	4	9	124	2823	-16
41	0	1621	613	-638	0	5	10	124	2838	-32
41	0	1621	613	-638	0	5	10	124	2851	-46
41	0	1621	613	-638	0	5	10	124	2864	-59
41	0	1609	549	-573	0	5	9	124	2877	-72
41	0	1609	549	-573	0	5	9	124	2888	-84
41	0	1609	549	-573	0	5	9	124	2905	-101
41	0	1591	454	-502	0	5	8	124	2921	-118
41	0	1591	454	-502	0	5	8	124	2930	-129
41	0	1577	353	-456	0	4	6	123	2941	-140
41	0	1577	353	-456	0	4	6	123	2948	-150
41	0	1577	353	-456	0	4	6	123	2956	-159
41	0	1545	314	-442	0	3	5	123	2963	-169
41	0	1545	314	-442	0	3	5	123	2972	-182
41	0	1545	314	-442	0	3	5	123	2978	-190
41	0	1537	276	-391	0	2	3	123	2986	-201
41	0	1537	276	-391	0	2	3	123	2992	-209
41	0	1537	276	-391	0	2	3	123	2998	-218
41	0	1531	244	-382	0	1	3	123	3004	-227
41	0	1531	244	-382	0	1	3	123	3009	-234
41	0	1531	244	-382	0	1	3	123	3015	-244
41	0	1527	194	-322	0	0	3	122	3020	-252
41	0	1527	194	-322	0	0	3	122	3024	-259
41	0	1527	194	-322	0	0	3	122	3029	-266
41	0	1527	128	-220	0	0	2	122	3033	-273
41	0	1527	128	-220	0	0	2	122	3035	-277
41	0	1527	128	-220	0	0	2	122	3038	-282
41	0	1516	104	-164	0	-1	2	122	3042	-288
41	0	1516	104	-164	0	-1	2	122	3044	-291
41	0	1516	104	-164	0	-1	2	122	3046	-294
39	0	1516	85	-132	0	-1	0	122	3048	-298
39	0	1516	85	-132	0	-1	0	122	3050	-301
39	0	1516	85	-132	0	-1	0	122	3052	-304
39	0	1519	82	-171	0	-1	-2	122	3054	-307
39	0	1519	82	-171	0	-1	-2	122	3056	-311
39	0	1519	82	-171	0	-1	-2	122	3057	-314
39	0	1523	73	-220	0	-2	-5	122	3059	-318
39	0	1523	73	-220	0	-2	-5	122	3061	-323
39	0	1523	73	-220	0	-2	-5	122	3063	-328
39	0	1529	105	-280	0	-2	-5	122	3064	-333
39	0	1529	105	-280	0	-2	-5	122	3066	-339
39	0	1529	105	-280	0	-2	-5	122	3069	-345
39	0	1526	156	-325	0	-2	-4	122	3071	-350
39	0	1526	156	-325	0	-2	-4	122	3074	-357
39	0	1527	204	-361	0	-2	-3	122	3080	-370
39	0	1527	204	-361	0	-2	-3	122	3084	-377
39	0	1527	204	-361	0	-2	-3	122	3089	-385
39	0	1529	243	-377	0	-1	-2	122	3093	-393
39	0	1529	243	-377	0	-1	-2	122	3098	-401
39	0	1529	243	-377	0	-1	-2	122	3103	-409
39	0	1531	255	-368	0	0	-1	122	3110	-420
39	0	1531	255	-368	0	0	-1	122	3116	-427
39	0	1531	255	-368	0	0	-1	122	3121	-435
39	0	1538	280	-397	0	2	0	122	3126	-443
39	0	1538	280	-397	0	2	0	122	3132	-451
39	0	1538	280	-397	0	2	0	122	3138	-459
39	0	1543	202	-364	0	5	0	122	3145	-470
39	0	1543	202	-364	0	5	0	122	3150	-477
39	0	1543	202	-364	0	5	0	122	3154	-485
39	0	1555	83	-277	0	7	0	122	3158	-493
39	0	1555	83	-277	0	7	0	122	3160	-498
39	0	1555	83	-277	0	7	0	122	3162	-506
39	0	1561	13	-330	0	8	0	122	3164	-511
39	0	1561	13	-330	0	8	0	122	3164	-518
39	0	1561	13	-330	0	8	0	122	3164	-525
39	0	1559	-73	-427	0	9	0	122	3165	-533
39	0	1559	-73	-427	0	9	0	122	3163	-541
39	0	1559	-73	-427	0	9	0	122	3162	-550
39	0	1568	-189	-465	0	9	0	122	3158	-571
39	0	1568	-189	-465	0	9	0	122	3154	-580
39	0	1573	-322	-488	0	9	0	122	3150	-592
39	0	1573	-322	-488	0	9	0	122	3143	-602
39	0	1573	-322	-488	0	9	0	122	3136	-613
39	0	1590	-421	-497	0	9	0	122	3129	-623
39	0	1590	-421	-497	0	9	0	122	3121	-633
38	0	1595	-532	-505	0	9	0	122	3112	-643
38	0	1595	-532	-505	0	9	0	122	3092	-662
38	0	1595	-532	-505	0	9	0	122	3080	-674
38	0	1603	-608	-482	0	8	0	122	3069	-684
38	0	1603	-608	-482	0	8	0	122	3056	-694
38	0	1603	-608	-482	0	8	0	122	3044	-704
38	0	1605	-683	-494	0	8	0	122	3028	-717
38	0	1605	-683	-494	0	8	0	122	3013	-727
38	0	1610	-751	-493	0	7	0	122	2985	-747
38	0	1610	-751	-493	0	7	0	122	2968	-759
38	0	1610	-751	-493	0	7	0	122	2945	-774
38	0	1611	-838	-493	0	7	0	122	2929	-784
38	0	1611	-838	-493	0	7	0	122	2911	-795
38	0	1612	-951	-538	0	4	0	122	2893	-806
38	0	1612	-951	-538	0	4	0	122	2858	-825
38	0	1612	-951	-538	0	4	0	122	2834	-839
38	0	1611	-974	-546	0	1	0	122	2809	-853
38	0	1611	-974	-546	0	1	0	122	2788	-865
38	0	1608	-898	-527	0	-2	1	122	2765	-878
38	0	1608	-898	-527	0	-2	1	122	2737	-894
38	0	1608	-898	-527	0	-2	1	122	2719	-905
38	0	1604	-834	-487	0	-5	1	122	2700	-916
38	0	1604	-834	-487	0	-5	1	122	2681	-927
38	0	1604	-834	-487	0	-5	1	122	2661	-939
38	0	1601	-781	-441	0	-7	2	121	2634	-954
38	0	1601	-781	-441	0	-7	2	121	2617	-964
38	0	1592	-696	-372	0	-8	2	121	2592	-978
38	0	1592	-696	-372	0	-8	2	121	2566	-992
38	0	1594	-631	-298	0	-6	2	122	2547	-1002
38	0	1594	-631	-298	0	-6	2	122	2534	-1009
38	0	1594	-631	-298	0	-6	2	122	2518	-1016
38	0	1598	-621	-201	0	-3	1	122	2505	-1022
38	0	1598	-621	-201	0	-3	1	122	2492	-1027
38	0	1604	-647	-181	0	-1	0	121	2473	-1033
38	0	1604	-647	-181	0	-1	0	121	2444	-1041
38	0	1604	-647	-181	0	-1	0	121	2430	-1045
38	0	1607	-652	-244	0	0	-3	121	2417	-1048
38	0	1607	-652	-244	0	0	-3	121	2398	-1055
38	0	1611	-591	-280	0	-1	-3	122	2385	-1060
38	0	1611	-591	-280	0	-1	-3	122	2372	-1067
38	0	1611	-591	-280	0	-1	-3	122	2349	-1077
38	0	1612	-519	-322	0	-3	-3	122	2337	-1083
38	0	1612	-519	-322	0	-3	-3	122	2326	-1090
38	0	1612	-519	-322	0	-3	-3	122	2315	-1097
38	0	1615	-443	-351	0	-4	-2	122	2304	-1103
38	0	1615	-443	-351	0	-4	-2	122	2295	-1111
38	0	1616	-391	-337	0	-4	-2	122	2275	-1126
38	0	1616	-391	-337	0	-4	-2	122	2267	-1133
38	0	1619	-322	-320	0	-5	-1	122	2259	-1140
38	0	1619	-322	-320	0	-5	-1	122	2250	-1149
38	0	1619	-322	-320	0	-5	-1	122	2238	-1161
38	0	1623	-273	-291	0	-3	-1	122	2231	-1168
38	0	1623	-273	-291	0	-3	-1	122	2225	-1174
38	0	1623	-273	-291	0	-3	-1	122	2220	-1180
38	0	1623	-266	-283	0	-3	-1	122	2214	-1186
38	0	1623	-266	-283	0	-3	-1	122	2208	-1192
38	0	1623	-266	-283	0	-3	-1	122	2203	-1198
38	0	1627	-237	-312	0	-2	-3	122	2197	-1204
38	0	1627	-237	-312	0	-2	-3	122	2190	-1213
38	0	1635	-137	-570	0	0	-10	121	2185	-1220
38	0	1631	-99	-685	0	0	-11	121	2148	-1376
38	0	1631	-99	-685	0	0	-11	121	2146	-1390
38	0	1626	-65	-756	0	0	-10	121	2143	-1408
38	0	1626	-65	-756	0	0	-10	121	2141	-1429
38	0	1626	-65	-756	0	0	-10	121	2140	-1444
38	0	1626	-65	-756	0	0	-10	121	2138	-1460
38	0	1619	-35	-824	0	0	-7	122	2137	-1476
38	0	1619	-35	-824	0	0	-7	122	2136	-1494
38	0	1619	-35	-824	0	0	-7	122	2136	-1511
38	0	1613	-3	-896	0	0	-3	122	2135	-1528
38	0	1613	-3	-896	0	0	-3	122	2135	-1547
38	0	1608	43	-965	0	0	0	122	2135	-1567
38	0	1608	43	-965	0	0	0	122	2136	-1591
38	0	1608	43	-965	0	0	0	122	2137	-1610
38	0	1608	43	-965	0	0	0	122	2138	-1631
38	0	1601	41	-1041	0	0	5	122	2138	-1651
38	0	1601	41	-1041	0	0	5	122	2139	-1673
38	0	1601	41	-1041	0	0	5	122	2140	-1695
38	0	1597	36	-923	0	0	8	122	2141	-1716
38	0	1597	36	-923	0	0	8	122	2142	-1740
38	0	1597	36	-923	0	0	8	122	2143	-1759
38	0	1590	27	-390	0	0	10	122	2144	-1779
38	0	1590	27	-390	0	0	10	122	2144	-1787
38	0	1590	27	-390	0	0	10	122	2145	-1795
38	0	1586	24	-304	0	0	11	122	2145	-1803
38	0	1586	24	-304	0	0	11	122	2146	-1810
38	0	1586	24	-304	0	0	11	122	2146	-1816
38	0	1579	30	-206	0	0	11	122	2147	-1822
38	0	1579	30	-206	0	0	11	122	2147	-1827
38	0	1579	30	-206	0	0	11	122	2148	-1832
38	0	1571	-12	-111	0	0	10	122	2149	-1836
38	0	1571	-12	-111	0	0	10	122	2149	-1839
38	0	1571	-12	-111	0	0	10	122	2148	-1841
38	0	1559	-43	-27	0	0	9	122	2148	-1843
38	0	1559	-43	-27	0	0	9	122	2147	-1844
38	0	1559	-43	-27	0	0	9	122	2146	-1845
38	0	1557	-61	39	0	0	8	122	2145	-1845
38	0	1557	-61	39	0	0	8	122	2144	-1844
38	0	1557	-61	39	0	0	8	122	2143	-1843
38	0	1562	-70	125	0	0	8	122	2141	-1842
38	0	1562	-70	125	0	0	8	122	2139	-1839
38	0	1562	-70	125	0	0	8	122	2138	-1837
38	0	1558	-63	226	0	0	8	122	2136	-1834
38	0	1558	-63	226	0	0	8	122	2135	-1829
38	0	1558	-52	331	0	0	8	122	2133	-1824
38	0	1558	-52	331	0	0	8	122	2132	-1817
38	0	1558	-52	331	0	0	8	122	2131	-1810
38	0	1558	-52	331	0	0	8	122	2130	-1803
38	0	1565	-51	445	0	0	8	122	2129	-1796
38	0	1565	-51	445	0	0	8	122	2128	-1786
38	0	1566	-28	550	0	0	6	122	2127	-1777
38	0	1566	-28	550	0	0	6	122	2126	-1765
38	0	1566	-28	550	0	0	6	122	2125	-1754
38	0	1566	-28	550	0	0	6	122	2125	-1742
38	0	1568	56	604	0	0	3	121	2124	-1731
38	0	1568	56	604	0	0	3	121	2125	-1718
38	0	1568	56	604	0	0	3	121	2127	-1705
38	0	1568	311	684	0	0	0	121	2128	-1693
38	0	1568	311	684	0	0	0	121	2134	-1678
38	0	1568	311	684	0	0	0	121	2141	-1664
38	0	1571	523	723	0	0	-2	121	2147	-1649
38	0	1571	523	723	0	0	-2	121	2165	-1626
38	0	1571	523	723	0	0	-2	121	2175	-1611
38	0	1572	513	643	0	0	-5	121	2186	-1595
38	0	1572	513	643	0	0	-5	121	2197	-1582
38	0	1572	513	643	0	0	-5	121	2208	-1568
38	0	1572	503	538	0	0	-6	121	2219	-1555
38	0	1572	503	538	0	0	-6	121	2229	-1544
38	0	1576	492	444	0	0	-4	122	2243	-1529
38	0	1576	492	444	0	0	-4	122	2253	-1520
38	0	1576	492	444	0	0	-4	122	2264	-1510
38	0	1585	477	383	0	0	-3	122	2275	-1500
38	0	1585	477	383	0	0	-3	122	2287	-1490
38	0	1585	477	383	0	0	-3	122	2297	-1482
38	0	1585	451	310	0	1	-5	122	2307	-1474
38	0	1585	451	310	0	1	-5	122	2317	-1468
38	0	1585	451	310	0	1	-5	122	2326	-1461
38	0	1583	414	231	0	2	-5	121	2335	-1455
38	0	1583	414	231	0	2	-5	121	2344	-1450
38	0	1583	414	231	0	2	-5	121	2353	-1445
38	0	1583	360	150	0	5	-5	121	2362	-1440
38	0	1583	360	150	0	5	-5	121	2369	-1437
38	0	1583	360	150	0	5	-5	121	2377	-1434
38	0	1583	360	150	0	5	-5	121	2385	-1431
38	0	1575	287	79	0	7	-4	121	2392	-1428
38	0	1575	287	79	0	7	-4	121	2398	-1426
38	0	1574	189	18	0	9	-4	121	2404	-1424
38	0	1574	189	18	0	9	-4	121	2408	-1424
38	0	1574	189	18	0	9	-4	121	2412	-1424
38	0	1564	79	-31	0	10	-3	121	2416	-1423
38	0	1564	79	-31	0	10	-3	121	2418	-1424
38	0	1564	79	-31	0	10	-3	121	2419	-1424
38	0	1564	79	-31	0	10	-3	121	2421	-1425
38	0	1558	-336	100	0	10	-2	121	2423	-1426
38	0	1558	-336	100	0	10	-2	121	2416	-1424
38	0	1558	-336	100	0	10	-2	121	2409	-1422
38	0	1553	-475	86	0	7	-2	121	2401	-1419
38	0	1553	-475	86	0	7	-2	121	2391	-1418
38	0	1553	-475	86	0	7	-2	121	2381	-1416
38	0	1532	-560	45	0	3	-2	122	2372	-1414
38	0	1532	-560	45	0	3	-2	122	2360	-1413
38	0	1532	-560	45	0	3	-2	122	2348	-1412
38	0	1521	-552	20	0	0	-1	122	2336	-1411
38	0	1521	-552	20	0	0	-1	122	2325	-1411
38	0	1521	-552	20	0	0	-1	122	2313	-1410
36	0	1515	-509	2	0	-3	0	122	2301	-1410
36	0	1515	-509	2	0	-3	0	122	2291	-1410
36	0	1515	-509	2	0	-3	0	122	2280	-1410
36	0	1505	-440	-9	0	-5	0	122	2268	-1410
36	0	1505	-440	-9	0	-5	0	122	2259	-1410
36	0	1505	-440	-9	0	-5	0	122	2250	-1410
36	0	1483	-363	-5	0	-5	1	122	2240	-1410
36	0	1483	-363	-5	0	-5	1	122	2233	-1410
36	0	1483	-363	-5	0	-5	1	122	2225	-1411
36	0	1495	-287	25	0	-5	2	122	2217	-1411
36	0	1495	-287	25	0	-5	2	122	2211	-1410
36	0	1495	-287	25	0	-5	2	122	2205	-1410
36	0	1495	-287	25	0	-5	2	122	2199	-1409
36	0	1500	-215	49	0	-5	2	122	2193	-1409
36	0	1500	-215	49	0	-5	2	122	2188	-1407
36	0	1508	-149	65	0	-4	1	122	2184	-1406
36	0	1508	-149	65	0	-4	1	122	2181	-1405
36	0	1508	-149	65	0	-4	1	122	2178	-1404
36	0	1508	-149	65	0	-4	1	122	2174	-1402
36	0	1516	-89	68	0	-4	0	122	2171	-1401
36	0	1516	-89	68	0	-4	0	122	2169	-1399
36	0	1516	-89	68	0	-4	0	122	2168	-1398
36	0	1523	-44	54	0	-3	0	122	2166	-1397
36	0	1523	-44	54	0	-3	0	122	2165	-1395
36	0	1523	-44	54	0	-3	0	122	2164	-1394
36	0	1529	-11	30	0	-2	-1	122	2163	-1393
36	0	1529	-11	30	0	-2	-1	122	2163	-1392
36	0	1529	-11	30	0	-2	-1	122	2162	-1392
36	0	1535	8	3	0	-1	-1	122	2162	-1391
36	0	1535	8	3	0	-1	-1	122	2162	-1391
36	0	1535	8	3	0	-1	-1	122	2162	-1391
36	0	1543	20	-23	0	0	-1	121	2163	-1391
36	0	1543	20	-23	0	0	-1	121	2163	-1392
36	0	1543	20	-23	0	0	-1	121	2163	-1392
36	0	1549	24	-44	0	0	-1	121	2164	-1392
36	0	1549	24	-44	0	0	-1	121	2164	-1393
36	0	1549	24	-44	0	0	-1	121	2165	-1394
36	0	1554	23	-57	0	0	0	121	2165	-1395
36	0	1554	23	-57	0	0	0	121	2166	-1396
36	0	1554	23	-57	0	0	0	121	2166	-1398
36	0	1556	22	-61	0	0	0	121	2167	-1399
36	0	1556	22	-61	0	0	0	121	2167	-1400
36	0	1556	22	-61	0	0	0	121	2168	-1401
36	0	1555	22	-60	0	0	0	122	2169	-1404
36	0	1555	22	-60	0	0	0	122	2169	-1405
36	0	1555	22	-60	0	0	0	122	2170	-1406
36	0	1551	28	-58	0	0	0	122	2170	-1408
36	0	1551	28	-58	0	0	0	122	2171	-1409
36	0	1538	34	-57	0	0	0	121	2171	-1410
36	0	1538	34	-57	0	0	0	121	2172	-1411
36	0	1538	34	-57	0	0	0	121	2173	-1412
36	0	1538	34	-57	0	0	0	121	2173	-1414
36	0	1528	37	-59	0	0	0	122	2174	-1415
36	0	1528	37	-59	0	0	0	122	2175	-1416
36	0	1528	37	-59	0	0	0	122	2176	-1417
36	0	1515	36	-65	0	0	0	121	2177	-1418
36	0	1515	36	-65	0	0	0	121	2177	-1420
36	0	1515	36	-65	0	0	0	121	2178	-1421
36	0	1524	28	-64	0	0	0	121	2179	-1423
36	0	1524	28	-64	0	0	0	121	2180	-1424
36	0	1524	28	-64	0	0	0	121	2180	-1425
36	0	1510	16	-62	0	0	0	121	2181	-1427
36	0	1510	16	-62	0	0	0	121	2181	-1428
36	0	1510	16	-62	0	0	0	121	2181	-1429
36	0	1492	5	-62	0	0	0	121	2182	-1431
36	0	1492	5	-62	0	0	0	121	2182	-1432
36	0	1492	5	-62	0	0	0	121	2182	-1433
36	0	1473	-3	-65	0	0	0	121	2182	-1435
36	0	1473	-3	-65	0	0	0	121	2182	-1436
36	0	1473	-3	-65	0	0	0	121	2182	-1438
36	0	1452	-11	-70	0	0	0	121	2182	-1439
36	0	1452	-11	-70	0	0	0	121	2182	-1441
36	0	1452	-11	-70	0	0	0	121	2181	-1442
36	0	1423	-17	-75	0	0	0	121	2181	-1444
36	0	1423	-17	-75	0	0	0	121	2181	-1445
36	0	1423	-17	-75	0	0	0	121	2180	-1447
36	0	1423	-17	-75	0	0	0	121	2180	-1448
36	0	1397	-22	-78	0	0	0	121	2180	-1450
36	0	1397	-22	-78	0	0	0	121	2179	-1452
36	0	1362	-27	-82	0	0	0	121	2179	-1453
36	0	1362	-27	-82	0	0	0	121	2178	-1455
36	0	1362	-27	-82	0	0	0	121	2178	-1457
36	0	1362	-27	-82	0	0	0	121	2177	-1458
36	0	1329	-30	-84	0	0	0	121	2176	-1460
36	0	1329	-30	-84	0	0	0	121	2176	-1462
36	0	1329	-30	-84	0	0	0	121	2175	-1464
36	0	1292	-31	-85	0	0	0	121	2174	-1465
36	0	1292	-31	-85	0	0	0	121	2174	-1467
36	0	1292	-31	-85	0	0	0	121	2173	-1469
36	0	1252	-30	-86	0	0	0	121	2173	-1471
36	0	1252	-30	-86	0	0	0	121	2172	-1473
36	0	1252	-30	-86	0	0	0	121	2171	-1475
36	0	1213	-29	-85	0	0	0	121	2171	-1476
36	0	1213	-29	-85	0	0	0	121	2170	-1478
36	0	1213	-29	-85	0	0	0	121	2169	-1480
36	0	1173	-31	-83	0	0	0	121	2169	-1482
36	0	1173	-31	-83	0	0	0	121	2168	-1484
36	0	1173	-31	-83	0	0	0	121	2167	-1485
36	0	1129	-32	-80	0	0	0	121	2167	-1487
36	0	1129	-32	-80	0	0	0	121	2166	-1489
36	0	1129	-32	-80	0	0	0	121	2165	-1490
36	0	1085	-36	-74	0	0	0	121	2165	-1492
36	0	1085	-36	-74	0	0	0	121	2164	-1494
36	0	1085	-36	-74	0	0	0	121	2163	-1495
36	0	1039	-41	-66	0	0	0	122	2162	-1497
36	0	1039	-41	-66	0	0	0	122	2162	-1498
36	0	1039	-41	-66	0	0	0	122	2161	-1500
36	0	994	-47	-57	0	0	1	122	2160	-1501
36	0	994	-47	-57	0	0	1	122	2159	-1502
36	0	994	-47	-57	0	0	1	122	2158	-1503
36	0	952	-49	-46	0	0	1	122	2157	-1505
36	0	952	-49	-46	0	0	1	122	2156	-1506
36	0	952	-49	-46	0	0	1	122	2155	-1507
36	0	952	-49	-46	0	0	1	122	2154	-1507
36	0	908	-50	-34	0	0	1	122	2153	-1508
36	0	908	-50	-34	0	0	1	122	2152	-1509
36	0	908	-50	-34	0	0	1	122	2151	-1510
36	0	868	-51	-24	0	0	1	122	2149	-1511
36	0	868	-51	-24	0	0	1	122	2148	-1511
36	0	868	-51	-24	0	0	1	122	2147	-1512
36	0	831	-52	-14	0	0	1	122	2146	-1512
36	0	831	-52	-14	0	0	1	122	2145	-1513
36	0	831	-52	-14	0	0	1	122	2144	-1513
36	0	790	-51	-6	0	0	0	122	2143	-1513
36	0	790	-51	-6	0	0	0	122	2142	-1513
36	0	790	-51	-6	0	0	0	122	2141	-1513
36	0	753	-47	0	0	0	0	123	2140	-1514
36	0	753	-47	0	0	0	0	123	2139	-1514
36	0	715	-39	4	0	0	0	123	2138	-1514
36	0	715	-39	4	0	0	0	123	2137	-1513
36	0	715	-39	4	0	0	0	123	2136	-1513
36	0	715	-39	4	0	0	0	123	2135	-1513
36	0	686	-28	7	0	-1	0	123	2134	-1513
36	0	686	-28	7	0	-1	0	123	2134	-1513
36	0	686	-28	7	0	-1	0	123	2133	-1513
36	0	662	-14	4	0	0	1	123	2133	-1513
36	0	662	-14	4	0	0	1	123	2132	-1513
36	0	662	-14	4	0	0	1	123	2132	-1512
36	0	641	0	17	0	0	3	123	2132	-1512
36	0	641	0	17	0	0	3	123	2132	-1512
36	0	641	0	17	0	0	3	123	2132	-1512
35	0	626	12	65	0	0	5	123	2132	-1511
35	0	626	12	65	0	0	5	123	2132	-1510
35	0	626	12	65	0	0	5	123	2132	-1508
35	0	615	14	123	0	0	4	123	2132	-1507
35	0	615	14	123	0	0	4	123	2133	-1505
35	0	615	14	123	0	0	4	123	2133	-1502
35	0	603	15	144	0	0	1	123	2133	-1499
35	0	603	15	144	0	0	1	123	2134	-1496
35	0	603	15	144	0	0	1	123	2134	-1493
35	0	597	16	129	0	0	-1	123	2134	-1490
35	0	597	16	129	0	0	-1	123	2135	-1488
35	0	597	16	129	0	0	-1	123	2135	-1485
35	0	597	16	129	0	0	-1	123	2135	-1482
35	0	593	19	98	0	0	-1	123	2136	-1479
35	0	593	19	98	0	0	-1	123	2136	-1477
35	0	593	19	98	0	0	-1	123	2137	-1475
35	0	585	35	68	0	-2	-1	123	2137	-1473
35	0	585	35	68	0	-2	-1	123	2138	-1472
35	0	585	35	68	0	-2	-1	123	2138	-1470
35	0	581	77	46	0	-4	0	123	2139	-1469
35	0	581	77	46	0	-4	0	123	2141	-1467
35	0	581	152	31	0	-6	0	122	2143	-1467
35	0	581	152	31	0	-6	0	122	2146	-1466
35	0	581	152	31	0	-6	0	122	2149	-1465
35	0	581	152	31	0	-6	0	122	2153	-1464
35	0	580	223	20	0	-5	0	122	2156	-1464
35	0	580	223	20	0	-5	0	122	2162	-1463
35	0	584	246	8	0	-1	0	122	2168	-1463
35	0	584	246	8	0	-1	0	122	2173	-1463
35	0	584	246	8	0	-1	0	122	2178	-1462
35	0	593	226	0	0	1	0	122	2183	-1462
35	0	593	226	0	0	1	0	122	2188	-1462
35	0	593	226	0	0	1	0	122	2193	-1462
35	0	603	209	0	0	0	0	122	2199	-1462
35	0	603	209	0	0	0	0	122	2204	-1462
35	0	603	209	0	0	0	0	122	2208	-1462
35	0	612	190	2	0	1	0	121	2212	-1462
35	0	612	190	2	0	1	0	121	2216	-1462
35	0	612	190	2	0	1	0	121	2220	-1462
35	0	622	162	9	0	2	0	121	2226	-1462
35	0	622	162	9	0	2	0	121	2229	-1462
35	0	622	162	9	0	2	0	121	2232	-1462
35	0	631	121	16	0	3	0	121	2236	-1461
35	0	631	121	16	0	3	0	121	2238	-1461
35	0	638	76	23	0	3	0	121	2241	-1461
35	0	638	76	23	0	3	0	121	2243	-1460
35	0	638	76	23	0	3	0	121	2245	-1459
35	0	638	76	23	0	3	0	121	2246	-1459
35	0	645	33	30	0	3	1	121	2248	-1459
35	0	645	33	30	0	3	1	121	2249	-1458
35	0	650	-3	47	0	2	2	121	2249	-1457
35	0	650	-3	47	0	2	2	121	2249	-1456
35	0	650	-3	47	0	2	2	121	2249	-1455
35	0	650	-3	47	0	2	2	121	2249	-1454
35	0	654	-30	88	0	2	4	121	2249	-1453
35	0	654	-30	88	0	2	4	121	2248	-1451
35	0	658	-46	120	0	1	3	120	2248	-1449
35	0	658	-46	120	0	1	3	120	2247	-1446
35	0	658	-46	120	0	1	3	120	2246	-1444
35	0	658	-46	120	0	1	3	120	2245	-1441
35	0	662	-54	129	0	0	1	120	2244	-1438
35	0	662	-54	129	0	0	1	120	2243	-1436
35	0	663	-50	119	0	0	0	120	2241	-1433
35	0	663	-50	119	0	0	0	120	2240	-1429
35	0	663	-50	119	0	0	0	120	2239	-1426
35	0	664	-37	99	0	-1	0	120	2238	-1424
35	0	664	-37	99	0	-1	0	120	2237	-1422
35	0	664	-37	99	0	-1	0	120	2236	-1420
35	0	665	-6	83	0	-3	0	120	2235	-1418
35	0	665	-6	83	0	-3	0	120	2235	-1415
35	0	665	-6	83	0	-3	0	120	2235	-1413
35	0	666	47	70	0	-5	0	120	2235	-1412
35	0	666	47	70	0	-5	0	120	2236	-1410
35	0	666	47	70	0	-5	0	120	2237	-1409
35	0	665	123	59	0	-7	0	120	2238	-1407
35	0	665	123	59	0	-7	0	120	2241	-1406
35	0	665	123	59	0	-7	0	120	2244	-1404
35	0	666	223	50	0	-9	0	120	2246	-1403
35	0	666	223	50	0	-9	0	120	2251	-1402
35	0	666	223	50	0	-9	0	120	2256	-1401
35	0	667	334	44	0	-10	0	120	2260	-1400
35	0	667	334	44	0	-10	0	120	2269	-1399
35	0	667	334	44	0	-10	0	120	2276	-1398
35	0	670	448	40	0	-11	0	120	2283	-1397
35	0	670	448	40	0	-11	0	120	2293	-1396
35	0	675	562	35	0	-11	0	120	2302	-1395
35	0	675	562	35	0	-11	0	120	2314	-1395
35	0	675	562	35	0	-11	0	120	2330	-1394
35	0	675	562	35	0	-11	0	120	2342	-1393
35	0	680	667	30	0	-10	0	120	2354	-1392
35	0	680	667	30	0	-10	0	120	2368	-1391
35	0	682	729	17	0	-6	0	120	2382	-1391
35	0	682	729	17	0	-6	0	120	2402	-1390
35	0	682	729	17	0	-6	0	120	2417	-1390
35	0	682	729	17	0	-6	0	120	2432	-1389
35	0	683	744	2	0	-2	0	120	2447	-1389
35	0	683	744	2	0	-2	0	120	2463	-1389
35	0	685	718	-12	0	1	0	120	2484	-1389
35	0	685	718	-12	0	1	0	120	2498	-1389
35	0	685	718	-12	0	1	0	120	2513	-1389
35	0	689	653	-29	0	5	-1	120	2528	-1390
35	0	689	653	-29	0	5	-1	120	2542	-1390
35	0	689	653	-29	0	5	-1	120	2556	-1391
35	0	689	558	-49	0	7	-1	120	2574	-1392
35	0	689	558	-49	0	7	-1	120	2585	-1393
35	0	689	558	-49	0	7	-1	120	2597	-1394
35	0	689	441	-68	0	9	-1	120	2609	-1395
35	0	689	441	-68	0	9	-1	120	2618	-1396
35	0	689	441	-68	0	9	-1	120	2628	-1398
35	0	691	309	-87	0	10	-1	120	2641	-1400
35	0	691	309	-87	0	10	-1	120	2647	-1402
35	0	691	309	-87	0	10	-1	120	2653	-1403
35	0	690	178	-105	0	9	0	120	2660	-1405
35	0	690	178	-105	0	9	0	120	2663	-1407
35	0	690	178	-105	0	9	0	120	2669	-1411
35	0	688	88	-109	0	6	0	120	2673	-1413
35	0	688	88	-109	0	6	0	120	2675	-1415
35	0	688	88	-109	0	6	0	120	2677	-1418
35	0	666	57	-108	0	3	0	121	2678	-1420
35	0	638	7	-104	0	2	0	121	2680	-1422
35	0	638	7	-104	0	2	0	121	2680	-1427
35	0	638	7	-104	0	2	0	121	2680	-1429
35	0	638	7	-104	0	2	0	121	2680	-1431
35	0	600	-26	-99	0	0	0	121	2680	-1433
35	0	600	-26	-99	0	0	0	121	2680	-1435
35	0	600	-26	-92	0	0	0	121	2679	-1437
35	0	567	-47	-92	0	0	0	121	2679	-1440
35	0	567	-47	-92	0	0	0	121	2678	-1442
35	0	567	-47	-92	0	0	0	121	2677	-1444
35	0	524	-55	-82	0	0	0	121	2676	-1446
35	0	524	-55	-82	0	0	0	121	2675	-1447
35	0	486	-55	-70	0	0	0	121	2673	-1449
35	0	486	-55	-70	0	0	0	121	2672	-1451
35	0	486	-55	-70	0	0	0	121	2671	-1453
35	0	486	-55	-70	0	0	0	121	2669	-1454
35	0	442	-52	-64	0	0	0	121	2668	-1456
35	0	442	-52	-64	0	0	0	121	2667	-1457
34	0	393	-46	-63	0	0	0	121	2666	-1459
34	0	393	-46	-63	0	0	0	121	2665	-1460
34	0	393	-46	-63	0	0	0	121	2664	-1461
34	0	393	-46	-63	0	0	0	121	2663	-1463
34	0	344	-40	-63	0	0	0	121	2662	-1464
34	0	344	-40	-63	0	0	0	121	2661	-1466
34	0	293	-37	-62	0	0	0	121	2660	-1467
34	0	293	-37	-62	0	0	0	121	2659	-1468
34	0	293	-37	-62	0	0	0	121	2658	-1470
34	0	293	-37	-62	0	0	0	121	2658	-1471
34	0	240	-33	-59	0	0	0	121	2657	-1472
34	0	240	-33	-59	0	0	0	121	2656	-1474
34	0	191	-30	-51	0	0	1	121	2655	-1475
34	0	191	-30	-51	0	0	1	121	2654	-1476
34	0	191	-30	-51	0	0	1	121	2654	-1478
34	0	142	-26	-41	0	0	1	121	2653	-1479
34	0	142	-26	-41	0	0	1	121	2653	-1480
34	0	142	-26	-41	0	0	1	121	2652	-1481
34	0	105	-20	-27	0	-1	1	121	2651	-1481
34	0	105	-20	-27	0	-1	1	121	2651	-1482
34	0	105	-20	-27	0	-1	1	121	2650	-1483
34	0	84	5	-36	0	-1	0	121	2650	-1483
34	0	84	5	-36	0	-1	0	121	2650	-1484
34	0	84	5	-36	0	-1	0	121	2650	-1485
34	0	56	-4	-71	0	-1	0	121	2650	-1486
34	0	56	-4	-71	0	-1	0	121	2650	-1488
34	0	56	-4	-71	0	-1	0	121	2650	-1489
34	0	30	58	-79	0	0	0	121	2650	-1491
34	0	30	58	-79	0	0	0	121	2652	-1493
34	0	0	0	0	0	-3	0	121	2653	-1495
34	0	0	0	0	0	-3	0	121	2653	-1495
34	0	0	0	0	0	-3	0	121	2653	-1495
34	0	0	0	0	0	0	0	121	2653	-1495
34	0	0	0	0	0	0	0	121	2653	-1495
34	0	0	0	0	0	0	0	121	2653	-1495
34	0	0	0	0	0	0	0	121	2653	-1495
34	0	0	0	0	0	0	0	121	2653	-1495
34	0	0	0	0	0	0	0	121	2653	-1495
34	0	0	0	0	0	0	0	121	2653	-1495
34	0	0	0	0	0	0	0	121	2653	-1495
34	0	0	0	0	0	0	0	121	2653	-1495
34	0	0	0	0	0	0	0	121	2653	-1495
34	0	0	0	0	0	0	0	121	2653	-1495
34	0	0	0	0	0	0	0	121	2653	-1495
34	0	0	0	0	0	0	0	121	2653	-1495
34	0	0	0	0	0	0	0	121	2653	-1495
34	0	0	0	0	0	0	0	121	2653	-1495
34	0	0	0	0	0	0	0	121	2653	-1495
34	0	0	0	0	0	0	0	121	2653	-1495
34	0	0	0	0	0	0	0	121	2653	-1495
34	0	0	0	0	0	0	0	121	2653	-1495
34	0	0	0	0	0	0	0	121	2653	-1495
34	0	0	0	0	0	0	0	121	2653	-1495
34	0	0	0	0	0	0	0	121	2653	-1495
34	0	0	0	0	0	0	0	121	2653	-1495
34	0	0	0	0	0	0	0	121	2653	-1495
34	0	0	0	0	0	0	0	121	2653	-1495
34	0	0	0	0	0	0	0	121	2653	-1495
34	0	0	0	0	0	0	0	121	2653	-1495
34	0	0	0	0	0	0	0	121	2653	-1495
34	0	0	0	0	0	0	0	121	2653	-1495
34	0	0	0	0	0	0	0	121	2653	-1495
34	0	0	0	0	0	0	0	121	2653	-1495
34	0	0	0	0	0	0	0	121	2653	-1495
34	0	0	0	0	0	0	0	121	2653	-1495
34	0	0	0	0	0	0	0	121	2653	-1495
34	0	0	0	0	0	0	0	121	2653	-1495
34	0	0	0	0	0	0	0	121	2653	-1495
34	0	0	0	0	0	0	0	121	2653	-1495
34	0	0	0	0	0	0	0	121	2653	-1495
34	0	0	0	0	0	0	0	121	2653	-1495
34	0	0	0	0	0	0	0	121	2653	-1495
34	0	0	0	0	0	0	0	121	2653	-1495
34	0	0	0	0	0	0	0	121	2653	-1495
34	0	0	0	0	0	0	0	121	2653	-1495
34	0	0	0	0	0	0	0	121	2653	-1495
34	0	0	0	0	0	0	0	121	2653	-1495
34	0	0	0	0	0	0	0	121	2653	-1495
34	0	0	0	0	0	0	0	121	2653	-1495
34	0	0	0	0	0	0	0	121	2653	-1495
34	0	0	0	0	0	0	0	121	2653	-1495
34	0	0	0	0	0	0	0	121	2653	-1495
34	0	0	0	0	0	0	0	121	2653	-1495
34	0	0	0	0	0	0	0	121	2653	-1495
34	0	0	0	0	0	0	0	121	2653	-1495
34	0	0	0	0	0	0	0	121	2653	-1495
34	0	0	0	0	0	0	0	121	2653	-1495
34	0	0	0	0	0	0	0	121	2653	-1495
34	0	0	0	0	0	0	0	121	2653	-1495
34	0	0	0	0	0	0	0	121	2653	-1495
34	0	0	0	0	0	0	0	121	2653	-1495
34	0	0	0	0	0	0	0	121	2653	-1495
34	0	0	0	0	0	0	0	121	2653	-1495
34	0	0	0	0	0	0	0	121	2653	-1495
34	0	0	0	0	0	0	0	121	2653	-1495
34	0	0	0	0	0	0	0	121	2653	-1495
34	0	0	0	0	0	0	0	121	2653	-1495
34	0	0	0	0	0	0	0	121	2653	-1495
34	0	0	0	0	0	0	0	121	2653	-1495
34	0	0	0	0	0	0	0	121	2653	-1495
34	0	0	0	0	0	0	0	121	2653	-1495
34	0	0	0	0	0	0	0	121	2653	-1495
34	0	0	0	0	0	0	0	121	2653	-1495
34	0	0	0	0	0	0	0	121	2653	-1495
34	0	0	0	0	0	0	0	121	2653	-1495
34	0	0	0	0	0	0	0	121	2653	-1495
34	0	0	0	0	0	0	0	121	2653	-1495
34	0	0	0	0	0	0	0	121	2653	-1495
34	0	0	0	0	0	0	0	121	2653	-1495
34	0	0	0	0	0	0	0	121	2653	-1495
34	0	0	0	0	0	0	0	121	2653	-1495
34	0	0	0	0	0	0	0	121	2653	-1495
34	0	0	0	0	0	0	0	121	2653	-1495
34	0	0	0	0	0	0	0	121	2653	-1495
34	0	0	0	0	0	0	0	121	2653	-1495
34	0	0	0	0	0	0	0	121	2653	-1495
34	0	0	0	0	0	0	0	121	2653	-1495
34	0	0	0	0	0	0	0	121	2653	-1495
34	0	0	0	0	0	0	0	121	2653	-1495
34	0	0	0	0	0	0	0	121	2653	-1495
34	0	0	0	0	0	0	0	121	2653	-1495
34	0	0	0	0	0	0	0	121	2653	-1495
34	0	0	0	0	0	0	0	121	2653	-1495
34	0	0	0	0	0	0	0	121	2653	-1495
34	0	0	0	0	0	0	0	121	2653	-1495
34	0	0	0	0	0	0	0	121	2653	-1495
34	0	0	0	0	0	0	0	121	2653	-1495
34	0	0	0	0	0	0	0	121	2653	-1495
34	0	0	0	0	0	0	0	121	2653	-1495
34	0	0	0	0	0	0	0	121	2653	-1495
34	0	0	0	0	0	0	0	121	2653	-1495
34	0	0	0	0	0	0	0	121	2653	-1495
34	0	0	0	0	0	0	0	121	2653	-1495
34	0	0	0	0	0	0	0	121	2653	-1495
34	0	0	0	0	0	0	0	121	2653	-1495
34	0	0	0	0	0	0	0	121	2653	-1495
34	0	0	0	0	0	0	0	121	2653	-1495
34	0	0	0	0	0	0	0	121	2653	-1495
34	0	0	0	0	0	0	0	121	2653	-1495
34	0	0	0	0	0	0	0	121	2653	-1495
34	0	0	0	0	0	0	0	121	2653	-1495
34	0	0	0	0	0	0	0	121	2653	-1495
34	0	0	0	0	0	0	0	121	2653	-1495
34	0	0	0	0	0	0	0	121	2653	-1495
34	0	0	0	0	0	0	0	121	2653	-1495
34	0	0	0	0	0	0	0	121	2653	-1495
34	0	0	0	0	0	0	0	121	2653	-1495
34	0	0	0	0	0	0	0	121	2653	-1495
34	0	0	0	0	0	0	0	121	2653	-1495
34	0	0	0	0	0	0	0	121	2653	-1495
34	0	0	0	0	0	0	0	121	2653	-1495
34	0	0	0	0	0	0	0	121	2653	-1495
34	0	0	0	0	0	0	0	121	2653	-1495
34	0	0	0	0	0	0	0	121	2653	-1495
34	0	0	0	0	0	0	0	121	2653	-1495
34	0	0	0	0	0	0	0	121	2653	-1495
34	0	0	0	0	0	0	0	121	2653	-1495
