bat	flyst.	alt	vx	vy	vz	theta	phi	psi	px	py
0	0	0	0	0	0	0	0	0	0	0
0	0	0	0	0	0	0	0	0	0	0
0	0	0	0	0	0	0	0	0	0	0
0	0	0	0	0	0	0	0	0	0	0
0	0	0	0	0	0	0	0	0	0	0
0	0	0	0	0	0	0	0	0	0	0
0	0	0	0	0	0	0	0	0	0	0
0	0	0	0	0	0	0	0	0	0	0
0	0	0	0	0	0	0	0	0	0	0
0	0	0	0	0	0	0	0	0	0	0
0	0	0	0	0	0	0	0	0	0	0
0	0	0	0	0	0	0	0	0	0	0
0	0	0	0	0	0	0	0	0	0	0
0	0	0	0	0	0	0	0	0	0	0
0	0	0	0	0	0	0	0	0	0	0
0	0	0	0	0	0	0	0	0	0	0
0	0	0	0	0	0	0	0	0	0	0
0	0	0	0	0	0	0	0	0	0	0
0	0	0	0	0	0	0	0	0	0	0
0	0	0	0	0	0	0	0	0	0	0
0	0	0	0	0	0	0	0	0	0	0
0	0	0	0	0	0	0	0	0	0	0
0	0	0	0	0	0	0	0	0	0	0
0	0	0	0	0	0	0	0	0	0	0
0	0	0	0	0	0	0	0	0	0	0
0	0	0	0	0	0	0	0	0	0	0
0	0	0	0	0	0	0	0	0	0	0
0	0	0	0	0	0	0	0	0	0	0
0	0	0	0	0	0	0	0	0	0	0
0	0	0	0	0	0	0	0	0	0	0
0	0	0	0	0	0	0	0	0	0	0
0	0	0	0	0	0	0	0	0	0	0
0	0	0	0	0	0	0	0	0	0	0
0	0	0	0	0	0	0	0	0	0	0
0	0	0	0	0	0	0	0	0	0	0
0	0	0	0	0	0	0	0	0	0	0
0	0	0	0	0	0	0	0	0	0	0
0	0	0	0	0	0	0	0	0	0	0
0	0	0	0	0	0	0	0	0	0	0
0	0	0	0	0	0	0	0	0	0	0
0	0	0	0	0	0	0	0	0	0	0
0	0	0	0	0	0	0	0	0	0	0
0	0	0	0	0	0	0	0	0	0	0
0	0	0	0	0	0	0	0	0	0	0
0	0	0	0	0	0	0	0	0	0	0
0	0	0	0	0	0	0	0	0	0	0
0	0	0	0	0	0	0	0	0	0	0
0	0	0	0	0	0	0	0	0	0	0
0	0	0	0	0	0	0	0	0	0	0
0	0	0	0	0	0	0	0	0	0	0
0	0	0	0	0	0	0	0	0	0	0
0	0	0	0	0	0	0	0	0	0	0
0	0	0	0	0	0	0	0	0	0	0
0	0	0	0	0	0	0	0	0	0	0
0	0	0	0	0	0	0	0	0	0	0
99	0	0	0	0	0	0	-1	1	0	0
99	0	0	0	0	0	0	-1	1	0	0
99	0	0	0	0	0	0	-1	1	0	0
99	0	0	0	0	0	0	-1	1	0	0
99	0	0	0	0	0	0	-1	1	0	0
99	0	0	0	0	0	0	-1	1	0	0
99	0	0	0	0	0	0	-1	1	0	0
99	0	0	0	0	0	0	-1	1	0	0
99	0	0	0	0	0	0	-1	1	0	0
98	0	0	0	0	0	0	-1	1	0	0
98	0	0	0	0	0	0	-1	1	0	0
98	0	0	0	0	0	0	-1	1	0	0
98	0	0	0	0	0	0	-1	1	0	0
98	0	0	0	0	0	0	-1	1	0	0
98	0	0	0	0	0	0	-1	1	0	0
98	0	0	0	0	0	0	-1	1	0	0
98	0	0	0	0	0	0	-1	1	0	0
98	0	0	0	0	0	0	-1	1	0	0
98	0	0	0	0	0	0	-1	1	0	0
98	0	0	0	0	0	0	-1	1	0	0
98	0	0	0	0	0	0	-1	1	0	0
98	0	0	0	0	0	0	-1	1	0	0
98	0	0	0	0	0	0	-1	1	0	0
98	0	0	0	0	0	0	-1	1	0	0
98	0	0	0	0	0	0	-1	1	0	0
98	0	0	0	0	0	0	-1	1	0	0
98	0	0	0	0	0	0	-1	1	0	0
98	0	0	0	0	0	0	-1	1	0	0
98	0	0	0	0	0	0	-1	1	0	0
98	0	0	0	0	0	0	-1	1	0	0
98	0	0	0	0	0	0	-1	1	0	0
98	0	0	0	0	0	0	-1	1	0	0
98	0	0	0	0	0	0	-1	1	0	0
98	0	0	0	0	0	0	-1	1	0	0
98	0	0	0	0	0	0	-1	1	0	0
98	0	0	0	0	0	0	-1	1	0	0
98	0	0	0	0	0	0	-1	1	0	0
98	0	0	0	0	0	0	-1	1	0	0
98	0	0	0	0	0	0	-1	1	0	0
98	0	0	0	0	0	0	-1	1	0	0
98	0	0	0	0	0	0	-1	1	0	0
98	0	0	0	0	0	0	-1	1	0	0
98	0	0	0	0	0	0	-1	1	0	0
98	0	0	0	0	0	0	-1	1	0	0
98	0	0	0	0	0	0	-1	1	0	0
98	0	0	0	0	0	0	-1	1	0	0
98	0	0	0	0	0	0	-1	1	0	0
98	0	0	0	0	0	0	-1	1	0	0
98	0	0	0	0	0	0	-1	1	0	0
98	0	0	0	0	0	0	-1	1	0	0
98	0	0	0	0	0	0	-1	1	0	0
98	0	0	0	0	0	0	-1	1	0	0
98	0	0	0	0	0	0	-1	1	0	0
98	0	0	0	0	0	0	-1	1	0	0
98	0	0	0	0	0	0	-1	1	0	0
98	0	0	0	0	0	0	-1	1	0	0
98	0	0	0	0	0	0	-1	1	0	0
98	0	0	0	0	0	0	-1	1	0	0
98	0	0	0	0	0	0	-1	1	0	0
98	0	0	0	0	0	0	-1	1	0	0
98	0	0	0	0	0	0	-1	1	0	0
98	0	0	0	0	0	0	-1	1	0	0
98	0	0	0	0	0	0	-1	1	0	0
98	0	0	0	0	0	0	-1	1	0	0
98	0	0	0	0	0	0	-1	1	0	0
98	0	0	0	0	0	0	-1	1	0	0
98	0	0	0	0	0	0	-1	1	0	0
98	0	0	0	0	0	0	-1	1	0	0
98	0	0	0	0	0	0	-1	1	0	0
98	0	0	0	0	0	0	-1	1	0	0
98	0	0	0	0	0	0	-1	1	0	0
98	0	0	0	0	0	0	-1	1	0	0
98	0	0	0	0	0	0	-1	1	0	0
98	0	0	0	0	0	0	-1	1	0	0
98	0	0	0	0	0	0	-1	1	0	0
98	0	0	0	0	0	0	-1	1	0	0
98	0	0	0	0	0	0	-1	1	0	0
98	0	0	0	0	0	0	-1	1	0	0
98	0	0	0	0	0	0	-1	1	0	0
98	0	0	0	0	0	0	-1	1	0	0
98	0	0	0	0	0	0	-1	1	0	0
98	0	0	0	0	0	0	-1	1	0	0
98	0	0	0	0	0	0	-1	1	0	0
98	0	0	0	0	0	0	-1	1	0	0
98	0	0	0	0	0	0	-1	1	0	0
98	0	0	0	0	0	0	-1	1	0	0
98	0	0	0	0	0	0	-1	1	0	0
98	0	0	0	0	0	0	-1	1	0	0
98	0	0	0	0	0	0	-1	1	0	0
98	0	0	0	0	0	0	-1	1	0	0
98	0	0	0	0	0	0	-1	1	0	0
98	0	0	0	0	0	0	-1	1	0	0
98	0	0	0	0	0	0	-1	1	0	0
0	0	0	0	0	0	0	0	0	0	0
0	0	0	0	0	0	0	0	0	0	0
0	0	0	0	0	0	0	0	0	0	0
0	0	0	0	0	0	0	0	0	0	0
98	0	0	0	-1	0	0	0	1	0	0
98	0	0	0	-1	0	0	0	1	0	0
98	0	0	0	-1	0	0	0	1	0	0
98	0	0	0	-1	0	0	0	1	0	0
98	0	0	0	-1	0	0	0	1	0	0
98	0	0	0	-1	0	0	0	1	0	0
100	0	0	-1	-1	0	0	0	1	0	0
100	0	0	-1	-1	0	0	0	1	0	0
100	0	0	-1	-1	0	0	0	1	0	0
100	0	0	-1	-1	0	0	0	1	0	0
100	0	0	-1	-1	0	0	0	1	0	0
100	0	0	-1	-1	0	0	0	1	0	0
100	0	0	-2	-1	0	0	0	1	0	0
100	0	0	-2	-1	0	0	0	1	0	0
100	0	0	-2	-1	0	0	0	1	0	0
100	0	0	-2	-1	0	0	0	1	0	0
100	0	0	-3	-1	0	0	0	1	0	0
100	0	0	-3	-1	0	0	0	1	0	0
100	0	0	-3	-1	0	0	0	1	0	0
100	0	0	-3	-2	0	0	0	1	0	0
100	0	0	-3	-2	0	0	0	1	0	0
100	0	0	-3	-2	0	0	0	1	0	0
100	0	0	-3	-2	0	0	0	1	0	0
100	0	0	-3	-2	0	0	0	1	0	0
100	0	0	-3	-2	0	0	0	1	0	0
100	0	0	-2	-2	0	0	0	1	-1	0
100	0	0	-2	-2	0	0	0	1	-1	0
100	0	0	-2	-2	0	0	0	1	-1	0
100	0	0	-1	-2	0	0	0	1	-1	0
100	0	0	-1	-2	0	0	0	1	-1	0
100	0	0	-1	-2	0	0	0	1	-1	-1
100	0	0	0	-3	0	0	0	1	-1	-1
100	0	0	0	-3	0	0	0	1	-1	-1
100	0	0	0	-3	0	0	0	1	-1	-1
100	0	0	0	-2	0	0	0	1	-1	-1
100	0	0	0	-2	0	0	0	1	-1	-1
100	0	0	0	-2	0	0	0	1	-1	-1
100	0	0	0	-2	0	0	0	1	-1	-1
100	0	0	0	-2	0	0	0	1	-1	-1
100	0	0	0	-2	0	0	0	1	-1	-1
100	0	0	0	-3	0	0	0	1	-1	-1
100	0	0	0	-3	0	0	0	1	-1	-1
100	0	0	0	-3	0	0	0	1	-1	-1
100	0	0	1	-2	0	0	0	1	-1	-1
100	0	0	1	-2	0	0	0	1	-1	-1
100	0	0	1	-2	0	0	0	1	-1	-1
100	0	0	1	-2	0	0	0	1	-1	-1
100	0	0	0	-3	0	0	0	1	-1	-2
100	0	0	0	-3	0	0	0	1	-1	-2
100	0	0	0	-3	0	0	0	1	-1	-2
100	0	0	1	-4	0	0	0	1	-1	-2
100	0	0	1	-4	0	0	0	1	-1	-2
100	0	0	1	-4	0	0	0	1	-1	-2
100	0	0	2	-4	0	0	0	1	-1	-2
100	0	0	2	-4	0	0	0	1	0	-2
100	0	0	2	-4	0	0	0	1	0	-2
100	0	0	2	-5	0	0	0	1	0	-2
100	0	0	2	-5	0	0	0	1	0	-2
100	0	0	2	-5	0	0	0	1	0	-3
100	0	0	2	-5	0	0	0	1	0	-3
100	0	0	2	-5	0	0	0	1	0	-3
100	0	0	2	-5	0	0	0	1	0	-3
100	0	0	2	-3	0	0	0	1	0	-3
100	0	0	2	-3	0	0	0	1	0	-3
100	0	0	2	-3	0	0	0	1	0	-3
100	0	0	3	-4	0	0	0	1	0	-3
100	0	0	3	-4	0	0	0	1	0	-3
100	0	0	3	-4	0	0	0	1	0	-3
100	0	0	4	-4	0	0	0	1	0	-4
100	0	0	4	-4	0	0	0	1	0	-4
100	0	0	4	-4	0	0	0	1	0	-4
100	0	0	5	-5	0	0	0	1	0	-4
100	0	0	5	-5	0	0	0	1	0	-4
100	0	0	5	-5	0	0	0	1	0	-4
100	0	0	5	-6	0	0	0	1	0	-4
100	0	0	5	-6	0	0	0	1	0	-4
100	0	0	5	-6	0	0	0	1	0	-4
100	0	0	5	-6	0	0	0	1	0	-5
100	0	0	5	-7	0	0	0	1	0	-5
100	0	0	5	-7	0	0	0	1	1	-5
100	0	0	5	-7	0	0	0	1	1	-5
100	0	0	3	-7	0	0	0	1	1	-5
100	0	0	3	-7	0	0	0	1	1	-5
100	0	0	3	-7	0	0	0	1	1	-5
100	0	0	3	-5	0	0	0	1	1	-6
100	0	0	3	-5	0	0	0	1	1	-6
100	0	0	3	-5	0	0	0	1	1	-6
100	0	0	2	-8	0	0	0	1	1	-6
100	0	0	2	-8	0	0	0	1	1	-6
100	0	0	2	-8	0	0	0	1	1	-6
100	0	0	0	-10	0	0	0	1	1	-7
100	0	0	0	-10	0	0	0	1	1	-7
100	0	0	0	-10	0	0	0	1	1	-7
100	0	0	0	-9	0	0	0	1	1	-7
100	0	0	0	-9	0	0	0	1	1	-7
100	0	0	0	-9	0	0	0	1	1	-8
100	0	0	1	-10	0	0	0	1	1	-8
100	0	0	1	-10	0	0	0	1	1	-8
100	0	0	1	-10	0	0	0	1	1	-8
100	0	0	0	-10	0	0	0	1	1	-8
100	0	0	0	-10	0	0	0	1	1	-9
100	0	0	0	-10	0	0	0	1	1	-9
100	0	0	0	-12	0	0	0	1	1	-9
100	0	0	0	-12	0	0	0	1	2	-9
100	0	0	0	-12	0	0	0	1	2	-10
100	0	0	0	-11	0	0	0	1	2	-10
100	0	0	0	-11	0	0	0	1	2	-10
100	0	0	0	-11	0	0	0	1	2	-10
100	0	0	0	-11	0	0	0	1	2	-11
100	0	0	-2	-12	0	0	0	1	2	-11
100	0	0	-2	-12	0	0	0	1	1	-11
100	0	0	-1	-12	0	0	0	1	1	-11
100	0	0	-1	-12	0	0	0	1	1	-12
100	0	0	-1	-12	0	0	0	1	1	-12
100	0	0	-1	-12	0	0	0	1	1	-12
100	0	0	0	-12	0	0	0	1	1	-13
100	0	0	0	-12	0	0	0	1	1	-13
100	0	0	0	-12	0	0	0	1	1	-13
100	0	0	-4	-13	0	0	0	1	1	-13
100	0	0	-4	-13	0	0	0	1	1	-14
100	0	0	-4	-13	0	0	0	1	1	-14
100	0	0	-4	-17	0	0	0	1	1	-14
100	0	0	-4	-17	0	0	0	1	1	-15
100	0	0	-4	-17	0	0	0	1	1	-15
100	0	0	-9	-14	0	0	0	1	1	-15
100	0	0	-9	-14	0	0	0	1	0	-16
100	0	0	-9	-14	0	0	0	1	0	-16
100	0	0	-12	-14	0	0	0	1	0	-16
100	0	0	-12	-14	0	0	0	1	0	-16
100	0	0	-12	-14	0	0	0	1	0	-17
100	0	0	-16	-16	0	0	0	1	0	-17
100	0	0	-16	-16	0	0	0	1	0	-17
100	0	0	-16	-16	0	0	0	1	0	-18
100	0	0	-20	-8	0	0	1	1	-1	-18
100	0	0	-20	-8	0	0	1	1	-1	-18
100	0	0	-20	-8	0	0	1	1	-2	-18
100	0	0	-15	3	0	-1	1	1	-2	-19
100	0	0	-15	3	0	-1	1	1	-2	-19
100	0	0	-15	3	0	-1	1	1	-3	-19
100	0	0	-15	3	0	-1	1	1	-3	-18
100	0	0	-5	22	0	-1	2	2	-3	-18
100	0	0	-5	22	0	-1	2	2	-4	-18
100	0	0	8	20	0	-1	2	2	-4	-17
100	0	0	8	20	0	-1	2	2	-3	-17
100	0	0	8	20	0	-1	2	2	-3	-17
100	0	0	8	20	0	-1	2	2	-3	-16
100	0	0	17	21	0	-1	2	2	-3	-16
100	0	0	17	21	0	-1	2	2	-3	-15
100	0	0	17	21	0	-1	2	2	-2	-15
100	0	0	38	40	0	-1	1	2	-2	-14
100	0	0	38	40	0	-1	1	2	-1	-14
100	0	0	38	40	0	-1	1	2	0	-13
100	0	0	57	54	0	0	1	2	0	-12
100	0	0	57	54	0	0	1	2	1	-11
100	0	0	57	54	0	0	1	2	2	-9
100	0	0	69	58	0	0	0	2	3	-8
100	0	0	69	58	0	0	0	2	5	-7
100	0	0	69	58	0	0	0	2	6	-6
100	0	0	76	61	0	0	0	2	8	-5
100	0	0	76	61	0	0	0	2	9	-3
100	0	0	76	61	0	0	0	2	11	-2
100	0	0	83	63	0	0	0	2	12	-1
100	0	0	83	63	0	0	0	2	14	0
100	0	0	83	63	0	0	0	2	16	1
100	0	0	88	64	0	0	0	2	18	2
100	0	0	88	64	0	0	0	2	20	4
100	0	0	88	64	0	0	0	2	21	5
100	0	0	89	67	0	0	0	3	23	6
100	0	0	89	67	0	0	0	3	25	8
100	0	0	89	67	0	0	0	3	27	9
100	0	0	90	67	0	0	0	3	29	11
100	0	0	90	67	0	0	0	3	31	12
100	0	0	90	67	0	0	0	3	33	13
100	0	0	88	62	0	0	0	3	35	15
100	0	0	88	62	0	0	0	3	36	16
100	0	0	88	62	0	0	0	3	38	18
100	0	0	87	52	0	0	0	3	40	19
100	0	0	87	52	0	0	0	3	42	20
100	0	0	87	52	0	0	0	3	44	21
100	0	0	88	45	0	0	0	3	46	22
100	0	0	88	45	0	0	0	3	48	23
100	0	0	88	45	0	0	0	3	49	24
100	0	0	88	45	0	0	0	3	51	25
100	0	0	92	42	0	0	0	-59	53	26
100	0	0	92	42	0	0	0	-59	55	27
100	0	0	92	42	0	0	0	-59	57	28
100	0	253	94	49	0	0	0	-59	59	29
100	0	253	94	49	0	0	0	-59	61	30
100	0	253	94	49	0	0	0	-59	63	31
100	0	258	69	81	0	1	0	-58	65	32
100	0	258	69	81	0	1	0	-58	66	33
100	0	258	69	81	0	1	0	-58	68	35
100	0	278	47	95	0	1	1	-58	69	37
100	0	278	47	95	0	1	1	-58	70	39
100	0	278	47	95	0	1	1	-58	71	41
100	0	299	18	146	0	2	3	-58	72	43
100	0	299	18	146	0	2	3	-58	73	46
100	0	299	18	146	0	2	3	-58	73	49
94	0	326	-19	224	0	3	5	-58	73	52
94	0	326	-19	224	0	3	5	-58	73	57
94	0	326	-19	224	0	3	5	-58	73	62
94	0	372	-72	238	0	3	2	-58	72	66
94	0	372	-72	238	0	3	2	-58	71	71
94	0	372	-72	238	0	3	2	-58	69	76
94	0	416	-123	203	0	3	0	-58	68	81
94	0	416	-123	203	0	3	0	-58	65	86
94	0	416	-123	203	0	3	0	-58	62	90
94	0	416	-123	203	0	3	0	-58	60	94
94	0	479	18	90	0	3	0	-58	57	99
94	0	479	18	90	0	3	0	-58	57	100
94	0	523	-21	176	0	2	-1	-58	58	102
94	0	523	-21	176	0	2	-1	-58	57	106
94	0	523	-21	176	0	2	-1	-58	57	110
94	0	523	-21	176	0	2	-1	-58	57	113
94	0	559	8	136	0	2	-1	-59	56	117
94	0	559	8	136	0	2	-1	-59	56	120
94	0	559	8	136	0	2	-1	-59	56	123
94	0	595	0	107	0	1	-2	-59	57	126
94	0	595	0	107	0	1	-2	-59	57	128
94	0	595	0	107	0	1	-2	-59	57	130
94	0	611	-1	82	0	1	-2	-59	57	133
94	0	611	-1	82	0	1	-2	-59	57	134
94	0	611	-1	82	0	1	-2	-59	57	136
94	0	621	52	159	0	0	-2	-59	57	138
94	0	621	52	159	0	0	-2	-59	58	141
94	0	621	52	159	0	0	-2	-59	59	144
94	0	634	66	182	0	0	-2	-59	60	148
94	0	634	66	182	0	0	-2	-59	61	152
94	0	634	66	182	0	0	-2	-59	63	155
94	0	638	-3	149	0	0	0	-59	64	159
94	0	638	-3	149	0	0	0	-59	64	162
94	0	638	-3	149	0	0	0	-59	64	166
94	0	645	-2	185	0	0	4	-59	64	169
94	0	645	-2	185	0	0	4	-59	64	173
94	0	645	-2	185	0	0	4	-59	64	177
94	0	648	64	297	0	0	7	-59	64	180
94	0	648	64	297	0	0	7	-59	65	187
94	0	648	64	297	0	0	7	-59	66	193
94	0	652	85	394	0	0	5	-59	68	199
94	0	652	85	394	0	0	5	-59	70	207
94	0	652	85	394	0	0	5	-59	71	215
94	0	652	75	400	0	0	0	-59	73	224
94	0	652	75	400	0	0	0	-59	75	232
94	0	652	75	400	0	0	0	-59	76	241
86	0	651	37	368	0	1	-3	-59	78	249
86	0	651	37	368	0	1	-3	-59	79	257
86	0	651	37	368	0	1	-3	-59	79	264
86	0	650	-62	249	0	0	-4	-59	80	272
86	0	650	-62	249	0	0	-4	-59	79	277
86	0	650	-62	249	0	0	-4	-59	78	283
86	0	650	-62	249	0	0	-4	-59	76	288
86	0	651	-60	241	0	0	-1	-59	75	293
86	0	651	-60	241	0	0	-1	-59	74	298
86	0	651	-60	241	0	0	-1	-59	72	303
86	0	652	-85	257	0	0	-1	-59	71	308
86	0	652	-85	257	0	0	-1	-59	69	314
86	0	652	-85	257	0	0	-1	-59	68	319
86	0	658	-93	171	0	0	-2	-60	66	325
86	0	658	-93	171	0	0	-2	-60	64	328
86	0	658	-93	171	0	0	-2	-60	62	332
86	0	657	-52	82	0	0	-3	-60	60	335
86	0	657	-52	82	0	0	-3	-60	59	337
86	0	657	-52	82	0	0	-3	-60	58	339
86	0	661	-42	-31	0	0	-6	-60	57	341
86	0	661	-42	-31	0	0	-6	-60	56	340
86	0	661	-42	-31	0	0	-6	-60	55	339
86	0	669	0	-174	0	0	-7	-59	54	339
86	0	669	0	-174	0	0	-7	-59	54	335
86	0	669	0	-174	0	0	-7	-59	54	331
86	0	676	-28	-261	0	0	-8	-58	54	327
86	0	676	-28	-261	0	0	-8	-58	53	322
86	0	676	-28	-261	0	0	-8	-58	53	316
86	0	687	-24	-348	0	0	-9	-58	52	311
86	0	687	-24	-348	0	0	-9	-58	52	304
86	0	687	-24	-348	0	0	-9	-58	51	296
86	0	687	-24	-348	0	0	-9	-58	51	289
86	0	689	9	-445	0	0	-4	-58	50	282
86	0	689	9	-445	0	0	-4	-58	50	272
86	0	689	53	-408	0	0	1	-58	50	263
86	0	689	53	-408	0	0	1	-58	52	254
86	0	689	53	-408	0	0	1	-58	53	246
86	0	689	53	-408	0	0	1	-58	54	237
86	0	687	22	-336	0	0	6	-58	55	228
86	0	687	22	-336	0	0	6	-58	55	222
86	0	687	22	-336	0	0	6	-58	56	214
86	0	686	-50	-316	0	1	8	-58	56	207
86	0	686	-50	-316	0	1	8	-58	55	201
86	0	686	-50	-316	0	1	8	-58	54	194
86	0	688	-109	-179	0	0	8	-58	53	187
86	0	688	-109	-179	0	0	8	-58	51	184
86	0	688	-109	-179	0	0	8	-58	49	180
86	0	689	-130	7	0	0	6	-58	46	176
86	0	689	-130	7	0	0	6	-58	44	176
86	0	689	-130	7	0	0	6	-58	41	176
76	0	690	-151	36	0	0	0	-58	38	177
76	0	690	-151	36	0	0	0	-58	35	177
76	0	690	-151	36	0	0	0	-58	32	178
76	0	692	-28	-54	0	0	-5	-58	28	179
76	0	692	-28	-54	0	0	-5	-58	28	178
76	0	692	-28	-54	0	0	-5	-58	27	177
76	0	693	-46	-145	0	0	-8	-58	27	175
76	0	693	-46	-145	0	0	-8	-58	26	172
76	0	693	-46	-145	0	0	-8	-58	25	169
76	0	697	-95	-244	0	0	-9	-58	24	166
76	0	697	-95	-244	0	0	-9	-58	22	161
76	0	697	-95	-244	0	0	-9	-58	20	156
76	0	697	-76	-313	0	0	-10	-58	18	151
76	0	697	-76	-313	0	0	-10	-58	16	144
76	0	697	-76	-313	0	0	-10	-58	14	138
76	0	719	-58	-414	0	0	-9	-58	13	131
76	0	719	-58	-414	0	0	-9	-58	12	122
76	0	719	-58	-414	0	0	-9	-58	10	114
76	0	719	-58	-414	0	0	-9	-58	9	105
76	0	705	-68	-462	0	0	-9	-58	8	96
76	0	705	-68	-462	0	0	-9	-58	6	86
76	0	705	-68	-462	0	0	-9	-58	5	76
76	0	698	-73	-536	0	0	-8	-58	4	67
76	0	698	-73	-536	0	0	-8	-58	2	55
76	0	698	-73	-536	0	0	-8	-58	0	44
76	0	693	-89	-600	0	0	-8	-58	0	32
76	0	693	-89	-600	0	0	-8	-58	-2	20
76	0	693	-89	-600	0	0	-8	-58	-4	7
76	0	689	-42	-752	0	0	-1	-58	-6	-4
76	0	689	-42	-752	0	0	-1	-58	-7	-20
76	0	689	-42	-752	0	0	-1	-58	-8	-37
76	0	689	-17	-636	0	0	6	-58	-9	-56
76	0	689	-17	-636	0	0	6	-58	-9	-73
76	0	689	-17	-636	0	0	6	-58	-9	-85
76	0	689	49	-481	0	0	11	-58	-10	-99
76	0	689	49	-481	0	0	11	-58	-9	-109
76	0	688	40	-322	0	0	8	-58	-8	-119
76	0	688	40	-322	0	0	8	-58	-7	-126
76	0	688	40	-322	0	0	8	-58	-6	-133
76	0	688	40	-322	0	0	8	-58	-5	-139
76	0	692	44	-239	0	-1	1	-58	-4	-146
76	0	692	44	-239	0	-1	1	-58	-3	-151
76	0	692	44	-239	0	-1	1	-58	-3	-156
76	0	688	71	-219	0	-4	-1	-58	-2	-161
76	0	688	71	-219	0	-4	-1	-58	0	-166
76	0	688	71	-219	0	-4	-1	-58	0	-171
69	0	683	126	-229	0	-6	-3	-58	2	-175
69	0	683	126	-229	0	-6	-3	-58	5	-180
69	0	683	126	-229	0	-6	-3	-58	7	-185
69	0	678	210	-246	0	-8	-2	-58	10	-190
69	0	678	210	-246	0	-8	-2	-58	14	-195
69	0	678	210	-246	0	-8	-2	-58	19	-200
69	0	674	290	-279	0	-10	-2	-58	23	-205
69	0	674	290	-279	0	-10	-2	-58	29	-211
69	0	674	290	-279	0	-10	-2	-58	35	-217
69	0	669	398	-278	0	-10	-1	-58	41	-223
69	0	669	398	-278	0	-10	-1	-58	50	-229
69	0	669	398	-278	0	-10	-1	-58	58	-234
69	0	662	485	-267	0	-7	0	-58	67	-240
69	0	662	485	-267	0	-7	0	-58	77	-246
69	0	662	485	-267	0	-7	0	-58	87	-251
69	0	657	533	-250	0	-3	0	-58	97	-257
69	0	657	533	-250	0	-3	0	-58	108	-262
69	0	657	533	-250	0	-3	0	-58	120	-268
69	0	657	533	-250	0	-3	0	-58	131	-273
69	0	652	533	-227	0	0	0	-58	142	-278
69	0	652	533	-227	0	0	0	-58	153	-283
69	0	648	493	-198	0	3	1	-58	164	-288
69	0	648	493	-198	0	3	1	-58	175	-292
69	0	648	493	-198	0	3	1	-58	185	-296
69	0	648	493	-198	0	3	1	-58	195	-300
69	0	643	416	-163	0	6	2	-58	206	-304
69	0	643	416	-163	0	6	2	-58	215	-308
69	0	643	416	-163	0	6	2	-58	223	-311
69	0	639	305	-130	0	8	2	-58	232	-315
69	0	639	305	-130	0	8	2	-58	238	-317
69	0	639	305	-130	0	8	2	-58	245	-320
69	0	633	136	-135	0	9	2	-58	251	-323
69	0	633	136	-135	0	9	2	-58	254	-326
69	0	633	136	-135	0	9	2	-58	257	-329
69	0	631	22	-101	0	7	3	-58	260	-331
69	0	631	22	-101	0	7	3	-58	260	-334
69	0	631	22	-101	0	7	3	-58	261	-336
69	0	631	-4	-54	0	4	3	-59	261	-338
69	0	631	-4	-54	0	4	3	-59	261	-339
69	0	631	-4	-54	0	4	3	-59	261	-340
69	0	637	-23	2	0	2	2	-59	261	-341
69	0	637	-23	2	0	2	2	-59	260	-341
69	0	637	-23	2	0	2	2	-59	260	-341
69	0	645	-37	28	0	0	1	-59	259	-341
69	0	645	-37	28	0	0	1	-59	259	-340
69	0	645	-37	28	0	0	1	-59	258	-340
69	0	651	-42	46	0	0	0	-59	257	-339
69	0	651	-42	46	0	0	0	-59	256	-338
69	0	651	-42	46	0	0	0	-59	255	-337
65	0	654	-43	63	0	0	0	-59	254	-336
65	0	654	-43	63	0	0	0	-59	253	-335
65	0	654	-43	63	0	0	0	-59	253	-334
65	0	649	-45	71	0	0	0	-59	252	-332
65	0	649	-45	71	0	0	0	-59	251	-331
65	0	649	-45	71	0	0	0	-59	250	-329
65	0	649	-45	71	0	0	0	-59	249	-328
65	0	647	-44	64	0	0	0	-59	248	-326
65	0	647	-44	64	0	0	0	-59	247	-325
65	0	647	-44	64	0	0	0	-59	246	-323
65	0	653	-43	69	0	-1	0	-59	245	-322
65	0	653	-43	69	0	-1	0	-59	244	-321
65	0	653	-43	69	0	-1	0	-59	243	-319
65	0	657	-34	79	0	-1	0	-59	242	-318
65	0	657	-34	79	0	-1	0	-59	242	-316
65	0	657	-34	79	0	-1	0	-59	241	-314
65	0	662	-23	85	0	-1	0	-59	240	-313
65	0	662	-23	85	0	-1	0	-59	240	-311
65	0	662	-23	85	0	-1	0	-59	239	-309
65	0	664	-21	87	0	-1	0	-59	239	-307
65	0	664	-21	87	0	-1	0	-59	238	-305
65	0	664	-21	87	0	-1	0	-59	238	-303
65	0	669	-17	93	0	0	0	-59	237	-302
65	0	669	-17	93	0	0	0	-59	237	-300
65	0	669	-17	93	0	0	0	-59	236	-298
65	0	679	-15	96	0	0	0	-59	236	-296
65	0	679	-15	96	0	0	0	-59	236	-294
65	0	679	-15	96	0	0	0	-59	235	-292
65	0	686	-7	86	0	0	-1	-59	235	-290
65	0	686	-7	86	0	0	-1	-59	235	-288
65	0	686	-7	86	0	0	-1	-59	235	-286
65	0	695	-8	85	0	0	0	-59	235	-284
65	0	695	-8	85	0	0	0	-59	234	-282
65	0	695	-8	85	0	0	0	-59	234	-280
65	0	709	-9	88	0	0	0	-59	234	-279
65	0	709	-9	88	0	0	0	-59	234	-277
65	0	709	-9	88	0	0	0	-59	234	-275
65	0	722	-4	83	0	0	0	-59	233	-273
65	0	722	-4	83	0	0	0	-59	233	-271
65	0	722	-4	83	0	0	0	-59	233	-270
65	0	738	-2	82	0	0	0	-59	233	-268
65	0	738	-2	82	0	0	0	-59	233	-266
65	0	738	-2	82	0	0	0	-59	233	-264
65	0	754	0	75	0	0	-1	-59	233	-263
65	0	754	0	75	0	0	-1	-59	233	-261
65	0	754	0	75	0	0	-1	-59	233	-259
61	0	770	-9	75	0	0	0	-59	233	-258
61	0	770	-9	75	0	0	0	-59	233	-256
61	0	770	-9	75	0	0	0	-59	233	-255
61	0	790	-13	68	0	0	0	-59	232	-253
61	0	790	-13	68	0	0	0	-59	232	-252
61	0	790	-13	68	0	0	0	-59	232	-250
61	0	790	-13	68	0	0	0	-59	232	-249
61	0	809	-17	61	0	0	0	-59	231	-247
61	0	809	-17	61	0	0	0	-59	231	-246
61	0	809	-17	61	0	0	0	-59	231	-245
61	0	830	-24	74	0	0	0	-59	230	-243
61	0	830	-24	74	0	0	0	-59	230	-242
61	0	830	-24	74	0	0	0	-59	229	-240
61	0	855	-19	51	0	0	0	-59	228	-238
61	0	855	-19	51	0	0	0	-59	228	-237
61	0	855	-19	51	0	0	0	-59	228	-236
61	0	879	-18	37	0	0	-1	-59	227	-235
61	0	879	-18	37	0	0	-1	-59	227	-234
61	0	879	-18	37	0	0	-1	-59	226	-234
61	0	904	-16	19	0	0	-1	-59	226	-233
61	0	904	-16	19	0	0	-1	-59	226	-232
61	0	904	-16	19	0	0	-1	-59	225	-232
61	0	926	-39	20	0	0	-1	-59	225	-232
61	0	926	-39	20	0	0	-1	-59	224	-231
61	0	926	-39	20	0	0	-1	-59	223	-231
61	0	946	-74	26	0	0	-1	-59	223	-230
61	0	946	-74	26	0	0	-1	-59	221	-230
61	0	946	-74	26	0	0	-1	-59	219	-229
61	0	966	-90	25	0	-1	-1	-59	218	-229
61	0	966	-90	25	0	-1	-1	-59	216	-228
61	0	966	-90	25	0	-1	-1	-59	214	-228
61	0	982	-83	18	0	-1	-1	-59	212	-227
61	0	982	-83	18	0	-1	-1	-59	210	-227
61	0	982	-83	18	0	-1	-1	-59	209	-226
61	0	997	-74	23	0	-1	-1	-59	207	-226
61	0	997	-74	23	0	-1	-1	-59	205	-225
61	0	997	-74	23	0	-1	-1	-59	204	-225
61	0	1012	-65	20	0	-2	-1	-59	202	-224
61	0	1012	-65	20	0	-2	-1	-59	201	-224
61	0	1012	-65	20	0	-2	-1	-59	199	-224
61	0	1027	-14	12	0	-4	0	-59	198	-223
61	0	1027	-14	12	0	-4	0	-59	198	-223
61	0	1027	-14	12	0	-4	0	-59	197	-223
61	0	1027	-14	12	0	-4	0	-59	197	-222
61	0	1038	54	6	0	-6	0	-59	197	-222
61	0	1038	54	6	0	-6	0	-59	198	-222
61	0	1038	54	6	0	-6	0	-59	199	-222
61	0	1048	172	31	0	-7	0	-58	200	-222
61	0	1048	172	31	0	-7	0	-58	204	-221
61	0	1048	172	31	0	-7	0	-58	207	-220
56	0	1057	236	90	0	-4	0	-58	211	-220
56	0	1057	236	90	0	-4	0	-58	216	-218
56	0	1057	236	90	0	-4	0	-58	221	-216
56	0	1066	175	103	0	-1	0	-58	226	-214
56	0	1066	175	103	0	-1	0	-58	230	-212
56	0	1066	175	103	0	-1	0	-58	233	-210
56	0	1076	124	77	0	0	0	-59	237	-207
56	0	1076	124	77	0	0	0	-59	240	-206
56	0	1076	124	77	0	0	0	-59	242	-204
56	0	1087	188	69	0	0	0	-58	245	-203
56	0	1087	188	69	0	0	0	-58	249	-201
56	0	1087	188	69	0	0	0	-58	253	-200
56	0	1094	223	104	0	0	0	-58	257	-198
56	0	1094	223	104	0	0	0	-58	262	-196
56	0	1094	223	104	0	0	0	-58	267	-194
56	0	1104	163	112	0	2	0	-59	271	-192
56	0	1104	163	112	0	2	0	-59	275	-189
56	0	1104	163	112	0	2	0	-59	278	-187
56	0	1110	65	82	0	1	0	-59	281	-184
56	0	1110	65	82	0	1	0	-59	283	-183
56	0	1110	65	82	0	1	0	-59	284	-181
56	0	1120	65	74	0	0	0	-59	286	-179
56	0	1120	65	74	0	0	0	-59	287	-178
56	0	1120	65	74	0	0	0	-59	288	-176
56	0	1126	176	99	0	-2	0	-59	290	-174
56	0	1126	176	99	0	-2	0	-59	293	-172
56	0	1126	176	99	0	-2	0	-59	297	-170
56	0	1129	177	137	0	-1	0	-59	301	-168
56	0	1129	177	137	0	-1	0	-59	305	-165
56	0	1129	177	137	0	-1	0	-59	308	-162
56	0	1145	93	120	0	-1	0	-59	312	-160
56	0	1145	93	120	0	-1	0	-59	314	-157
56	0	1145	93	120	0	-1	0	-59	316	-155
56	0	1145	93	120	0	-1	0	-59	318	-152
56	0	1149	155	134	0	-2	0	-59	320	-150
56	0	1149	155	134	0	-2	0	-59	323	-147
56	0	1149	155	134	0	-2	0	-59	326	-144
56	0	1151	208	183	0	0	0	-59	330	-141
56	0	1151	208	183	0	0	0	-59	334	-137
56	0	1151	208	183	0	0	0	-59	338	-133
56	0	1154	161	168	0	1	-1	-59	343	-129
56	0	1154	161	168	0	1	-1	-59	346	-126
56	0	1154	161	168	0	1	-1	-59	349	-122
56	0	1155	81	134	0	2	-2	-59	353	-119
56	0	1155	81	134	0	2	-2	-59	354	-116
56	0	1155	81	134	0	2	-2	-59	356	-113
54	0	1159	5	97	0	3	-2	-60	358	-110
54	0	1159	5	97	0	3	-2	-60	358	-108
54	0	1159	5	97	0	3	-2	-60	358	-106
54	0	1161	-4	66	0	2	-2	-60	358	-104
54	0	1161	-4	66	0	2	-2	-60	358	-103
54	0	1161	-4	66	0	2	-2	-60	358	-101
54	0	1160	26	58	0	1	-2	-60	358	-100
54	0	1160	26	58	0	1	-2	-60	358	-99
54	0	1160	26	58	0	1	-2	-60	359	-98
54	0	1162	30	38	0	1	-2	-60	360	-96
54	0	1162	30	38	0	1	-2	-60	360	-96
54	0	1162	30	38	0	1	-2	-60	361	-95
54	0	1162	17	15	0	1	-1	-60	362	-94
54	0	1162	17	15	0	1	-1	-60	362	-94
54	0	1162	17	15	0	1	-1	-60	362	-93
54	0	1162	17	15	0	1	-1	-60	363	-93
54	0	1156	5	7	0	0	-1	-60	363	-93
54	0	1156	5	7	0	0	-1	-60	363	-92
54	0	1152	14	0	0	0	-1	-60	363	-92
54	0	1152	14	0	0	0	-1	-60	364	-92
54	0	1152	14	0	0	0	-1	-60	364	-92
54	0	1152	14	0	0	0	-1	-60	364	-92
54	0	1144	24	-3	0	0	0	-60	364	-92
54	0	1144	24	-3	0	0	0	-60	365	-92
54	0	1144	24	-3	0	0	0	-60	365	-92
54	0	1144	3	-2	0	0	0	-59	366	-93
54	0	1144	3	-2	0	0	0	-59	366	-93
54	0	1144	3	-2	0	0	0	-59	366	-93
54	0	1143	-27	-3	0	0	0	-59	366	-93
54	0	1143	-27	-3	0	0	0	-59	366	-93
54	0	1143	-27	-3	0	0	0	-59	365	-93
54	0	1136	-47	-14	0	0	0	-59	364	-93
54	0	1136	-47	-14	0	0	0	-59	363	-93
54	0	1136	-47	-14	0	0	0	-59	362	-94
54	0	1141	-56	-25	0	0	0	-59	361	-94
54	0	1141	-56	-25	0	0	0	-59	360	-94
54	0	1141	-56	-25	0	0	0	-59	359	-95
54	0	1140	-24	-41	0	0	0	-59	358	-95
54	0	1140	-24	-41	0	0	0	-59	357	-96
54	0	1140	-24	-41	0	0	0	-59	357	-97
54	0	1137	-12	-47	0	0	0	-59	356	-98
54	0	1137	-12	-47	0	0	0	-59	356	-99
54	0	1137	-12	-47	0	0	0	-59	356	-100
54	0	1135	-65	-54	0	0	0	-59	355	-101
54	0	1135	-65	-54	0	0	0	-59	354	-102
54	0	1135	-65	-54	0	0	0	-59	353	-103
54	0	1131	-45	-67	0	-1	0	-59	351	-105
54	0	1131	-45	-67	0	-1	0	-59	350	-106
54	0	1131	-45	-67	0	-1	0	-59	349	-107
53	0	1128	34	-40	0	-1	0	-59	348	-109
53	0	1128	34	-40	0	-1	0	-59	349	-110
53	0	1128	34	-40	0	-1	0	-59	350	-110
53	0	1128	34	-40	0	-1	0	-59	351	-111
53	0	1129	46	-22	0	-1	0	-59	351	-112
53	0	1129	46	-22	0	-1	0	-59	352	-113
53	0	1129	46	-22	0	-1	0	-59	353	-113
53	0	1125	32	-7	0	0	0	-59	354	-114
53	0	1125	32	-7	0	0	0	-59	355	-114
53	0	1125	32	-7	0	0	0	-59	356	-114
53	0	1121	-23	-5	0	0	0	-59	356	-114
53	0	1121	-23	-5	0	0	0	-59	356	-114
53	0	1121	-23	-5	0	0	0	-59	355	-114
53	0	1123	-43	-18	0	0	0	-59	355	-114
53	0	1123	-43	-18	0	0	0	-59	354	-115
53	0	1123	-43	-18	0	0	0	-59	353	-115
53	0	1129	-48	-26	0	0	0	-59	352	-116
53	0	1129	-48	-26	0	0	0	-59	351	-116
53	0	1129	-48	-26	0	0	0	-59	350	-117
53	0	1133	-76	-35	0	0	0	-59	349	-117
53	0	1133	-76	-35	0	0	0	-59	347	-118
53	0	1133	-76	-35	0	0	0	-59	346	-119
53	0	1136	-70	-29	0	0	0	-59	344	-120
53	0	1136	-70	-29	0	0	0	-59	343	-120
53	0	1136	-70	-29	0	0	0	-59	341	-121
53	0	1143	-65	-23	0	0	0	-59	340	-121
53	0	1143	-65	-23	0	0	0	-59	338	-122
53	0	1143	-65	-23	0	0	0	-59	337	-122
53	0	1143	-40	-10	0	-1	0	-59	336	-123
53	0	1143	-40	-10	0	-1	0	-59	335	-123
53	0	1143	-40	-10	0	-1	0	-59	334	-123
53	0	1142	-14	-7	0	0	0	-59	333	-123
53	0	1142	-14	-7	0	0	0	-59	333	-124
53	0	1142	-14	-7	0	0	0	-59	332	-124
53	0	1145	2	-2	0	0	0	-59	332	-124
53	0	1145	2	-2	0	0	0	-59	332	-124
53	0	1145	2	-2	0	0	0	-59	332	-124
53	0	1145	2	-2	0	0	0	-59	332	-124
53	0	1148	-6	0	0	0	0	-59	332	-124
53	0	1148	-6	0	0	0	0	-59	332	-124
53	0	1148	-6	0	0	0	0	-59	332	-124
53	0	1146	-50	-12	0	-1	0	-59	332	-124
53	0	1146	-50	-12	0	-1	0	-59	331	-124
53	0	1146	-50	-12	0	-1	0	-59	330	-125
53	0	1146	-21	-23	0	-3	0	-59	329	-125
53	0	1146	-21	-23	0	-3	0	-59	328	-125
53	0	1146	-21	-23	0	-3	0	-59	328	-126
51	0	1144	123	6	0	-2	0	-59	327	-126
51	0	1144	123	6	0	-2	0	-59	330	-126
51	0	1144	123	6	0	-2	0	-59	333	-126
51	0	1147	91	19	0	-1	0	-59	336	-126
51	0	1147	91	19	0	-1	0	-59	338	-125
51	0	1147	91	19	0	-1	0	-59	340	-125
51	0	1147	43	-3	0	-2	0	-59	341	-125
51	0	1147	43	-3	0	-2	0	-59	342	-125
51	