bat	flyst.	alt	vx	vy	vz	theta	phi	psi	px	py
0	0	0	0	0	0	0	0	0	0	0
0	0	0	0	0	0	0	0	0	0	0
0	0	0	0	0	0	0	0	0	0	0
0	0	0	0	0	0	0	0	0	0	0
0	0	0	0	0	0	0	0	0	0	0
0	0	0	0	0	0	0	0	0	0	0
0	0	0	0	0	0	0	0	0	0	0
0	0	0	0	0	0	0	0	0	0	0
0	0	0	0	0	0	0	0	0	0	0
0	0	0	0	0	0	0	0	0	0	0
0	0	0	0	0	0	0	0	0	0	0
0	0	0	0	0	0	0	0	0	0	0
0	0	0	0	0	0	0	0	0	0	0
0	0	0	0	0	0	0	0	0	0	0
0	0	0	0	0	0	0	0	0	0	0
0	0	0	0	0	0	0	0	0	0	0
0	0	0	0	0	0	0	0	0	0	0
0	0	0	0	0	0	0	0	0	0	0
0	0	0	0	0	0	0	0	0	0	0
0	0	0	0	0	0	0	0	0	0	0
0	0	0	0	0	0	0	0	0	0	0
0	0	0	0	0	0	0	0	0	0	0
0	0	0	0	0	0	0	0	0	0	0
0	0	0	0	0	0	0	0	0	0	0
0	0	0	0	0	0	0	0	0	0	0
0	0	0	0	0	0	0	0	0	0	0
0	0	0	0	0	0	0	0	0	0	0
0	0	0	0	0	0	0	0	0	0	0
0	0	0	0	0	0	0	0	0	0	0
0	0	0	0	0	0	0	0	0	0	0
0	0	0	0	0	0	0	0	0	0	0
0	0	0	0	0	0	0	0	0	0	0
0	0	0	0	0	0	0	0	0	0	0
0	0	0	0	0	0	0	0	0	0	0
0	0	0	0	0	0	0	0	0	0	0
0	0	0	0	0	0	0	0	0	0	0
0	0	0	0	0	0	0	0	0	0	0
0	0	0	0	0	0	0	0	0	0	0
0	0	0	0	0	0	0	0	0	0	0
0	0	0	0	0	0	0	0	0	0	0
0	0	0	0	0	0	0	0	0	0	0
0	0	0	0	0	0	0	0	0	0	0
56	0	0	0	0	0	-1	0	134	0	0
56	0	0	0	0	0	-1	0	134	0	0
56	0	0	0	0	0	-1	0	134	0	0
56	0	0	0	0	0	-1	0	134	0	0
56	0	0	0	0	0	-1	0	134	0	0
56	0	0	0	0	0	-1	0	134	0	0
56	0	0	0	0	0	-1	0	134	0	0
56	0	0	0	0	0	-1	0	134	0	0
56	0	0	0	0	0	-1	0	134	0	0
56	0	0	0	0	0	-1	0	134	0	0
56	0	0	0	0	0	-1	0	134	0	0
56	0	0	0	0	0	-1	0	134	0	0
56	0	0	0	0	0	-1	0	134	0	0
56	0	0	0	0	0	-1	0	134	0	0
56	0	0	0	0	0	-1	0	134	0	0
56	0	0	0	0	0	-1	0	134	0	0
56	0	0	0	0	0	-1	0	134	0	0
56	0	0	0	0	0	-1	0	134	0	0
56	0	0	0	0	0	-1	0	134	0	0
56	0	0	0	0	0	-1	0	134	0	0
56	0	0	0	0	0	-1	0	134	0	0
56	0	0	0	0	0	-1	0	134	0	0
56	0	0	0	0	0	-1	0	134	0	0
56	0	0	0	0	0	-1	0	134	0	0
56	0	0	0	0	0	-1	0	134	0	0
56	0	0	0	0	0	-1	0	134	0	0
56	0	0	0	0	0	-1	0	134	0	0
56	0	0	0	0	0	-1	0	134	0	0
56	0	0	0	0	0	-1	0	134	0	0
56	0	0	0	0	0	-1	0	134	0	0
56	0	0	0	0	0	-1	0	134	0	0
56	0	0	0	0	0	-1	0	134	0	0
56	0	0	0	0	0	-1	0	134	0	0
56	0	0	0	0	0	-1	0	134	0	0
56	0	0	0	0	0	-1	0	134	0	0
56	0	0	0	0	0	-1	0	134	0	0
56	0	0	0	0	0	-1	0	134	0	0
56	0	0	0	0	0	-1	0	134	0	0
56	0	0	0	0	0	-1	0	134	0	0
56	0	0	0	0	0	-1	0	134	0	0
56	0	0	0	0	0	-1	0	134	0	0
56	0	0	0	0	0	-1	0	134	0	0
56	0	0	0	0	0	-1	0	134	0	0
56	0	0	0	0	0	-1	0	134	0	0
56	0	0	0	0	0	-1	0	134	0	0
56	0	0	0	0	0	-1	0	134	0	0
56	0	0	0	0	0	-1	0	134	0	0
56	0	0	0	0	0	-1	0	134	0	0
56	0	0	0	0	0	-1	0	134	0	0
56	0	0	0	0	0	-1	0	134	0	0
56	0	0	0	0	0	-1	0	134	0	0
56	0	0	0	0	0	-1	0	134	0	0
56	0	0	0	0	0	-1	0	134	0	0
56	0	0	0	0	0	-1	0	134	0	0
56	0	0	0	0	0	-1	0	134	0	0
56	0	0	0	0	0	-1	0	134	0	0
56	0	0	0	0	0	-1	0	134	0	0
56	0	0	0	0	0	-1	0	134	0	0
56	0	0	0	0	0	-1	0	134	0	0
56	0	0	0	0	0	-1	0	134	0	0
56	0	0	0	0	0	-1	0	134	0	0
56	0	0	0	0	0	-1	0	134	0	0
56	0	0	0	0	0	-1	0	134	0	0
56	0	0	0	0	0	-1	0	134	0	0
56	0	0	0	0	0	-1	0	134	0	0
56	0	0	0	0	0	-1	0	134	0	0
56	0	0	0	0	0	-1	0	134	0	0
56	0	0	0	0	0	-1	0	134	0	0
56	0	0	0	0	0	-1	0	134	0	0
56	0	0	0	0	0	-1	0	134	0	0
56	0	0	0	0	0	-1	0	134	0	0
56	0	0	0	0	0	-1	0	134	0	0
56	0	0	0	0	0	-1	0	134	0	0
56	0	0	0	0	0	-1	0	134	0	0
56	0	0	0	0	0	-1	0	134	0	0
56	0	0	0	0	0	-1	0	134	0	0
56	0	0	0	0	0	-1	0	134	0	0
56	0	0	0	0	0	-1	0	134	0	0
56	0	0	0	0	0	-1	0	134	0	0
56	0	0	0	0	0	-1	0	134	0	0
56	0	0	0	0	0	-1	0	134	0	0
56	0	0	0	0	0	-1	0	134	0	0
56	0	0	0	0	0	-1	0	134	0	0
56	0	0	0	0	0	-1	0	134	0	0
56	0	0	0	0	0	-1	0	134	0	0
56	0	0	0	0	0	-1	0	134	0	0
56	0	0	0	0	0	-1	0	134	0	0
56	0	0	0	0	0	-1	0	134	0	0
56	0	0	0	0	0	-1	0	134	0	0
56	0	0	0	0	0	-1	0	134	0	0
56	0	0	0	0	0	-1	0	134	0	0
56	0	0	0	0	0	-1	0	134	0	0
56	0	0	0	0	0	-1	0	134	0	0
56	0	0	0	0	0	-1	0	134	0	0
56	0	0	0	0	0	-1	0	134	0	0
56	0	0	0	0	0	-1	0	134	0	0
56	0	0	0	0	0	-1	0	134	0	0
56	0	0	0	0	0	-1	0	134	0	0
56	0	0	0	0	0	-1	0	134	0	0
56	0	0	0	0	0	-1	0	134	0	0
56	0	0	0	0	0	-1	0	134	0	0
56	0	0	0	0	0	-1	0	134	0	0
56	0	0	0	0	0	-1	0	134	0	0
56	0	0	0	0	0	-1	0	134	0	0
56	0	0	0	0	0	-1	0	134	0	0
56	0	0	0	0	0	-1	0	134	0	0
56	0	0	0	0	0	-1	0	134	0	0
56	0	0	0	0	0	-1	0	134	0	0
56	0	0	0	0	0	-1	0	134	0	0
56	0	0	0	0	0	-1	0	134	0	0
56	0	0	0	0	0	-1	0	134	0	0
56	0	0	0	0	0	-1	0	134	0	0
56	0	0	0	0	0	-1	0	134	0	0
56	0	0	0	0	0	-1	0	134	0	0
56	0	0	0	0	0	-1	0	134	0	0
56	0	0	0	0	0	-1	0	134	0	0
56	0	0	0	0	0	-1	0	134	0	0
56	0	0	0	0	0	-1	0	134	0	0
56	0	0	0	0	0	-1	0	134	0	0
56	0	0	0	0	0	-1	0	134	0	0
56	0	0	0	0	0	-1	0	134	0	0
56	0	0	0	0	0	-1	0	134	0	0
56	0	0	0	0	0	-1	0	134	0	0
56	0	0	0	0	0	-1	0	134	0	0
56	0	0	0	0	0	-1	0	134	0	0
56	0	0	0	0	0	-1	0	134	0	0
56	0	0	0	0	0	-1	0	134	0	0
56	0	0	0	0	0	-1	0	134	0	0
56	0	0	0	0	0	-1	0	134	0	0
56	0	0	0	0	0	-1	0	134	0	0
56	0	0	0	0	0	-1	0	134	0	0
56	0	0	0	0	0	-1	0	134	0	0
56	0	0	0	0	0	-1	0	134	0	0
56	0	0	0	0	0	-1	0	134	0	0
56	0	0	0	0	0	-1	0	134	0	0
56	0	0	0	0	0	-1	0	134	0	0
56	0	0	0	0	0	-1	0	134	0	0
56	0	0	0	0	0	-1	0	134	0	0
56	0	0	0	0	0	-1	0	134	0	0
56	0	0	0	0	0	-1	0	134	0	0
56	0	0	0	0	0	-1	0	134	0	0
56	0	0	0	0	0	-1	0	134	0	0
56	0	0	0	0	0	-1	0	134	0	0
56	0	0	0	0	0	-1	0	134	0	0
56	0	0	0	0	0	-1	0	134	0	0
56	0	0	0	0	0	-1	0	134	0	0
56	0	0	0	0	0	-1	0	134	0	0
56	0	0	0	0	0	-1	0	134	0	0
0	0	0	0	0	0	0	0	0	0	0
0	0	0	0	0	0	0	0	0	0	0
0	0	0	0	0	0	0	0	0	0	0
0	0	0	0	0	0	0	0	0	0	0
0	0	0	0	0	0	0	0	0	0	0
56	0	0	0	1	0	0	0	134	0	0
56	0	0	0	1	0	0	0	134	0	0
56	0	0	0	1	0	0	0	134	0	0
56	0	0	1	1	0	0	0	134	0	0
56	0	0	1	1	0	0	0	134	0	0
56	0	0	1	1	0	0	0	134	0	0
56	0	0	1	2	0	0	0	134	0	0
56	0	0	1	2	0	0	0	134	0	0
56	0	0	1	2	0	0	0	134	0	0
56	0	0	1	3	0	0	0	134	0	0
56	0	0	1	3	0	0	0	134	0	0
56	0	0	1	3	0	0	0	134	0	0
56	0	0	1	2	0	0	0	134	0	0
56	0	0	1	2	0	0	0	134	0	0
56	0	0	1	2	0	0	0	134	0	0
56	0	0	0	3	0	0	0	134	0	0
56	0	0	0	3	0	0	0	134	0	0
56	0	0	0	3	0	0	0	134	0	0
56	0	0	1	4	0	0	0	134	0	0
56	0	0	1	4	0	0	0	134	0	0
56	0	0	1	4	0	0	0	134	0	1
56	0	0	1	4	0	0	0	134	0	1
56	0	0	3	5	0	0	0	134	0	1
56	0	0	3	5	0	0	0	134	0	1
56	0	0	3	5	0	0	0	134	0	1
56	0	0	4	6	0	0	0	134	0	1
56	0	0	4	6	0	0	0	134	0	1
56	0	0	4	6	0	0	0	134	0	1
56	0	0	6	5	0	0	0	134	0	1
56	0	0	6	5	0	0	0	134	1	2
56	0	0	6	5	0	0	0	134	1	2
56	0	0	6	4	0	0	0	134	1	2
56	0	0	6	4	0	0	0	134	1	2
56	0	0	6	4	0	0	0	134	1	2
56	0	0	6	4	0	0	0	134	1	2
56	0	0	6	4	0	0	0	134	1	2
56	0	0	6	4	0	0	0	134	2	2
56	0	0	7	5	0	0	0	134	2	2
56	0	0	7	5	0	0	0	134	2	3
56	0	0	7	5	0	0	0	134	2	3
56	0	0	8	5	0	0	0	134	2	3
56	0	0	8	5	0	0	0	134	2	3
56	0	0	8	5	0	0	0	134	3	3
56	0	0	8	4	0	0	0	134	3	3
56	0	0	8	4	0	0	0	134	3	3
56	0	0	8	4	0	0	0	134	3	3
56	0	0	7	4	0	0	0	134	3	3
56	0	0	7	4	0	0	0	134	3	4
56	0	0	7	4	0	0	0	134	4	4
56	0	0	7	3	0	0	0	134	4	4
56	0	0	7	3	0	0	0	134	4	4
56	0	0	7	3	0	0	0	134	4	4
56	0	0	7	3	0	0	0	134	4	4
56	0	0	6	3	0	0	0	134	4	4
56	0	0	6	3	0	0	0	134	4	4
56	0	0	6	3	0	0	0	134	5	4
56	0	0	8	4	0	0	0	134	5	4
56	0	0	8	4	0	0	0	134	5	4
56	0	0	8	4	0	0	0	134	5	4
56	0	0	7	2	0	0	0	134	5	5
56	0	0	7	2	0	0	0	134	5	5
56	0	0	7	2	0	0	0	134	6	5
56	0	0	7	3	0	0	0	134	6	5
56	0	0	7	3	0	0	0	134	6	5
56	0	0	7	3	0	0	0	134	6	5
56	0	0	8	2	0	0	0	134	6	5
56	0	0	8	2	0	0	0	134	6	5
56	0	0	8	2	0	0	0	134	7	5
56	0	0	7	0	0	0	0	134	7	5
56	0	0	7	0	0	0	0	134	7	5
56	0	0	7	0	0	0	0	134	7	5
56	0	0	8	1	0	0	0	134	7	5
56	0	0	8	1	0	0	0	134	7	5
56	0	0	8	1	0	0	0	134	8	5
56	0	0	7	-1	0	0	0	134	8	5
56	0	0	7	-1	0	0	0	134	8	5
56	0	0	7	-1	0	0	0	134	8	5
56	0	0	8	0	0	0	0	134	8	5
56	0	0	8	0	0	0	0	134	8	5
56	0	0	8	0	0	0	0	134	9	5
56	0	0	8	-1	0	0	0	134	9	5
56	0	0	8	-1	0	0	0	134	9	5
56	0	0	8	-1	0	0	0	134	9	5
56	0	0	8	-1	0	0	0	134	9	5
56	0	0	9	0	0	0	0	134	10	5
56	0	0	9	0	0	0	0	134	10	5
56	0	0	9	0	0	0	0	134	10	5
56	0	0	8	-2	0	0	0	134	10	5
56	0	0	8	-2	0	0	0	134	10	5
56	0	0	8	-2	0	0	0	134	10	5
56	0	0	5	-3	0	0	0	134	11	5
56	0	0	5	-3	0	0	0	134	11	5
56	0	0	5	-3	0	0	0	134	11	4
56	0	0	4	-5	0	0	0	134	11	4
56	0	0	4	-5	0	0	0	134	11	4
56	0	0	4	-5	0	0	0	134	11	4
56	0	0	0	-7	0	0	0	134	11	4
56	0	0	0	-7	0	0	0	134	11	4
56	0	0	0	-7	0	0	0	134	11	4
56	0	0	-3	-6	0	0	0	134	11	4
56	0	0	-3	-6	0	0	0	134	11	3
56	0	0	-3	-6	0	0	0	134	11	3
56	0	0	-4	-9	0	0	0	134	11	3
56	0	0	-4	-9	0	0	0	134	11	3
56	0	0	-4	-9	0	0	0	134	11	3
56	0	0	-4	-9	0	0	0	134	11	3
56	0	0	-4	-9	0	0	0	134	11	2
56	0	0	-4	-9	0	0	0	134	11	2
56	0	0	-6	-7	0	0	0	134	11	2
56	0	0	-6	-7	0	0	0	134	10	2
56	0	0	-6	-7	0	0	0	134	10	2
56	0	0	-6	-7	0	0	0	134	10	2
56	0	0	-7	-8	0	0	0	134	10	1
56	0	0	-7	-8	0	0	0	134	10	1
56	0	0	-7	-8	0	0	0	134	10	1
56	0	0	-10	-9	0	0	0	134	10	1
56	0	0	-10	-9	0	0	0	134	9	1
56	0	0	-10	-9	0	0	0	134	9	0
56	0	0	-13	-9	0	0	0	134	9	0
56	0	0	-13	-9	0	0	0	134	9	0
56	0	0	-13	-9	0	0	0	134	8	0
56	0	0	-15	-15	0	0	0	134	8	0
56	0	0	-15	-15	0	0	0	134	8	0
56	0	0	-15	-15	0	0	0	134	7	0
56	0	0	-22	-18	0	0	0	134	7	0
56	0	0	-22	-18	0	0	0	134	7	-1
56	0	0	-22	-18	0	0	0	134	6	-1
56	0	0	-27	-15	0	0	0	134	6	-1
56	0	0	-27	-15	0	0	0	134	5	-2
56	0	0	-27	-15	0	0	0	134	5	-2
56	0	0	-32	-12	0	0	0	134	4	-2
56	0	0	-32	-12	0	0	0	134	3	-3
56	0	0	-32	-12	0	0	0	134	3	-3
56	0	0	-37	-9	0	0	0	134	2	-3
56	0	0	-37	-9	0	0	0	134	1	-3
56	0	0	-37	-9	0	0	0	134	0	-4
56	0	0	-40	2	0	0	1	134	0	-4
56	0	0	-40	2	0	0	1	134	0	-4
56	0	0	-40	2	0	0	1	134	-1	-4
56	0	0	-32	22	0	-1	2	135	-2	-4
56	0	0	-32	22	0	-1	2	135	-3	-3
56	0	0	-32	22	0	-1	2	135	-3	-3
56	0	0	-32	22	0	-1	2	135	-4	-2
56	0	0	-28	44	0	-1	2	135	-5	-2
56	0	0	-28	44	0	-1	2	135	-5	-1
56	0	0	-28	44	0	-1	2	135	-6	0
56	0	0	-23	76	0	-1	3	135	-7	0
56	0	0	-23	76	0	-1	3	135	-7	2
56	0	0	-23	76	0	-1	3	135	-8	3
56	0	0	-1	113	0	-2	2	135	-8	5
56	0	0	-1	113	0	-2	2	135	-8	7
56	0	0	-1	113	0	-2	2	135	-8	10
56	0	0	22	133	0	-1	2	135	-8	12
56	0	0	22	133	0	-1	2	135	-8	15
56	0	0	22	133	0	-1	2	135	-7	18
56	0	0	47	145	0	-1	1	135	-7	20
56	0	0	47	145	0	-1	1	135	-6	23
56	0	0	47	145	0	-1	1	135	-5	27
56	0	0	63	148	0	0	0	135	-4	30
56	0	0	63	148	0	0	0	135	-2	33
56	0	0	63	148	0	0	0	135	-1	36
56	0	0	68	147	0	0	0	135	0	39
56	0	0	68	147	0	0	0	135	1	42
56	0	0	68	147	0	0	0	135	2	45
56	0	0	62	145	0	1	0	136	4	48
56	0	0	62	145	0	1	0	136	5	51
56	0	0	62	145	0	1	0	136	6	54
56	0	0	36	154	0	2	1	136	8	57
56	0	0	36	154	0	2	1	136	8	61
56	0	0	36	154	0	2	1	136	9	64
56	0	0	12	160	0	2	1	136	10	67
56	0	0	12	160	0	2	1	136	10	70
56	0	0	12	160	0	2	1	136	10	74
56	0	0	12	160	0	2	1	136	11	77
56	0	0	-8	165	0	2	0	136	11	80
56	0	0	-8	165	0	2	0	136	11	84
56	0	0	-8	165	0	2	0	136	11	87
56	0	0	-24	164	0	1	0	136	10	91
56	0	0	-24	164	0	1	0	136	10	94
56	0	0	-24	164	0	1	0	136	9	98
56	0	0	-36	160	0	1	0	135	9	101
56	0	0	-36	160	0	1	0	135	8	105
56	0	0	-36	160	0	1	0	135	7	108
56	0	0	-49	157	0	1	0	135	6	111
56	0	0	-49	157	0	1	0	135	5	115
56	0	0	-49	157	0	1	0	135	4	118
56	0	246	-55	108	0	2	-1	-34	3	121
56	0	246	-55	108	0	2	-1	-34	2	124
56	0	246	-55	108	0	2	-1	-34	1	126
56	0	252	-139	278	0	2	-3	-34	0	128
56	0	252	-139	278	0	2	-3	-34	-2	134
56	0	252	-139	278	0	2	-3	-34	-5	140
56	0	258	-88	247	0	2	-4	-34	-8	146
56	0	258	-88	247	0	2	-4	-34	-10	151
56	0	258	-88	247	0	2	-4	-34	-12	156
56	0	271	-116	135	0	2	-5	-34	-14	161
56	0	271	-116	135	0	2	-5	-34	-16	164
56	0	303	-131	-7	0	2	-6	-34	-18	167
56	0	303	-131	-7	0	2	-6	-34	-23	167
56	0	303	-131	-7	0	2	-6	-34	-26	166
56	0	303	-131	-7	0	2	-6	-34	-29	166
56	0	335	-117	-162	0	2	-6	-34	-32	166
56	0	335	-117	-162	0	2	-6	-34	-34	163
56	0	335	-117	-162	0	2	-6	-34	-37	159
56	0	390	-66	-214	0	1	-4	-34	-39	156
56	0	390	-66	-214	0	1	-4	-34	-41	151
56	0	390	-66	-214	0	1	-4	-34	-42	147
56	0	437	0	-137	0	0	0	-34	-43	142
56	0	437	0	-137	0	0	0	-34	-43	140
56	0	437	0	-137	0	0	0	-34	-43	137
56	0	487	4	-49	0	0	2	-34	-43	134
56	0	487	4	-49	0	0	2	-34	-43	133
56	0	487	4	-49	0	0	2	-34	-43	132
56	0	547	-44	8	0	0	2	-34	-43	131
56	0	547	-44	8	0	0	2	-34	-44	131
56	0	547	-44	8	0	0	2	-34	-45	131
56	0	583	-68	25	0	0	2	-34	-46	131
56	0	583	-68	25	0	0	2	-34	-47	132
56	0	583	-68	25	0	0	2	-34	-49	132
56	0	612	-75	43	0	0	1	-34	-50	133
56	0	612	-75	43	0	0	1	-34	-52	134
56	0	612	-75	43	0	0	1	-34	-53	135
56	0	638	-61	-24	0	0	-2	-34	-55	136
56	0	638	-61	-24	0	0	-2	-34	-56	135
56	0	638	-61	-24	0	0	-2	-34	-58	135
56	0	653	19	-126	0	0	-7	-34	-59	134
56	0	653	19	-126	0	0	-7	-34	-59	131
56	0	653	19	-126	0	0	-7	-34	-58	129
56	0	653	19	-126	0	0	-7	-34	-58	126
56	0	665	-47	-270	0	0	-7	-34	-57	123
56	0	665	-47	-270	0	0	-7	-34	-58	118
56	0	665	-47	-270	0	0	-7	-34	-59	112
56	0	676	31	-297	0	0	-3	-34	-60	106
56	0	676	31	-297	0	0	-3	-34	-60	100
56	0	676	31	-297	0	0	-3	-34	-59	94
56	0	683	50	-222	0	0	2	-34	-58	88
56	0	683	50	-222	0	0	2	-34	-57	83
56	0	683	50	-222	0	0	2	-34	-56	78
56	0	685	0	-173	0	0	5	-33	-55	74
56	0	685	0	-173	0	0	5	-33	-55	70
56	0	685	0	-173	0	0	5	-33	-55	66
56	0	675	-2	-107	0	0	5	-34	-55	63
56	0	675	-2	-107	0	0	5	-34	-55	60
56	0	675	-2	-107	0	0	5	-34	-55	58
56	0	668	-4	-41	0	0	5	-34	-55	56
56	0	668	-4	-41	0	0	5	-34	-55	55
56	0	668	-4	-41	0	0	5	-34	-55	54
56	0	665	-5	15	0	0	4	-34	-56	53
56	0	665	-5	15	0	0	4	-34	-56	54
56	0	665	-5	15	0	0	4	-34	-56	54
56	0	665	-8	55	0	0	3	-34	-56	54
56	0	665	-8	55	0	0	3	-34	-56	55
56	0	665	-8	55	0	0	3	-34	-56	57
56	0	665	-8	55	0	0	3	-34	-56	58
56	0	663	-11	75	0	0	0	-34	-57	59
56	0	663	-11	75	0	0	0	-34	-57	61
56	0	658	44	25	0	0	-5	-34	-57	62
56	0	658	44	25	0	0	-5	-34	-56	63
56	0	658	44	25	0	0	-5	-34	-55	63
56	0	658	44	25	0	0	-5	-34	-54	64
56	0	657	31	-107	0	0	-8	-34	-53	64
56	0	657	31	-107	0	0	-8	-34	-53	62
56	0	657	31	-107	0	0	-8	-34	-52	60
56	0	663	1	-212	0	0	-5	-34	-51	57
56	0	663	1	-212	0	0	-5	-34	-51	53
56	0	663	1	-212	0	0	-5	-34	-51	49
56	0	667	1	-212	0	0	-1	-34	-51	44
56	0	667	1	-212	0	0	-1	-34	-51	40
56	0	667	1	-212	0	0	-1	-34	-51	35
56	0	667	29	-161	0	0	2	-34	-51	31
56	0	667	29	-161	0	0	2	-34	-51	27
56	0	667	29	-161	0	0	2	-34	-50	24
56	0	668	63	-108	0	0	4	-34	-49	20
56	0	668	63	-108	0	0	4	-34	-48	18
56	0	668	63	-108	0	0	4	-34	-47	16
56	0	668	50	-52	0	1	4	-34	-45	14
56	0	668	50	-52	0	1	4	-34	-44	12
56	0	668	50	-52	0	1	4	-34	-43	11
56	0	673	35	0	0	1	3	-34	-42	10
56	0	673	35	0	0	1	3	-34	-41	10
56	0	673	35	0	0	1	3	-34	-41	10
56	0	667	19	38	0	1	3	-34	-40	10
56	0	667	19	38	0	1	3	-34	-39	11
56	0	667	19	38	0	1	3	-34	-39	12
56	0	670	1	66	0	1	2	-34	-39	13
56	0	670	1	66	0	1	2	-34	-39	14
56	0	670	1	66	0	1	2	-34	-39	15
56	0	673	-11	84	0	1	1	-34	-38	17
56	0	673	-11	84	0	1	1	-34	-39	19
56	0	673	-11	84	0	1	1	-34	-39	20
56	0	673	-11	84	0	1	1	-34	-39	22
56	0	674	-20	94	0	0	0	-34	-39	24
56	0	674	-20	94	0	0	0	-34	-40	26
56	0	674	-20	94	0	0	0	-34	-40	28
56	0	676	-28	97	0	0	0	-34	-41	30
56	0	676	-28	97	0	0	0	-34	-41	32
56	0	676	-28	97	0	0	0	-34	-42	34
56	0	680	-34	97	0	0	0	-34	-42	36
56	0	680	-34	97	0	0	0	-34	-43	38
56	0	680	-34	97	0	0	0	-34	-44	40
56	0	682	-36	95	0	0	0	-35	-45	42
56	0	682	-36	95	0	0	0	-35	-45	44
56	0	682	-36	95	0	0	0	-35	-46	46
56	0	686	-36	92	0	0	0	-35	-47	48
56	0	686	-36	92	0	0	0	-35	-48	50
56	0	686	-36	92	0	0	0	-35	-48	52
56	0	687	-34	88	0	0	0	-35	-49	54
56	0	687	-34	88	0	0	0	-35	-50	56
56	0	687	-34	88	0	0	0	-35	-51	58
56	0	689	-32	83	0	0	0	-35	-51	59
56	0	689	-32	83	0	0	0	-35	-52	61
56	0	689	-32	83	0	0	0	-35	-53	63
56	0	692	-28	77	0	0	0	-35	-53	65
56	0	692	-28	77	0	0	0	-35	-54	66
56	0	692	-28	77	0	0	0	-35	-55	68
56	0	692	-164	61	0	0	0	-35	-55	70
56	0	692	-164	61	0	0	0	-35	-59	71
56	0	692	-164	61	0	0	0	-35	-62	72
56	0	692	-164	61	0	0	0	-35	-66	73
56	0	693	-156	47	0	-1	0	-35	-69	75
56	0	693	-156	47	0	-1	0	-35	-72	76
56	0	693	-156	47	0	-1	0	-35	-76	77
56	0	695	-121	43	0	-1	0	-35	-79	78
56	0	695	-121	43	0	-1	0	-35	-81	79
56	0	695	-121	43	0	-1	0	-35	-84	80
56	0	694	-83	48	0	-2	0	-34	-87	80
56	0	694	-83	48	0	-2	0	-34	-88	81
56	0	694	-83	48	0	-2	0	-34	-90	83
56	0	696	-63	50	0	-1	0	-34	-92	84
56	0	696	-63	50	0	-1	0	-34	-93	85
56	0	696	-63	50	0	-1	0	-34	-94	86
56	0	695	-38	51	0	-1	0	-34	-96	87
56	0	695	-38	51	0	-1	0	-34	-97	88
56	0	695	-38	51	0	-1	0	-34	-97	89
56	0	692	-3	50	0	-1	0	-34	-98	90
56	0	692	-3	50	0	-1	0	-34	-98	91
56	0	692	-3	50	0	-1	0	-34	-98	92
56	0	687	7	41	0	0	0	-34	-98	93
56	0	687	7	41	0	0	0	-34	-98	94
56	0	687	7	41	0	0	0	-34	-98	95
56	0	682	5	31	0	0	0	-34	-98	96
56	0	682	5	31	0	0	0	-34	-98	96
56	0	682	5	31	0	0	0	-34	-98	97
56	0	677	24	20	0	0	0	-34	-98	98
56	0	677	24	20	0	0	0	-34	-97	98
56	0	677	24	20	0	0	0	-34	-97	99
56	0	671	30	11	0	0	0	-34	-96	99
56	0	671	30	11	0	0	0	-34	-96	99
56	0	671	30	11	0	0	0	-34	-95	100
56	0	671	30	11	0	0	0	-34	-94	100
56	0	666	32	6	0	0	0	-34	-94	100
56	0	666	32	6	0	0	0	-34	-93	100
56	0	666	32	6	0	0	0	-34	-92	100
56	0	661	31	2	0	0	0	-34	-92	101
56	0	661	31	2	0	0	0	-34	-91	101
56	0	661	31	2	0	0	0	-34	-90	101
56	0	655	36	-6	0	0	0	-34	-90	101
56	0	655	36	-6	0	0	0	-34	-89	101
56	0	655	36	-6	0	0	0	-34	-88	100
56	0	650	26	-7	0	0	0	-34	-87	100
56	0	650	26	-7	0	0	0	-34	-87	100
56	0	650	26	-7	0	0	0	-34	-86	100
56	0	645	12	-11	0	0	0	-34	-86	100
56	0	645	12	-11	0	0	0	-34	-85	100
56	0	645	12	-11	0	0	0	-34	-85	99
56	0	642	-10	-10	0	0	0	-34	-85	99
56	0	642	-10	-10	0	0	0	-34	-85	99
56	0	642	-10	-10	0	0	0	-34	-85	99
56	0	637	-11	-11	0	0	0	-34	-86	98
56	0	637	-11	-11	0	0	0	-34	-86	98
56	0	637	-11	-11	0	0	0	-34	-86	98
56	0	634	3	-5	0	0	0	-35	-86	98
56	0	634	3	-5	0	0	0	-35	-86	98
56	0	634	3	-5	0	0	0	-35	-86	97
56	0	630	4	2	0	0	0	-35	-86	97
56	0	630	4	2	0	0	0	-35	-86	97
56	0	630	4	2	0	0	0	-35	-86	97
56	0	628	5	4	0	0	0	-35	-86	97
56	0	628	5	4	0	0	0	-35	-86	98
56	0	628	5	4	0	0	0	-35	-86	98
56	0	628	5	4	0	0	0	-35	-85	98
56	0	627	0	9	0	0	0	-35	-85	98
56	0	627	0	9	0	0	0	-35	-85	98
56	0	627	0	9	0	0	0	-35	-85	98
56	0	623	-12	13	0	0	0	-35	-85	98
56	0	623	-12	13	0	0	0	-35	-86	99
56	0	623	-12	13	0	0	0	-35	-86	99
56	0	623	-4	11	0	0	0	-35	-86	99
56	0	623	-4	11	0	0	0	-35	-86	100
56	0	623	-4	11	0	0	0	-35	-86	100
56	0	625	-24	19	0	0	0	-35	-86	100
56	0	625	-24	19	0	0	0	-35	-87	100
56	0	625	-24	19	0	0	0	-35	-87	101
56	0	624	-21	19	0	0	0	-35	-88	101
56	0	624	-21	19	0	0	0	-35	-88	102
56	0	624	-21	19	0	0	0	-35	-89	102
56	0	626	-34	23	0	0	0	-35	-89	102
56	0	626	-34	23	0	0	0	-35	-90	103
56	0	626	-34	23	0	0	0	-35	-91	103
56	0	627	-30	19	0	0	0	-35	-91	104
56	0	627	-30	19	0	0	0	-35	-92	104
56	0	627	-30	19	0	0	0	-35	-93	105
56	0	630	-10	21	0	0	0	-35	-93	105
56	0	630	-10	21	0	0	0	-35	-94	106
56	0	630	-10	21	0	0	0	-35	-94	106
56	0	632	4	25	0	0	0	-35	-94	107
56	0	632	4	25	0	0	0	-35	-94	107
56	0	632	4	25	0	0	0	-35	-94	108
56	0	632	4	25	0	0	0	-35	-94	108
56	0	632	12	24	0	0	0	-35	-94	109
56	0	632	12	24	0	0	0	-35	-93	109
56	0	632	12	24	0	0	0	-35	-93	110
56	0	631	12	18	0	0	0	-35	-93	110
56	0	631	12	18	0	0	0	-35	-93	111
56	0	631	12	18	0	0	0	-35	-92	111
56	0	633	4	14	0	0	0	-35	-92	111
56	0	633	4	14	0	0	0	-35	-92	112
56	0	633	4	14	0	0	0	-35	-92	112
56	0	637	-6	9	0	0	0	-35	-92	112
56	0	637	-6	9	0	0	0	-35	-92	112
56	0	637	-6	9	0	0	0	-35	-92	113
56	0	642	-15	9	0	0	0	-35	-92	113
56	0	642	-15	9	0	0	0	-35	-93	113
56	0	642	-15	9	0	0	0	-35	-93	113
56	0	647	-13	11	0	0	0	-35	-93	113
56	0	647	-13	11	0	0	0	-35	-94	114
56	0	647	-13	11	0	0	0	-35	-94	114
56	0	651	-4	13	0	0	0	-35	-94	114
56	0	651	-4	13	0	0	0	-35	-94	114
56	0	651	-4	13	0	0	0	-35	-94	115
56	0	653	10	11	0	0	0	-35	-94	115
56	0	653	10	11	0	0	0	-35	-94	115
56	0	653	10	11	0	0	0	-35	-94	115
56	0	657	14	11	0	0	0	-35	-94	116
56	0	657	14	11	0	0	0	-35	-93	116
56	0	657	14	11	0	0	0	-35	-93	116
56	0	657	14	11	0	0	0	-35	-93	116
56	0	664	7	12	0	0	0	-35	-93	117
56	0	664	7	12	0	0	0	-35	-92	117
56	0	664	7	12	0	0	0	-35	-92	117
56	0	669	15	5	0	0	0	-35	-92	117
56	0	669	15	5	0	0	0	-35	-92	118
56	0	669	15	5	0	0	0	-35	-91	118
56	0	674	6	-1	0	0	0	-35	-91	118
56	0	674	6	-1	0	0	0	-35	-91	118
56	0	674	6	-1	0	0	0	-35	-91	118
56	0	680	15	-3	0	0	0	-35	-91	118
56	0	680	15	-3	0	0	0	-35	-90	118
56	0	680	15	-3	0	0	0	-35	-90	117
56	0	685	10	-1	0	0	0	-35	-90	117
56	0	685	10	-1	0	0	0	-35	-89	117
56	0	685	10	-1	0	0	0	-35	-89	117
56	0	690	22	1	0	0	0	-35	-89	117
56	0	690	22	1	0	0	0	-35	-89	117
56	0	690	22	1	0	0	0	-35	-88	117
56	0	696	33	-6	0	0	0	-35	-88	117
56	0	696	33	-6	0	0	0	-35	-87	117
56	0	696	33	-6	0	0	0	-35	-86	117
56	0	701	38	-6	0	0	0	-35	-85	117
56	0	701	38	-6	0	0	0	-35	-85	117
56	0	701	38	-6	0	0	0	-35	-84	117
56	0	706	37	-8	0	0	0	-35	-83	117
56	0	706	37	-8	0	0	0	-35	-82	116
56	0	706	37	-8	0	0	0	-35	-81	116
56	0	711	30	-8	0	0	0	-35	-81	116
56	0	711	30	-8	0	0	0	-35	-80	116
56	0	711	30	-8	0	0	0	-35	-79	116
56	0	711	30	-8	0	0	0	-35	-79	116
56	0	715	16	-7	0	0	0	-35	-78	115
56	0	715	16	-7	0	0	0	-35	-78	115
56	0	715	16	-7	0	0	0	-35	-77	115
56	0	718	6	-11	0	0	0	-35	-77	115
56	0	718	6	-11	0	0	0	-35	-77	115
56	0	718	6	-11	0	0	0	-35	-77	114
56	0	721	-27	-11	0	0	0	-35	-77	114
56	0	721	-27	-11	0	0	0	-35	-77	114
56	0	721	-27	-11	0	0	0	-35	-78	114
56	0	724	-67	-13	0	0	0	-35	-78	113
56	0	724	-67	-13	0	0	0	-35	-80	113
56	0	724	-67	-13	0	0	0	-35	-81	113
56	0	724	-18	-20	0	0	0	-35	-83	112
56	0	724	-18	-20	0	0	0	-35	-83	112
56	0	782	-188	0	0	1	0	120	-83	112
56	0	782	-188	0	0	1	0	120	-595	110
56	0	782	-188	0	0	1	0	120	-598	110
56	0	782	-188	0	0	1	0	120	-602	110
56	0	784	-53	-65	0	1	0	124	-606	109
56	0	784	-53	-65	0	1	0	124	-607	108
56	0	784	-53	-65	0	1	0	124	-609	107
56	0	787	126	-162	0	1	0	128	-610	105
56	0	787	126	-162	0	1	0	128	-607	102
56	0	787	126	-162	0	1	0	128	-604	99
56	0	789	156	-177	0	1	0	131	-602	95
56	0	789	156	-177	0	1	0	131	-598	91
56	0	789	156	-177	0	1	0	131	-595	88
56	0	791	106	-199	0	0	0	135	-592	84
56	0	791	106	-199	0	0	0	135	-589	79
56	0	791	106	-199	0	0	0	135	-587	75
56	0	789	153	-210	0	0	0	139	-585	71
56	0	789	153	-210	0	0	0	139	-582	67
56	0	789	153	-210	0	0	0	139	-579	63
56	0	788	180	-222	0	0	0	143	-576	58
56	0	788	180	-222	0	0	0	143	-572	53
56	0	788	180	-222	0	0	0	143	-568	49
56	0	787	183	-214	0	0	0	147	-564	44
56	0	787	183	-214	0	0	0	147	-560	40
56	0	787	183	-214	0	0	0	147	-556	35
56	0	788	172	-209	0	0	0	151	-553	31
56	0	788	172	-209	0	0	0	151	-549	26
56	0	788	172	-209	0	0	0	151	-545	22
56	0	793	146	-197	0	0	0	155	-542	17
56	0	793	146	-197	0	0	0	155	-539	13
56	0	793	146	-197	0	0	0	155	-536	9
56	0	793	146	-197	0	0	0	155	-533	5
56	0	795	98	-186	0	0	0	159	-530	1
56	0	795	98	-186	0	0	0	159	-527	-2
56	0	795	98	-186	0	0	0	159	-525	-6
56	0	791	102	-176	0	0	1	163	-523	-10
56	0	791	102	-176	0	0	1	163	-521	-14
56	0	791	102	-176	0	0	1	163	-519	-17
56	0	790	101	-175	0	0	1	167	-517	-21
56	0	790	101	-175	0	0	1	167	-515	-25
56	0	790	101	-175	0	0	1	167	-513	-28
56	0	786	94	-171	0	0	1	171	-510	-32
56	0	786	94	-171	0	0	1	171	-508	-36
56	0	786	94	-171	0	0	1	171	-506	-39
56	0	792	102	-160	0	0	1	175	-504	-43
56	0	792	102	-160	0	0	1	175	-502	-46
56	0	792	102	-160	0	0	1	175	-500	-50
56	0	784	125	-163	0	0	0	179	-498	-53
56	0	784	125	-163	0	0	0	179	-495	-56
56	0	784	125	-163	0	0	0	179	-493	-60
56	0	778	135	-166	0	0	0	-176	-490	-63
56	0	778	135	-166	0	0	0	-176	-487	-67
56	0	778	135	-166	0	0	0	-176	-484	-70
56	0	768	154	-167	0	0	0	-172	-482	-74
56	0	768	154	-167	0	0	0	-172	-478	-77
56	0	768	154	-167	0	0	0	-172	-475	-81
56	0	758	166	-171	0	0	0	-168	-472	-84
56	0	758	166	-171	0	0	0	-168	-468	-88
56	0	758	166	-171	0	0	0	-168	-465	-91
56	0	752	182	-173	0	0	0	-164	-461	-95
56	0	752	182	-173	0	0	0	-164	-458	-99
56	0	752	182	-173	0	0	0	-164	-454	-102
56	0	752	182	-173	0	0	0	-164	-450	-106
56	0	745	196	-167	0	0	0	-160	-446	-110
56	0	745	196	-167	0	0	0	-160	-442	-113
56	0	745	196	-167	0	0	0	-160	-438	-117
56	0	739	194	-179	0	0	0	-156	-434	-120
56	0	739	194	-179	0	0	0	-156	-430	-124
56	0	739	194	-179	0	0	0	-156	-425	-128
56	0	731	220	-170	0	0	1	-154	-421	-132
56	0	731	220	-170	0	0	1	-154	-417	-135
56	0	731	220	-170	0	0	1	-154	-412	-139
55	0	727	236	-156	0	1	1	-151	-407	-142
55	0	727	236	-156	0	1	1	-151	-403	-146
55	0	727	236	-156	0	1	1	-151	-398	-149
55	0	724	248	-159	0	1	1	-150	-393	-152
55	0	724	248	-159	0	1	1	-150	-387	-155
55	0	724	248	-159	0	1	1	-150	-382	-159
55	0	723	255	-174	0	1	1	-149	-377	-162
55	0	723	255	-174	0	1	1	-149	-372	-166
55	0	723	255	-174	0	1	1	-149	-366	-170
55	0	723	269	-177	0	1	1	-148	-361	-173
55	0	723	269	-177	0	1	1	-148	-355	-177
55	0	723	269	-177	0	1	1	-148	-349	-181
55	0	723	260	-182	0	1	1	-147	-344	-185
55	0	723	260	-182	0	1	1	-147	-338	-188
55	0	723	260	-182	0	1	1	-147	-333	-192
55	0	727	279	-186	0	1	1	-147	-327	-196
55	0	727	279	-186	0	1	1	-147	-321	-200
55	0	727	279	-186	0	1	1	-147	-316	-204
55	0	727	279	-186	0	1	1	-147	-310	-208
55	0	730	292	-160	0	3	2	-146	-304	-212
55	0	730	292	-160	0	3	2	-146	-298	-215
55	0	730	292	-160	0	3	2	-146	-292	-218
55	0	733	248	-129	0	4	2	-146	-286	-222
55	0	733	248	-129	0	4	2	-146	-280	-224
55	0	733	248	-129	0	4	2	-146	-275	-227
55	0	737	184	-119	0	3	2	-146	-270	-230
55	0	737	184	-119	0	3	2	-146	-266	-232
55	0	737	184	-119	0	3	2	-146	-262	-235
55	0	739	155	-125	0	1	0	-146	-258	-237
55	0	739	155	-125	0	1	0	-146	-255	-240
55	0	739	155	-125	0	1	0	-146	-252	-243
55	0	741	192	-142	0	0	0	-146	-248	-245
55	0	741	192	-142	0	0	0	-146	-244	-248
55	0	741	192	-142	0	0	0	-146	-240	-251
55	0	746	227	-110	0	0	0	-146	-236	-254
55	0	746	227	-110	0	0	0	-146	-232	-257
55	0	739	-42	-179	0	0	0	120	-227	-259
55	0	740	-60	-157	0	0	0	124	-409	-1029
55	0	740	-60	-157	0	0	0	124	-412	-1037
55	0	740	-60	-157	0	0	0	124	-414	-1040
55	0	740	-60	-157	0	0	0	124	-415	-1044
55	0	735	-74	-133	0	0	0	127	-416	-1047
55	0	735	-74	-133	0	0	0	127	-418	-1050
55	0	735	-74	-133	0	0	0	127	-419	-1053
55	0	734	-89	-110	0	0	0	129	-421	-1056
55	0	734	-89	-110	0	0	0	129	-423	-1058
55	0	734	-89	-110	0	0	0	129	-425	-1061
55	0	736	-100	-109	0	0	-2	130	-427	-1063
55	0	736	-100	-109	0	0	-2	130	-429	-1065
55	0	736	-100	-109	0	0	-2	130	-431	-1068
55	0	736	-120	-116	0	0	-2	132	-433	-1070
55	0	736	-120	-116	0	0	-2	132	-436	-1072
55	0	736	-120	-116	0	0	-2	132	-438	-1075
55	0	732	-130	-112	0	0	0	133	-441	-1077
55	0	732	-130	-112	0	0	0	133	-443	-1080
55	0	732	-130	-112	0	0	0	133	-446	-1082
55	0	731	-127	-90	0	-1	0	134	-449	-1084
55	0	731	-127	-90	0	-1	0	134	-452	-1086
55	0	731	-127	-90	0	-1	0	134	-454	-1088
55	0	727	-114	-57	0	-2	1	134	-457	-1090
55	0	727	-114	-57	0	-2	1	134	-460	-1091
55	0	727	-114	-57	0	-2	1	134	-462	-1093
55	0	725	-98	-23	0	-2	1	134	-464	-1094
55	0	725	-98	-23	0	-2	1	134	-466	-1094
55	0	725	-98	-23	0	-2	1	134	-468	-1095
55	0	726	-81	7	0	-1	1	135	-471	-1095
55	0	726	-81	7	0	-1	1	135	-472	-1095
55	0	726	-81	7	0	-1	1	135	-474	-1095
55	0	726	-81	7	0	-1	1	135	-476	-1095
55	0	724	-71	33	0	-1	0	135	-477	-1095
55	0	724	-71	33	0	-1	0	135	-479	-1094
55	0	724	-71	33	0	-1	0	135	-480	-1093
55	0	722	-66	49	0	-1	0	135	-482	-1092
55	0	722	-66	49	0	-1	0	135	-483	-1091
55	0	720	-66	57	0	0	0	135	-485	-1090
55	0	720	-66	57	0	0	0	135	-486	-1089
55	0	720	-66	57	0	0	0	135	-488	-1088
55	0	720	-66	57	0	0	0	135	-489	-1087
55	0	718	-66	57	0	0	-1	135	-490	-1085
55	0	718	-66	57	0	0	-1	135	-492	-1084
55	0	718	-66	57	0	0	-1	135	-493	-1083
55	0	717	-86	51	0	1	-1	135	-495	-1082
55	0	717	-86	51	0	1	-1	135	-497	-1081
55	0	717	-86	51	0	1	-1	135	-498	-1080
54	0	717	-138	46	0	4	-1	135	-500	-1079
54	0	717	-138	46	0	4	-1	135	-503	-1078
54	0	717	-138	46	0	4	-1	135	-506	-1077
54	0	718	-224	41	0	7	-1	135	-509	-1076
54	0	718	-224	41	0	7	-1	135	-514	-1075
54	0	718	-224	41	0	7	-1	135	-518	-1074
54	0	721	-333	38	0	9	-1	135	-523	-1073
54	0	721	-333	38	0	9	-1	135	-530	-1072
54	0	721	-333	38	0	9	-1	135	-537	-1071
54	0	721	-450	37	0	9	-1	135	-544	-1071
54	0	721	-450	37	0	9	-1	135	-554	-1070
54	0	721	-450	37	0	9	-1	135	-563	-1069
54	0	720	-534	34	0	7	-1	135	-572	-1068
54	0	720	-534	34	0	7	-1	135	-584	-1068
54	0	720	-534	34	0	7	-1	135	-595	-1067
54	0	716	-581	34	0	3	-1	135	-606	-1066
54	0	716	-581	34	0	3	-1	135	-618	-1065
54	0	716	-581	34	0	3	-1	135	-630	-1065
54	0	711	-594	35	0	0	-1	135	-643	-1064
54	0	711	-594	35	0	0	-1	135	-655	-1063
54	0	711	-594	35	0	0	-1	135	-668	-1062
54	0	711	-594	35	0	0	-1	135	-680	-1062
54	0	711	-418	-40	0	-2	0	134	-693	-1061
54	0	711	-418	-40	0	-2	0	134	-701	-1062
54	0	711	-418	-40	0	-2	0	134	-710	-1063
54	0	702	-158	-121	0	-5	0	134	-719	-1063
54	0	702	-158	-121	0	-5	0	134	-722	-1066
54	0	702	-158	-121	0	-5	0	134	-726	-1069
54	0	703	-48	-118	0	-8	0	134	-729	-1071
54	0	703	-48	-118	0	-8	0	134	-730	-1074
54	0	703	-48	-118	0	-8	0	134	-731	-1076
54	0	698	28	-88	0	-10	0	135	-732	-1079
54	0	698	28	-88	0	-10	0	135	-732	-1080
54	0	698	28	-88	0	-10	0	135	-731	-1082
54	0	700	108	-54	0	-11	0	135	-730	-1084
54	0	700	108	-54	0	-11	0	135	-728	-1085
54	0	700	108	-54	0	-11	0	135	-726	-1086
54	0	703	184	-22	0	-12	0	135	-724	-1088
54	0	703	184	-22	0	-12	0	135	-720	-1088
54	0	703	184	-22	0	-12	0	135	-716	-1089
54	0	706	259	10	0	-11	0	135	-712	-1089
54	0	706	259	10	0	-11	0	135	-706	-1089
54	0	706	259	10	0	-11	0	135	-701	-1089
54	0	709	313	55	0	-8	0	135	-696	-1088
54	0	709	313	55	0	-8	0	135	-689	-1087
54	0	709	313	55	0	-8	0	135	-682	-1086
54	0	709	313	55	0	-8	0	135	-675	-1085
54	0	712	356	93	0	-4	0	135	-669	-1084
54	0	712	356	93	0	-4	0	135	-662	-1082
54	0	712	356	93	0	-4	0	135	-654	-1080
54	0	713	351	124	0	0	0	135	-647	-1078
54	0	713	351	124	0	0	0	135	-639	-1075
54	0	713	351	124	0	0	0	135	-632	-1073
54	0	717	336	137	0	3	0	135	-625	-1070
54	0	717	336	137	0	3	0	135	-618	-1067
54	0	717	336	137	0	3	0	135	-610	-1064
54	0	719	296	169	0	5	0	135	-603	-1061
54	0	719	296	169	0	5	0	135	-597	-1058
54	0	719	296	169	0	5	0	135	-591	-1054
54	0	721	203	158	0	7	0	135	-585	-1051
54	0	721	203	158	0	7	0	135	-580	-1047
54	0	721	203	158	0	7	0	135	-576	-1044
54	0	714	108	146	0	6	-1	134	-572	-1041
54	0	714	108	146	0	6	-1	134	-570	-1038
54	0	714	108	146	0	6	-1	134	-567	-1034
54	0	715	40	121	0	4	-2	134	-565	-1031
54	0	715	40	121	0	4	-2	134	-564	-1029
54	0	715	40	121	0	4	-2	134	-563	-1026
54	0	718	-12	89	0	3	-2	134	-563	-1024
54	0	718	-12	89	0	3	-2	134	-563	-1022
54	0	718	-12	89	0	3	-2	134	-563	-1020
54	0	721	-46	58	0	2	-2	134	-563	-1018
54	0	721	-46	58	0	2	-2	134	-564	-1017
54	0	721	-46	58	0	2	-2	134	-565	-1016
54	0	724	-67	33	0	0	-2	134	-566	-1014
54	0	724	-67	33	0	0	-2	134	-568	-1014
54	0	724	-67	33	0	0	-2	134	-569	-1013
54	0	728	-75	8	0	0	-2	134	-570	-1012
54	0	728	-75	8	0	0	-2	134	-572	-1012
54	0	728	-75	8	0	0	-2	134	-574	-1012
54	0	728	-75	8	0	0	-2	134	-575	-1012
54	0	731	-75	-10	0	0	-1	134	-577	-1011
54	0	731	-75	-10	0	0	-1	134	-578	-1012
54	0	731	-75	-10	0	0	-1	134	-580	-1012
54	0	736	-68	-24	0	-1	-1	134	-582	-1012
54	0	736	-68	-24	0	-1	-1	134	-583	-1013
54	0	736	-68	-24	0	-1	-1	134	-584	-1013
54	0	740	-58	-29	0	-1	0	134	-587	-1014
54	0	740	-58	-29	0	-1	0	134	-588	-1015
54	0	744	-49	-26	0	-1	0	134	-589	-1015
54	0	744	-49	-26	0	-1	0	134	-590	-1016
54	0	744	-49	-26	0	-1	0	134	-591	-1016
54	0	749	-41	-24	0	-1	0	133	-592	-1017
54	0	749	-41	-24	0	-1	0	133	-593	-1017
54	0	749	-41	-24	0	-1	0	133	-594	-1018
54	0	749	-41	-24	0	-1	0	133	-595	-1018
53	0	754	-38	-29	0	0	0	131	-596	-1019
53	0	754	-38	-29	0	0	0	131	-596	-1019
53	0	754	-38	-29	0	0	0	131	-597	-1020
53	0	757	4	-9	0	0	0	127	-598	-1021
53	0	757	4	-9	0	0	0	127	-598	-1021
53	0	757	4	-9	0	0	0	127	-598	-1021
53	0	762	63	37	0	0	-1	123	-598	-1021
53	0	762	63	37	0	0	-1	123	-596	-1021
53	0	762	63	37	0	0	-1	123	-595	-1020
53	0	764	57	19	0	0	-1	119	-594	-1019
53	0	764	57	19	0	0	-1	119	-593	-1019
53	0	764	57	19	0	0	-1	119	-591	-1018
53	0	766	57	-1	0	0	-1	114	-590	-1018
53	0	766	57	-1	0	0	-1	114	-589	-1018
53	0	766	57	-1	0	0	-1	114	-588	-1018
53	0	767	61	-22	0	0	-1	109	-586	-1018
53	0	767	61	-22	0	0	-1	109	-585	-1018
53	0	767	61	-22	0	0	-1	109	-584	-1019
53	0	768	70	-43	0	-1	-1	104	-583	-1019
53	0	768	70	-43	0	-1	-1	104	-581	-1020
53	0	768	70	-43	0	-1	-1	104	-580	-1021
53	0	768	77	-65	0	0	-1	101	-578	-1022
53	0	768	77	-65	0	0	-1	101	-576	-1023
53	0	768	77	-65	0	0	-1	101	-575	-1025
53	0	769	82	-82	0	0	-1	98	-573	-1026
53	0	769	82	-82	0	0	-1	98	-571	-1028
53	0	769	82	-82	0	0	-1	98	-570	-1030
53	0	772	83	-91	0	0	0	96	-568	-1031
53	0	772	83	-91	0	0	0	96	-566	-1033
53	0	772	83	-91	0	0	0	96	-565	-1035
53	0	772	83	-91	0	0	0	96	-563	-1037
53	0	773	79	-98	0	0	0	94	-561	-1039
53	0	773	79	-98	0	0	0	94	-559	-1041
53	0	773	79	-98	0	0	0	94	-558	-1043
53	0	774	74	-105	0	0	0	93	-556	-1045
53	0	774	74	-105	0	0	0	93	-554	-1047
53	0	774	74	-105	0	0	0	93	-553	-1050
53	0	776	70	-111	0	0	0	92	-551	-1052
53	0	776	70	-111	0	0	0	92	-550	-1054
53	0	776	70	-111	0	0	0	92	-548	-1057
53	0	780	67	-120	0	0	0	91	-547	-1059
53	0	780	67	-120	0	0	0	91	-545	-1061
53	0	780	67	-120	0	0	0	91	-544	-1064
53	0	785	64	-128	0	0	0	90	-543	-1066
53	0	785	64	-128	0	0	0	90	-541	-1069
53	0	785	64	-128	0	0	0	90	-540	-1072
53	0	788	58	-134	0	0	0	90	-539	-1075
53	0	788	58	-134	0	0	0	90	-537	-1077
53	0	788	58	-134	0	0	0	90	-536	-1080
53	0	790	51	-135	0	0	0	89	-535	-1083
53	0	790	51	-135	0	0	0	89	-534	-1086
53	0	790	51	-135	0	0	0	89	-533	-1089
53	0	793	39	-126	0	0	0	89	-532	-1092
53	0	793	39	-126	0	0	0	89	-531	-1094
53	0	793	39	-126	0	0	0	89	-530	-1097
53	0	795	28	-112	0	0	1	89	-529	-1100
53	0	795	28	-112	0	0	1	89	-529	-1102
53	0	795	28	-112	0	0	1	89	-528	-1104
53	0	794	13	-91	0	0	1	89	-527	-1107
53	0	794	13	-91	0	0	1	89	-527	-1109
53	0	794	13	-91	0	0	1	89	-527	-1111
53	0	794	13	-91	0	0	1	89	-527	-1113
53	0	793	0	-68	0	0	2	89	-526	-1114
53	0	793	0	-68	0	0	2	89	-526	-1116
53	0	793	0	-68	0	0	2	89	-526	-1117
53	0	794	-12	-42	0	0	2	89	-526	-1119
53	0	794	-12	-42	0	0	2	89	-526	-1120
53	0	794	-12	-42	0	0	2	89	-527	-1121
53	0	792	-24	-15	0	0	2	88	-527	-1121
53	0	792	-24	-15	0	0	2	88	-528	-1122
53	0	792	-24	-15	0	0	2	88	-528	-1122
53	0	790	-31	10	0	0	2	88	-529	-1122
53	0	790	-31	10	0	0	2	88	-529	-1122
53	0	790	-31	10	0	0	2	88	-530	-1122
53	0	788	-34	30	0	0	1	88	-531	-1122
53	0	788	-34	30	0	0	1	88	-531	-1121
53	0	788	-34	30	0	0	1	88	-532	-1120
53	0	784	-33	47	0	0	1	88	-533	-1120
53	0	784	-33	47	0	0	1	88	-533	-1119
53	0	784	-33	47	0	0	1	88	-534	-1118
53	0	781	-28	60	0	0	1	88	-535	-1117
53	0	781	-28	60	0	0	1	88	-535	-1116
53	0	781	-28	60	0	0	1	88	-536	-1114
53	0	778	-20	71	0	0	1	88	-537	-1113
53	0	778	-20	71	0	0	1	88	-537	-1111
53	0	778	-20	71	0	0	1	88	-537	-1110
53	0	773	-10	76	0	-1	0	88	-538	-1108
53	0	773	-10	76	0	-1	0	88	-538	-1107
53	0	773	-10	76	0	-1	0	88	-538	-1105
53	0	770	2	78	0	-1	0	88	-539	-1104
53	0	770	2	78	0	-1	0	88	-539	-1102
53	0	770	2	78	0	-1	0	88	-538	-1100
53	0	770	2	78	0	-1	0	88	-538	-1099
53	0	768	12	77	0	0	0	88	-538	-1097
53	0	768	12	77	0	0	0	88	-538	-1095
53	0	768	12	77	0	0	0	88	-538	-1094
53	0	765	19	77	0	0	0	88	-538	-1092
53	0	765	19	77	0	0	0	88	-537	-1091
53	0	765	19	77	0	0	0	88	-537	-1089
53	0	763	22	73	0	0	0	88	-536	-1087
53	0	763	22	73	0	0	0	88	-536	-1086
53	0	763	22	73	0	0	0	88	-535	-1084
53	0	761	18	70	0	0	0	88	-535	-1083
53	0	761	18	70	0	0	0	88	-535	-1081
53	0	761	18	70	0	0	0	88	-534	-1080
53	0	759	15	68	0	0	0	88	-534	-1078
53	0	759	15	68	0	0	0	88	-533	-1077
53	0	759	15	68	0	0	0	88	-533	-1075
53	0	741	92	40	0	0	0	120	-533	-1074
53	0	741	92	40	0	0	0	120	-460	-1042
53	0	741	92	40	0	0	0	120	-458	-1041
53	0	741	92	40	0	0	0	120	-456	-1040
53	0	739	90	41	0	0	0	123	-454	-1039
53	0	739	90	41	0	0	0	123	-452	-1038
53	0	739	90	41	0	0	0	123	-450	-1038
53	0	739	83	47	0	0	1	124	-448	-1037
53	0	739	83	47	0	0	1	124	-447	-1036
53	0	739	83	47	0	0	1	124	-445	-1035
53	0	739	70	46	0	1	0	125	-443	-1034
53	0	739	70	46	0	1	0	125	-442	-1033
53	0	739	70	46	0	1	0	125	-440	-1032
53	0	734	54	42	0	1	0	126	-439	-1031
53	0	734	54	42	0	1	0	126	-438	-1030
53	0	734	54	42	0	1	0	126	-436	-1029
53	0	732	36	37	0	1	0	126	-435	-1028
53	0	732	36	37	0	1	0	126	-435	-1027
53	0	732	36	37	0	1	0	126	-434	-1027
53	0	730	20	27	0	1	0	127	-433	-1026
53	0	730	20	27	0	1	0	127	-433	-1025
53	0	730	20	27	0	1	0	127	-432	-1025
53	0	728	5	20	0	1	0	127	-432	-1024
53	0	728	5	20	0	1	0	127	-432	-1024
53	0	728	5	20	0	1	0	127	-431	-1023
53	0	728	5	20	0	1	0	127	-431	-1023
53	0	724	-7	15	0	0	0	127	-431	-1022
53	0	724	-7	15	0	0	0	127	-431	-1022
53	0	724	-7	15	0	0	0	127	-432	-1022
53	0	721	-16	10	0	0	0	127	-432	-1021
53	0	721	-16	10	0	0	0	127	-432	-1021
53	0	721	-16	10	0	0	0	127	-432	-1021
53	0	718	-24	3	0	0	0	127	-433	-1021
53	0	718	-24	3	0	0	0	127	-433	-1021
53	0	718	-24	3	0	0	0	127	-434	-1020
53	0	715	-29	-5	0	0	0	127	-434	-1020
53	0	715	-29	-5	0	0	0	127	-435	-1021
53	0	715	-29	-5	0	0	0	127	-436	-1021
53	0	711	-33	-14	0	0	0	127	-436	-1021
53	0	711	-33	-14	0	0	0	127	-437	-1021
53	0	711	-33	-14	0	0	0	127	-438	-1021
53	0	707	-36	-22	0	0	0	127	-438	-1022
53	0	707	-36	-22	0	0	0	127	-439	-1022
53	0	707	-36	-22	0	0	0	127	-440	-1023
53	0	705	-35	-31	0	0	0	127	-441	-1023
53	0	705	-35	-31	0	0	0	127	-441	-1024
53	0	705	-35	-31	0	0	0	127	-442	-1024
51	0	703	-36	-41	0	0	0	127	-443	-1025
51	0	703	-36	-41	0	0	0	127	-444	-1026
51	0	703	-36	-41	0	0	0	127	-444	-1027
51	0	702	-38	-50	0	0	0	127	-445	-1028
51	0	702	-38	-50	0	0	0	127	-446	-1029
51	0	702	-38	-50	0	0	0	127	-447	-1030
51	0	703	1	-36	0	0	0	127	-448	-1031
51	0	703	1	-36	0	0	0	127	-448	-1032
51	0	703	1	-36	0	0	0	127	-447	-1032
51	0	703	1	-36	0	0	0	127	-447	-1033
51	0	704	179	-53	0	0	0	127	-447	-1034
51	0	704	179	-53	0	0	0	127	-444	-1035
51	0	704	179	-53	0	0	0	127	-440	-1036
51	0	705	159	98	0	0	0	127	-436	-1037
51	0	705	159	98	0	0	0	127	-433	-1035
51	0	705	159	98	0	0	0	127	-429	-1033
51	0	705	159	98	0	0	0	127	-426	-1031
51	0	706	146	89	0	1	0	127	-423	-1029
51	0	706	146	89	0	1	0	127	-420	-1027
51	0	708	117	67	0	2	-1	127	-417	-1025
51	0	708	117	67	0	2	-1	127	-414	-1024
51	0	708	117	67	0	2	-1	127	-412	-1022
51	0	709	85	39	0	2	-1	127	-409	-1021
51	0	709	85	39	0	2	-1	127	-407	-1020
51	0	709	85	39	0	2	-1	127	-406	-1019
51	0	709	55	32	0	2	-1	127	-404	-1018
51	0	709	55	32	0	2	-1	127	-403	-1018
51	0	709	55	32	0	2	-1	127	-401	-1017
51	0	712	29	18	0	2	-1	127	-400	-1016
51	0	712	29	18	0	2	-1	127	-400	-1016
51	0	712	29	18	0	2	-1	127	-399	-1016
51	0	714	8	3	0	1	0	127	-398	-1015
51	0	714	8	3	0	1	0	127	-398	-1015
51	0	714	8	3	0	1	0	127	-398	-1015
51	0	716	-6	-6	0	1	0	127	-398	-1015
51	0	716	-6	-6	0	1	0	127	-398	-1015
51	0	716	-6	-6	0	1	0	127	-398	-1015
51	0	718	-16	-10	0	0	0	127	-398	-1015
51	0	718	-16	-10	0	0	0	127	-399	-1016
51	0	718	-16	-10	0	0	0	127	-399	-1016
51	0	718	-16	-10	0	0	0	127	-399	-1016
51	0	720	-21	-13	0	0	0	127	-400	-1016
51	0	720	-21	-13	0	0	0	127	-400	-1017
51	0	720	-21	-13	0	0	0	127	-401	-1017
51	0	724	-17	3	0	0	0	127	-401	-1017
51	0	724	-17	3	0	0	0	127	-401	-1017
51	0	724	-17	3	0	0	0	127	-402	-1017
49	0	729	-19	3	0	0	0	127	-402	-1017
49	0	729	-19	3	0	0	0	127	-403	-1017
49	0	729	-19	3	0	0	0	127	-403	-1017
49	0	730	-21	4	0	0	0	128	-403	-1017
49	0	730	-21	4	0	0	0	128	-404	-1017
49	0	730	-21	4	0	0	0	128	-404	-1017
49	0	730	-23	4	0	0	0	128	-405	-1016
49	0	730	-23	4	0	0	0	128	-405	-1016
49	0	730	-23	4	0	0	0	128	-406	-1016
49	0	734	-23	2	0	0	0	128	-406	-1016
49	0	734	-23	2	0	0	0	128	-407	-1016
49	0	734	-23	2	0	0	0	128	-407	-1016
49	0	734	-21	1	0	0	0	128	-408	-1016
49	0	734	-21	1	0	0	0	128	-408	-1016
49	0	734	-21	1	0	0	0	128	-409	-1016
49	0	737	-18	0	0	0	0	128	-409	-1016
49	0	737	-18	0	0	0	0	128	-409	-1016
49	0	737	-18	0	0	0	0	128	-410	-1016
49	0	739	-14	1	0	0	0	128	-410	-1016
49	0	739	-14	1	0	0	0	128	-411	-1016
49	0	739	-14	1	0	0	0	128	-411	-1016
49	0	740	-10	2	0	0	0	128	-411	-1016
49	0	740	-10	2	0	0	0	128	-411	-1016
49	0	740	-10	2	0	0	0	128	-412	-1016
49	0	740	-10	2	0	0	0	128	-412	-1016
49	0	742	-7	4	0	0	0	128	-412	-1016
49	0	742	-7	4	0	0	0	128	-412	-1015
49	0	742	-7	4	0	0	0	128	-412	-1015
49	0	744	-8	5	0	0	0	128	-412	-1015
49	0	744	-8	5	0	0	0	128	-413	-1015
49	0	744	-8	5	0	0	0	128	-413	-1015
49	0	745	-9	2	0	0	0	128	-413	-1015
49	0	745	-9	2	0	0	0	128	-413	-1015
49	0	745	-9	2	0	0	0	128	-413	-1015
49	0	744	-10	-1	0	0	0	128	-414	-1015
49	0	744	-10	-1	0	0	0	128	-414	-1015
49	0	744	-10	-1	0	0	0	128	-414	-1015
49	0	745	-8	-9	0	0	0	128	-414	-1015
49	0	745	-8	-9	0	0	0	128	-414	-1015
49	0	745	-8	-9	0	0	0	128	-415	-1015
49	0	745	-1	-17	0	-1	0	128	-415	-1015
49	0	745	-1	-17	0	-1	0	128	-415	-1016
49	0	745	-1	-17	0	-1	0	128	-415	-1016
49	0	745	10	-27	0	-1	0	128	-415	-1017
49	0	745	10	-27	0	-1	0	128	-415	-1017
49	0	745	10	-27	0	-1	0	128	-414	-1018
49	0	751	21	-40	0	-1	0	128	-414	-1018
49	0	751	21	-40	0	-1	0	128	-414	-1019
49	0	751	21	-40	0	-1	0	128	-413	-1020
49	0	755	32	-53	0	-1	0	128	-413	-1021
49	0	755	32	-53	0	-1	0	128	-412	-1022
49	0	755	32	-53	0	-1	0	128	-411	-1023
49	0	758	38	-69	0	0	-1	128	-411	-1024
49	0	758	38	-69	0	0	-1	128	-410	-1026
49	0	758	38	-69	0	0	-1	128	-409	-1027
49	0	762	39	-82	0	0	-1	128	-408	-1029
49	0	762	39	-82	0	0	-1	128	-407	-1030
49	0	762	39	-82	0	0	-1	128	-407	-1032
49	0	778	38	-96	0	0	0	128	-406	-1034
49	0	778	38	-96	0	0	0	128	-405	-1036
49	0	778	38	-96	0	0	0	128	-404	-1038
49	0	778	38	-96	0	0	0	128	-403	-1040
49	0	774	35	-104	0	0	0	128	-403	-1042
49	0	774	35	-104	0	0	0	128	-402	-1044
49	0	774	35	-104	0	0	0	128	-401	-1047
49	0	775	29	-105	0	0	0	127	-400	-1049
49	0	775	29	-105	0	0	0	127	-400	-1051
49	0	775	29	-105	0	0	0	127	-399	-1053
49	0	779	24	-102	0	0	0	127	-398	-1055
49	0	779	24	-102	0	0	0	127	-398	-1057
49	0	779	24	-102	0	0	0	127	-397	-1060
49	0	774	17	-97	0	0	0	127	-397	-1062
49	0	774	17	-97	0	0	0	127	-396	-1064
49	0	774	17	-97	0	0	0	127	-396	-1066
49	0	772	6	-92	0	0	0	127	-396	-1068
49	0	772	6	-92	0	0	0	127	-396	-1070
49	0	772	6	-92	0	0	0	127	-396	-1072
49	0	774	-11	-93	0	2	0	127	-395	-1074
49	0	774	-11	-93	0	2	0	127	-396	-1076
49	0	774	-11	-93	0	2	0	127	-396	-1078
49	0	778	-49	-102	0	4	-1	127	-396	-1080
49	0	778	-49	-102	0	4	-1	127	-397	-1082
49	0	778	-49	-102	0	4	-1	127	-398	-1084
49	0	731	-89	-114	0	6	-1	127	-399	-1086
49	0	731	-89	-114	0	6	-1	127	-401	-1088
49	0	731	-89	-114	0	6	-1	127	-403	-1091
49	0	716	-179	-134	0	8	-1	127	-405	-1093
49	0	716	-179	-134	0	8	-1	127	-409	-1096
49	0	716	-179	-134	0	8	-1	127	-412	-1099
49	0	716	-283	-148	0	8	-1	127	-416	-1102
49	0	706	-283	-148	0	8	-1	127	-422	-1105
49	0	706	-283	-148	0	8	-1	127	-428	-1108
49	0	706	-283	-148	0	8	-1	127	-434	-1111
49	0	694	-362	-154	0	6	0	127	-440	-1114
49	0	694	-362	-154	0	6	0	127	-447	-1117
49	0	694	-362	-154	0	6	0	127	-455	-1121
49	0	686	-407	-155	0	3	0	127	-463	-1124
49	0	686	-407	-155	0	3	0	127	-471	-1127
49	0	686	-407	-155	0	3	0	127	-480	-1130
49	0	682	-428	-152	0	2	0	127	-488	-1134
49	0	682	-428	-152	0	2	0	127	-497	-1137
49	0	682	-428	-152	0	2	0	127	-506	-1140
49	0	681	-452	-147	0	3	0	127	-515	-1143
49	0	681	-452	-147	0	3	0	127	-525	-1146
49	0	681	-452	-147	0	3	0	127	-534	-1150
49	0	682	-497	-140	0	5	0	127	-544	-1153
49	0	682	-497	-140	0	5	0	127	-554	-1156
49	0	682	-497	-140	0	5	0	127	-565	-1159
49	0	686	-566	-130	0	7	0	127	-575	-1161
49	0	686	-566	-130	0	7	0	127	-587	-1164
49	0	686	-566	-130	0	7	0	127	-599	-1167
49	0	691	-651	-117	0	9	0	127	-611	-1170
49	0	691	-651	-117	0	9	0	127	-625	-1172
49	0	691	-651	-117	0	9	0	127	-638	-1175
49	0	696	-745	-102	0	10	0	127	-654	-1177
49	0	696	-745	-102	0	10	0	127	-670	-1180
49	0	696	-745	-102	0	10	0	127	-685	-1182
49	0	704	-830	-83	0	8	0	127	-701	-1184
49	0	704	-830	-83	0	8	0	127	-718	-1186
49	0	704	-830	-83	0	8	0	127	-736	-1187
49	0	712	-871	-58	0	5	1	127	-753	-1189
49	0	712	-871	-58	0	5	1	127	-772	-1190
49	0	712	-871	-58	0	5	1	127	-790	-1192
49	0	718	-864	-30	0	1	1	127	-808	-1193
49	0	718	-864	-30	0	1	1	127	-826	-1194
49	0	718	-864	-30	0	1	1	127	-844	-1194
49	0	718	-864	-30	0	1	1	127	-862	-1195
49	0	723	-821	-8	0	-2	1	128	-881	-1195
49	0	723	-821	-8	0	-2	1	128	-898	-1196
49	0	723	-821	-8	0	-2	1	128	-915	-1196
49	0	726	-744	9	0	-5	0	128	-932	-1196
49	0	726	-744	9	0	-5	0	128	-948	-1196
49	0	726	-744	9	0	-5	0	128	-964	-1196
49	0	729	-642	25	0	-6	0	128	-979	-1195
49	0	729	-642	25	0	-6	0	128	-993	-1195
49	0	729	-642	25	0	-6	0	128	-1006	-1194
49	0	734	-479	122	0	-5	0	128	-1020	-1194
49	0	734	-479	122	0	-5	0	128	-1030	-1191
49	0	734	-479	122	0	-5	0	128	-1040	-1189
49	0	738	-399	172	0	-5	0	128	-1050	-1186
49	0	738	-399	172	0	-5	0	128	-1059	-1182
49	0	738	-399	172	0	-5	0	128	-1067	-1179
49	0	745	-318	176	0	-5	0	128	-1075	-1175
49	0	745	-318	176	0	-5	0	128	-1082	-1171
49	0	745	-318	176	0	-5	0	128	-1089	-1168
49	0	752	-234	246	0	-5	0	129	-1096	-1164
49	0	752	-234	246	0	-5	0	129	-1101	-1159
49	0	752	-234	246	0	-5	0	129	-1106	-1154
49	0	758	-166	232	0	-4	-1	129	-1111	-1148
49	0	758	-166	232	0	-4	-1	129	-1114	-1144
49	0	758	-166	232	0	-4	-1	129	-1118	-1139
49	0	779	-110	179	0	-3	-4	129	-1121	-1134
49	0	779	-110	179	0	-3	-4	129	-1123	-1130
49	0	779	-110	179	0	-3	-4	129	-1126	-1126
49	0	790	-70	98	0	-2	-7	129	-1128	-1122
49	0	790	-70	98	0	-2	-7	129	-1130	-1120
49	0	790	-70	98	0	-2	-7	129	-1131	-1118
49	0	797	-44	-3	0	-1	-9	129	-1133	-1116
49	0	797	-44	-3	0	-1	-9	129	-1134	-1116
49	0	797	-44	-3	0	-1	-9	129	-1134	-1116
49	0	797	-44	-3	0	-1	-9	129	-1135	-1116
49	0	806	-28	-121	0	0	-10	129	-1136	-1116
49	0	806	-28	-121	0	0	-10	129	-1137	-1119
49	0	806	-28	-121	0	0	-10	129	-1138	-1121
49	0	816	-18	-64	0	0	-11	129	-1138	-1124
49	0	816	-18	-64	0	0	-11	129	-1139	-1125
49	0	816	-18	-64	0	0	-11	129	-1139	-1127
49	0	822	10	-109	0	0	-9	129	-1139	-1128
49	0	822	10	-109	0	0	-9	129	-1139	-1130
49	0	822	10	-109	0	0	-9	129	-1139	-1133
49	0	823	5	-176	0	0	-6	129	-1139	-1135
49	0	823	5	-176	0	0	-6	129	-1139	-1139
49	0	823	5	-176	0	0	-6	129	-1138	-1142
49	0	825	0	-211	0	0	-1	129	-1138	-1146
49	0	825	0	-211	0	0	-1	129	-1138	-1151
49	0	825	0	-211	0	0	-1	129	-1138	-1155
49	0	824	-7	-196	0	0	2	129	-1138	-1159
49	0	824	-7	-196	0	0	2	129	-1138	-1163
49	0	824	-7	-196	0	0	2	129	-1139	-1168
49	0	826	-15	-150	0	1	2	129	-1139	-1172
49	0	826	-15	-150	0	1	2	129	-1139	-1175
49	0	826	-15	-150	0	1	2	129	-1139	-1178
49	0	821	-36	-111	0	3	1	129	-1140	-1181
49	0	821	-36	-111	0	3	1	129	-1140	-1184
49	0	821	-36	-111	0	3	1	129	-1141	-1186
49	0	821	-36	-111	0	3	1	129	-1142	-1188
49	0	815	-77	-83	0	5	1	129	-1143	-1191
49	0	815	-77	-83	0	5	1	129	-1144	-1192
49	0	815	-77	-83	0	5	1	129	-1146	-1194
49	0	810	-144	-64	0	7	0	129	-1148	-1196
49	0	810	-144	-64	0	7	0	129	-1151	-1197
49	0	810	-144	-64	0	7	0	129	-1154	-1199
49	0	809	-234	-48	0	9	0	129	-1157	-1200
49	0	809	-234	-48	0	9	0	129	-1162	-1201
49	0	809	-234	-48	0	9	0	129	-1167	-1202
49	0	808	-339	-33	0	10	0	129	-1171	-1203
49	0	808	-339	-33	0	10	0	129	-1179	-1204
49	0	808	-339	-33	0	10	0	129	-1186	-1204
49	0	803	-450	-19	0	11	0	129	-1193	-1205
49	0	803	-450	-19	0	11	0	129	-1202	-1206
49	0	803	-450	-19	0	11	0	129	-1212	-1206
49	0	802	-567	-3	0	11	0	129	-1221	-1206
49	0	802	-567	-3	0	11	0	129	-1233	-1206
49	0	802	-567	-3	0	11	0	129	-1246	-1207
49	0	795	-613	-37	0	10	0	129	-1257	-1207
49	0	795	-613	-37	0	10	0	129	-1270	-1207
49	0	795	-613	-37	0	10	0	129	-1283	-1208
49	0	787	-640	-84	0	6	1	129	-1296	-1209
49	0	787	-640	-84	0	6	1	129	-1309	-1211
49	0	787	-640	-84	0	6	1	129	-1322	-1213
49	0	776	-609	-66	0	3	0	129	-1336	-1214
49	0	776	-609	-66	0	3	0	129	-1349	-1216
49	0	776	-609	-66	0	3	0	129	-1362	-1217
49	0	766	-605	-61	0	0	-2	129	-1374	-1218
49	0	766	-605	-61	0	0	-2	129	-1387	-1220
49	0	766	-605	-61	0	0	-2	129	-1400	-1221
49	0	766	-605	-61	0	-1	-4	129	-1413	-1222
49	0	758	-577	-86	0	-1	-4	129	-1425	-1224
49	0	758	-577	-86	0	-1	-4	129	-1437	-1225
49	0	758	-577	-86	0	-1	-4	129	-1449	-1227
49	0	747	-540	-30	0	-1	-7	129	-1462	-1229
49	0	747	-540	-30	0	-1	-7	129	-1473	-1230
49	0	747	-540	-30	0	-1	-7	129	-1484	-1230
49	0	740	-480	-20	0	-2	-8	129	-1496	-1231
49	0	740	-480	-20	0	-2	-8	129	-1506	-1231
49	0	735	-445	-65	0	-2	-9	129	-1516	-1232
49	0	735	-445	-65	0	-2	-9	129	-1528	-1234
49	0	735	-445	-65	0	-2	-9	129	-1538	-1235
49	0	735	-445	-65	0	-2	-9	129	-1548	-1237
49	0	735	-426	-148	0	-2	-9	130	-1557	-1238
49	0	735	-426	-148	0	-2	-9	130	-1566	-1241
49	0	731	-372	-173	0	-3	-8	130	-1575	-1244
49	0	731	-372	-173	0	-3	-8	130	-1594	-1253
49	0	729	-301	-173	0	-3	-6	130	-1602	-1257
49	0	729	-301	-173	0	-3	-6	130	-1608	-1260
49	0	729	-301	-173	0	-3	-6	130	-1614	-1264
49	0	726	-250	-172	0	-4	-4	130	-1621	-1268
49	0	726	-250	-172	0	-4	-4	130	-1626	-1271
49	0	726	-250	-172	0	-4	-4	130	-1631	-1275
49	0	725	-208	-188	0	-3	-4	130	-1636	-1278
49	0	725	-208	-188	0	-3	-4	130	-1641	-1282
49	0	725	-208	-188	0	-3	-4	130	-1645	-1286
49	0	725	-208	-188	0	-3	-4	130	-1650	-1290
49	0	722	-200	-267	0	-2	-5	130	-1654	-1294
49	0	722	-200	-267	0	-2	-5	130	-1658	-1300
49	0	722	-200	-267	0	-2	-5	130	-1662	-1305
49	0	720	-170	-277	0	-2	-3	130	-1666	-1311
49	0	720	-170	-277	0	-2	-3	130	-1670	-1317
49	0	720	-170	-277	0	-2	-3	130	-1674	-1323
49	0	718	-131	-295	0	-1	-1	130	-1677	-1329
49	0	718	-131	-295	0	-1	-1	130	-1680	-1335
49	0	718	-131	-295	0	-1	-1	130	-1683	-1341
49	0	717	-95	-302	0	-1	0	130	-1685	-1347
49	0	717	-95	-302	0	-1	0	130	-1687	-1354
49	0	717	-95	-302	0	-1	0	130	-1689	-1360
49	0	717	-76	-261	0	0	1	130	-1691	-1366
49	0	717	-76	-261	0	0	1	130	-1693	-1372
49	0	717	-76	-261	0	0	1	130	-1695	-1377
49	0	717	-80	-254	0	0	2	130	-1696	-1383
49	0	717	-80	-254	0	0	2	130	-1698	-1388
49	0	717	-80	-254	0	0	2	130	-1700	-1393
49	0	718	-79	-226	0	0	2	130	-1701	-1399
49	0	718	-79	-226	0	0	2	130	-1703	-1403
49	0	718	-79	-226	0	0	2	130	-1705	-1408
49	0	720	-73	-203	0	0	3	130	-1706	-1413
49	0	720	-73	-203	0	0	3	130	-1708	-1417
49	0	720	-73	-203	0	0	3	130	-1709	-1422
49	0	724	-76	-176	0	0	3	130	-1711	-1426
49	0	724	-76	-176	0	0	3	130	-1713	-1429
49	0	724	-76	-176	0	0	3	130	-1714	-1433
49	0	725	-78	-130	0	0	2	130	-1716	-1437
49	0	725	-78	-130	0	0	2	130	-1717	-1440
49	0	725	-78	-130	0	0	2	130	-1719	-1442
49	0	725	-78	-130	0	0	2	130	-1721	-1445
49	0	727	-93	-137	0	0	0	130	-1722	-1448
49	0	727	-93	-137	0	0	0	130	-1724	-1451
49	0	727	-93	-137	0	0	0	130	-1726	-1454
49	0	730	-78	-165	0	0	0	130	-1728	-1457
49	0	730	-78	-165	0	0	0	130	-1730	-1460
49	0	730	-78	-165	0	0	0	130	-1732	-1463
49	0	735	-62	-170	0	0	0	130	-1733	-1467
49	0	735	-62	-170	0	0	0	130	-1735	-1471
49	0	735	-62	-170	0	0	0	130	-1736	-1474
49	0	741	-48	-129	0	0	0	130	-1737	-1478
49	0	741	-48	-129	0	0	0	130	-1738	-1480
49	0	741	-48	-129	0	0	0	130	-1739	-1483
49	0	741	-51	-132	0	0	0	130	-1740	-1486
49	0	741	-51	-132	0	0	0	130	-1741	-1489
49	0	741	-51	-132	0	0	0	130	-1742	-1491
49	0	740	-55	-198	0	0	-1	130	-1743	-1494
49	0	740	-55	-198	0	0	-1	130	-1745	-1498
49	0	740	-55	-198	0	0	-1	130	-1746	-1503
49	0	741	-43	-197	0	0	0	130	-1747	-1507
49	0	741	-43	-197	0	0	0	130	-1748	-1511
49	0	741	-43	-197	0	0	0	130	-1749	-1515
49	0	739	-25	-185	0	0	1	130	-1750	-1519
49	0	739	-25	-185	0	0	1	130	-1750	-1523
49	0	739	-25	-185	0	0	1	130	-1751	-1527
49	0	739	-16	-172	0	0	2	130	-1751	-1531
49	0	739	-16	-172	0	0	2	130	-1752	-1534
49	0	739	-16	-172	0	0	2	130	-1752	-1538
49	0	739	-16	-172	0	0	2	130	-1752	-1542
49	0	739	0	-128	0	0	3	129	-1753	-1545
49	0	739	0	-128	0	0	3	129	-1753	-1548
49	0	739	0	-128	0	0	3	129	-1753	-1551
49	0	739	7	-83	0	0	3	129	-1753	-1553
49	0	739	7	-83	0	0	3	129	-1752	-1555
49	0	739	7	-83	0	0	3	129	-1752	-1557
49	0	735	14	-45	0	0	2	129	-1752	-1559
49	0	735	14	-45	0	0	2	129	-1752	-1560
49	0	735	14	-45	0	0	2	129	-1752	-1561
49	0	732	22	-16	0	0	1	129	-1751	-1562
49	0	732	22	-16	0	0	1	129	-1751	-1562
49	0	732	22	-16	0	0	1	129	-1750	-1562
49	0	730	18	3	0	0	1	129	-1750	-1563
49	0	730	18	3	0	0	1	129	-1749	-1563
49	0	730	18	3	0	0	1	129	-1749	-1563
49	0	727	18	14	0	0	0	129	-1749	-1562
49	0	727	18	14	0	0	0	129	-1748	-1562
49	0	727	18	14	0	0	0	129	-1748	-1562
49	0	724	13	21	0	0	0	129	-1748	-1562
49	0	724	13	21	0	0	0	129	-1747	-1561
49	0	724	13	21	0	0	0	129	-1747	-1561
49	0	720	26	28	0	0	0	129	-1747	-1560
49	0	720	26	28	0	0	0	129	-1746	-1560
49	0	720	26	28	0	0	0	129	-1746	-1559
49	0	719	35	34	0	0	0	129	-1745	-1558
49	0	719	35	34	0	0	0	129	-1744	-1558
49	0	719	35	34	0	0	0	129	-1743	-1557
49	0	717	42	36	0	0	0	129	-1743	-1556
49	0	717	42	36	0	0	0	129	-1742	-1555
49	0	717	42	36	0	0	0	129	-1741	-1555
49	0	717	42	36	0	0	0	129	-1740	-1554
49	0	716	44	31	0	0	0	129	-1739	-1553
49	0	716	44	31	0	0	0	129	-1738	-1553
49	0	716	44	31	0	0	0	129	-1737	-1552
49	0	715	55	26	0	0	0	129	-1736	-1551
49	0	715	55	26	0	0	0	129	-1735	-1551
49	0	715	55	26	0	0	0	129	-1734	-1550
49	0	715	62	24	0	0	0	128	-1733	-1550
49	0	715	62	24	0	0	0	128	-1732	-1549
49	0	715	62	24	0	0	0	128	-1730	-1548
49	0	713	58	25	0	1	0	128	-1729	-1548
49	0	713	58	25	0	1	0	128	-1728	-1547
49	0	713	58	25	0	1	0	128	-1726	-1547
49	0	717	50	20	0	1	0	128	-1725	-1546
49	0	717	50	20	0	1	0	128	-1724	-1546
49	0	717	50	20	0	1	0	128	-1723	-1546
49	0	715	47	20	0	1	0	128	-1722	-1545
49	0	715	47	20	0	1	0	128	-1721	-1545
49	0	715	47	20	0	1	0	128	-1720	-1544
49	0	715	42	19	0	1	0	128	-1719	-1544
49	0	715	42	19	0	1	0	128	-1718	-1543
49	0	715	42	19	0	1	0	128	-1717	-1543
49	0	716	41	19	0	1	0	128	-1716	-1543
49	0	716	41	19	0	1	0	128	-1716	-1542
49	0	716	41	19	0	1	0	128	-1715	-1542
49	0	716	41	15	0	1	0	128	-1714	-1541
49	0	716	41	15	0	1	0	128	-1713	-1541
49	0	716	41	15	0	1	0	128	-1712	-1541
49	0	714	40	18	0	1	0	128	-1711	-1540
49	0	714	40	18	0	1	0	128	-1710	-1540
49	0	714	40	18	0	1	0	128	-1710	-1540
49	0	714	40	18	0	1	0	128	-1709	-1539
49	0	714	24	16	0	1	0	128	-1708	-1539
49	0	714	24	16	0	1	0	128	-1707	-1538
49	0	714	24	16	0	1	0	128	-1707	-1538
49	0	715	11	9	0	1	0	128	-1706	-1538
49	0	715	11	9	0	1	0	128	-1706	-1538
49	0	715	11	9	0	1	0	128	-1706	-1537
49	0	715	14	12	0	0	0	128	-1706	-1537
49	0	715	14	12	0	0	0	128	-1705	-1537
49	0	715	14	12	0	0	0	128	-1705	-1537
49	0	715	23	9	0	0	0	128	-1705	-1536
49	0	715	23	9	0	0	0	128	-1704	-1536
49	0	715	23	9	0	0	0	128	-1704	-1536
49	0	715	19	1	0	1	0	128	-1703	-1536
49	0	715	19	1	0	1	0	128	-1703	-1536
49	0	715	19	1	0	1	0	128	-1702	-1536
49	0	717	25	4	0	1	0	128	-1702	-1536
49	0	717	25	4	0	1	0	128	-1701	-1536
49	0	717	25	4	0	1	0	128	-1701	-1536
48	0	717	11	0	0	1	0	128	-1700	-1535
48	0	717	11	0	0	1	0	128	-1700	-1535
48	0	717	11	0	0	1	0	128	-1700	-1535
48	0	717	1	-5	0	1	0	128	-1700	-1535
48	0	717	1	-5	0	1	0	128	-1700	-1536
48	0	717	1	-5	0	1	0	128	-1700	-1536
48	0	718	-1	-7	0	1	0	128	-1700	-1536
48	0	718	-1	-7	0	1	0	128	-1700	-1536
48	0	718	-1	-7	0	1	0	128	-1700	-1536
48	0	719	-11	-20	0	1	0	128	-1700	-1536
48	0	719	-11	-20	0	1	0	128	-1700	-1537
48	0	719	-11	-20	0	1	0	128	-1700	-1537
48	0	719	-11	-20	0	1	0	128	-1700	-1538
48	0	720	-13	-24	0	0	0	128	-1701	-1538
48	0	720	-13	-24	0	0	0	128	-1701	-1539
48	0	720	-13	-24	0	0	0	128	-1701	-1539
48	0	721	-16	-34	0	0	0	128	-1701	-1540
48	0	721	-16	-34	0	0	0	128	-1702	-1540
48	0	721	-16	-34	0	0	0	128	-1702	-1541
48	0	723	-17	-41	0	0	0	128	-1702	-1542
48	0	723	-17	-41	0	0	0	128	-1703	-1543
48	0	723	-17	-41	0	0	0	128	-1703	-1543
48	0	726	-29	-45	0	0	0	128	-1704	-1544
48	0	726	-29	-45	0	0	0	128	-1704	-1545
48	0	726	-29	-45	0	0	0	128	-1705	-1546
48	0	728	-46	-54	0	0	0	128	-1705	-1547
48	0	728	-46	-54	0	0	0	128	-1706	-1548
48	0	728	-46	-54	0	0	0	128	-1707	-1550
48	0	730	-58	-56	0	0	0	128	-1708	-1551
48	0	730	-58	-56	0	0	0	128	-1710	-1552
48	0	730	-58	-56	0	0	0	128	-1711	-1553
48	0	731	-50	-51	0	0	0	128	-1712	-1554
48	0	731	-50	-51	0	0	0	128	-1713	-1555
48	0	731	-50	-51	0	0	0	128	-1714	-1556
48	0	734	-44	-46	0	0	0	128	-1715	-1557
48	0	734	-44	-46	0	0	0	128	-1716	-1558
48	0	734	-44	-46	0	0	0	128	-1717	-1559
48	0	735	-47	-40	0	0	0	129	-1718	-1560
48	0	735	-47	-40	0	0	0	129	-1719	-1561
48	0	735	-47	-40	0	0	0	129	-1720	-1562
48	0	735	-47	-40	0	0	0	129	-1721	-1563
48	0	737	-29	-32	0	0	0	129	-1722	-1564
48	0	737	-29	-32	0	0	0	129	-1723	-1564
48	0	737	-29	-32	0	0	0	129	-1723	-1565
48	0	741	-28	-30	0	0	0	129	-1724	-1566
48	0	741	-28	-30	0	0	0	129	-1724	-1566
48	0	741	-28	-30	0	0	0	129	-1725	-1567
48	0	743	-38	-27	0	0	0	129	-1726	-1568
48	0	743	-38	-27	0	0	0	129	-1726	-1568
48	0	743	-38	-27	0	0	0	129	-1727	-1569
48	0	747	-47	-29	0	0	0	129	-1728	-1569
48	0	747	-47	-29	0	0	0	129	-1729	-1570
48	0	747	-47	-29	0	0	0	129	-1730	-1571
48	0	747	-32	-32	0	0	0	129	-1731	-1571
48	0	747	-32	-32	0	0	0	129	-1732	-1572
48	0	747	-32	-32	0	0	0	129	-1732	-1573
48	0	750	-22	-33	0	0	0	129	-1733	-1573
48	0	750	-22	-33	0	0	0	129	-1734	-1574
48	0	750	-22	-33	0	0	0	129	-1734	-1575
48	0	754	-19	-31	0	0	0	129	-1734	-1575
48	0	754	-19	-31	0	0	0	129	-1735	-1576
48	0	754	-19	-31	0	0	0	129	-1735	-1577
48	0	754	-11	-24	0	0	0	129	-1736	-1577
48	0	754	-11	-24	0	0	0	129	-1736	-1578
48	0	754	-11	-24	0	0	0	129	-1736	-1578
48	0	757	-14	-19	0	0	0	129	-1736	-1579
48	0	757	-14	-19	0	0	0	129	-1737	-1579
48	0	757	-14	-19	0	0	0	129	-1737	-1580
48	0	758	-11	-19	0	0	0	129	-1737	-1580
48	0	758	-11	-19	0	0	0	129	-1738	-1581
48	0	758	-11	-19	0	0	0	129	-1738	-1581
48	0	758	-11	-19	0	0	0	129	-1738	-1581
48	0	759	-6	-20	0	0	0	129	-1738	-1582
48	0	759	-6	-20	0	0	0	129	-1738	-1582
48	0	759	-6	-20	0	0	0	129	-1739	-1583
48	0	761	-3	-16	0	0	0	130	-1739	-1583
48	0	761	-3	-16	0	0	0	130	-1739	-1583
48	0	761	-3	-16	0	0	0	130	-1739	-1584
48	0	761	8	-7	0	0	0	130	-1739	-1584
48	0	761	8	-7	0	0	0	130	-1739	-1584
48	0	761	8	-7	0	0	0	130	-1739	-1584
48	0	763	27	0	0	0	0	130	-1738	-1585
48	0	763	27	0	0	0	0	130	-1738	-1585
48	0	763	27	0	0	0	0	130	-1737	-1585
48	0	764	22	19	0	0	1	130	-1737	-1585
48	0	764	22	19	0	0	1	130	-1736	-1584
48	0	764	22	19	0	0	1	130	-1736	-1584
48	0	763	11	37	0	0	1	130	-1735	-1583
48	0	763	11	37	0	0	1	130	-1735	-1583
48	0	763	11	37	0	0	1	130	-1735	-1582
48	0	761	35	43	0	0	0	130	-1734	-1581
48	0	761	35	43	0	0	0	130	-1734	-1580
48	0	761	35	43	0	0	0	130	-1733	-1579
48	0	758	46	54	0	0	0	130	-1732	-1578
48	0	758	46	54	0	0	0	130	-1731	-1577
48	0	758	46	54	0	0	0	130	-1730	-1576
48	0	754	47	68	0	0	0	130	-1729	-1575
48	0	754	47	68	0	0	0	130	-1728	-1573
48	0	754	47	68	0	0	0	130	-1727	-1572
48	0	752	56	72	0	0	0	130	-1726	-1570
48	0	752	56	72	0	0	0	130	-1725	-1569
48	0	752	56	72	0	0	0	130	-1724	-1567
48	0	750	45	78	0	1	0	130	-1723	-1566
48	0	750	45	78	0	1	0	130	-1722	-1564
48	0	750	45	78	0	1	0	130	-1721	-1563
48	0	748	46	76	0	1	0	130	-1720	-1561
48	0	748	46	76	0	1	0	130	-1719	-1559
48	0	748	46	76	0	1	0	130	-1718	-1558
48	0	748	46	76	0	1	0	130	-1717	-1556
48	0	743	50	75	0	1	0	130	-1716	-1555
48	0	743	50	75	0	1	0	130	-1715	-1553
48	0	743	50	75	0	1	0	130	-1714	-1551
48	0	738	60	83	0	1	0	130	-1713	-1550
48	0	738	60	83	0	1	0	130	-1711	-1548
48	0	738	60	83	0	1	0	130	-1710	-1546
48	0	734	68	88	0	1	0	130	-1709	-1545
48	0	734	68	88	0	1	0	130	-1707	-1543
48	0	734	68	88	0	1	0	130	-1706	-1541
48	0	727	61	97	0	1	0	130	-1705	-1539
48	0	727	61	97	0	1	0	130	-1703	-1537
48	0	727	61	97	0	1	0	130	-1702	-1535
48	0	721	68	102	0	1	0	130	-1701	-1533
48	0	721	68	102	0	1	0	130	-1699	-1531
48	0	721	68	102	0	1	0	130	-1698	-1529
48	0	713	55	102	0	1	0	131	-1696	-1526
48	0	713	55	102	0	1	0	131	-1695	-1524
48	0	713	55	102	0	1	0	131	-1694	-1522
48	0	707	55	108	0	1	0	131	-1693	-1520
48	0	707	55	108	0	1	0	131	-1692	-1518
48	0	707	55	108	0	1	0	131	-1691	-1515
48	0	700	42	118	0	1	0	131	-1689	-1513
48	0	700	42	118	0	1	0	131	-1688	-1511
48	0	700	42	118	0	1	0	131	-1688	-1508
48	0	693	30	108	0	1	0	131	-1687	-1506
48	0	693	30	108	0	1	0	131	-1686	-1503
48	0	693	30	108	0	1	0	131	-1685	-1501
48	0	693	30	108	0	1	0	131	-1685	-1499
48	0	688	18	93	0	0	-1	131	-1684	-1496
48	0	688	18	93	0	0	-1	131	-1684	-1494
48	0	688	18	93	0	0	-1	131	-1683	-1493
48	0	683	7	76	0	0	-1	131	-1683	-1491
48	0	683	7	76	0	0	-1	131	-1683	-1489
48	0	683	7	76	0	0	-1	131	-1683	-1487
48	0	678	0	58	0	0	-1	131	-1683	-1486
48	0	678	0	58	0	0	-1	131	-1683	-1484
48	0	678	0	58	0	0	-1	131	-1683	-1483
48	0	673	-5	45	0	0	0	131	-1683	-1482
48	0	673	-5	45	0	0	0	131	-1683	-1481
48	0	673	-5	45	0	0	0	131	-1683	-1480
48	0	670	-9	36	0	0	0	131	-1683	-1479
48	0	670	-9	36	0	0	0	131	-1683	-1478
48	0	670	-9	36	0	0	0	131	-1683	-1478
48	0	669	-11	26	0	0	0	131	-1684	-1477
48	0	669	-11	26	0	0	0	131	-1684	-1476
48	0	669	-11	26	0	0	0	131	-1684	-1476
48	0	665	-14	19	0	0	0	131	-1684	-1475
48	0	665	-14	19	0	0	0	131	-1685	-1475
48	0	665	-14	19	0	0	0	131	-1685	-1474
48	0	665	-18	13	0	0	0	132	-1685	-1474
48	0	665	-18	13	0	0	0	132	-1686	-1474
48	0	665	-18	13	0	0	0	132	-1686	-1473
48	0	664	-22	4	0	0	0	132	-1686	-1473
48	0	664	-22	4	0	0	0	132	-1687	-1473
48	0	664	-22	4	0	0	0	132	-1687	-1473
48	0	664	-22	4	0	0	0	132	-1688	-1473
48	0	665	-26	-4	0	0	0	132	-1688	-1473
48	0	665	-26	-4	0	0	0	132	-1689	-1473
48	0	665	-26	-4	0	0	0	132	-1689	-1473
48	0	672	-26	9	0	0	0	132	-1690	-1473
48	0	672	-26	9	0	0	0	132	-1690	-1473
48	0	672	-26	9	0	0	0	132	-1691	-1473
48	0	671	-19	34	0	0	0	132	-1692	-1472
48	0	671	-19	34	0	0	0	132	-1692	-1472
48	0	671	-19	34	0	0	0	132	-1692	-1471
48	0	670	-18	42	0	0	0	132	-1693	-1470
48	0	670	-18	42	0	0	0	132	-1693	-1469
48	0	670	-18	42	0	0	0	132	-1694	-1468
48	0	672	-17	40	0	0	0	132	-1694	-1468
48	0	672	-17	40	0	0	0	132	-1694	-1467
48	0	672	-17	40	0	0	0	132	-1695	-1466
48	0	675	-15	30	0	0	0	132	-1695	-1465
48	0	675	-15	30	0	0	0	132	-1695	-1464
48	0	675	-15	30	0	0	0	132	-1696	-1464
48	0	675	-12	18	0	0	-1	132	-1696	-1463
48	0	675	-12	18	0	0	-1	132	-1696	-1463
48	0	675	-12	18	0	0	-1	132	-1697	-1462
48	0	679	-8	1	0	0	-1	132	-1697	-1462
48	0	679	-8	1	0	0	-1	132	-1697	-1462
48	0	679	-8	1	0	0	-1	132	-1697	-1462
48	0	683	-2	-13	0	0	-1	132	-1697	-1462
48	0	683	-2	-13	0	0	-1	132	-1697	-1462
48	0	683	-2	-13	0	0	-1	132	-1697	-1462
48	0	688	-1	-21	0	0	0	132	-1698	-1463
48	0	688	-1	-21	0	0	0	132	-1698	-1463
48	0	688	-1	-21	0	0	0	132	-1698	-1464
48	0	688	-1	-21	0	0	0	132	-1698	-1464
48	0	692	-3	-28	0	0	0	132	-1698	-1464
48	0	692	-3	-28	0	0	0	132	-1698	-1465
48	0	692	-3	-28	0	0	0	132	-1698	-1466
48	0	697	-4	-52	0	0	0	132	-1698	-1466
48	0	697	-4	-52	0	0	0	132	-1698	-1467
48	0	697	-4	-52	0	0	0	132	-1698	-1468
48	0	700	0	-60	0	0	0	132	-1698	-1470
48	0	700	0	-60	0	0	0	132	-1698	-1471
48	0	700	0	-60	0	0	0	132	-1698	-1472
48	0	701	1	-39	0	0	0	131	-1698	-1473
48	0	701	1	-39	0	0	0	131	-1698	-1474
48	0	701	1	-39	0	0	0	131	-1698	-1475
48	0	699	4	-30	0	0	0	131	-1698	-1476
48	0	699	4	-30	0	0	0	131	-1698	-1477
48	0	699	4	-30	0	0	0	131	-1698	-1477
48	0	701	2	-23	0	0	0	131	-1698	-1478
48	0	701	2	-23	0	0	0	131	-1698	-1478
48	0	701	2	-23	0	0	0	131	-1698	-1479
48	0	699	7	-13	0	0	0	131	-1698	-1479
48	0	699	7	-13	0	0	0	131	-1698	-1480
48	0	699	7	-13	0	0	0	131	-1697	-1480
48	0	697	4	-4	0	0	0	131	-1697	-1480
48	0	697	4	-4	0	0	0	131	-1697	-1480
48	0	697	4	-4	0	0	0	131	-1697	-1480
48	0	697	-6	3	0	0	0	131	-1697	-1480
48	0	697	-6	3	0	0	0	131	-1697	-1480
48	0	697	-6	3	0	0	0	131	-1697	-1480
48	0	698	-15	6	0	0	0	131	-1697	-1480
48	0	698	-15	6	0	0	0	131	-1698	-1480
48	0	698	-15	6	0	0	0	131	-1698	-1480
48	0	700	-26	8	0	0	0	131	-1698	-1480
48	0	700	-26	8	0	0	0	131	-1699	-1480
48	0	700	-26	8	0	0	0	131	-1699	-1479
48	0	700	-26	8	0	0	0	131	-1700	-1479
48	0	699	-34	9	0	0	0	131	-1701	-1479
48	0	699	-34	9	0	0	0	131	-1701	-1479
48	0	699	-34	9	0	0	0	131	-1702	-1479
48	0	700	-38	8	0	0	0	131	-1703	-1479
48	0	700	-38	8	0	0	0	131	-1704	-1478
48	0	700	-38	8	0	0	0	131	-1704	-1478
48	0	702	-41	8	0	0	0	131	-1705	-1478
48	0	702	-41	8	0	0	0	131	-1706	-1478
48	0	702	-41	8	0	0	0	131	-1707	-1478
48	0	704	-42	6	0	0	0	131	-1708	-1477
48	0	704	-42	6	0	0	0	131	-1709	-1477
48	0	704	-42	6	0	0	0	131	-1710	-1477
48	0	706	-40	4	0	0	0	131	-1711	-1477
48	0	706	-40	4	0	0	0	131	-1711	-1477
48	0	706	-40	4	0	0	0	131	-1712	-1477
48	0	710	-73	-10	0	0	0	131	-1713	-1477
48	0	710	-73	-10	0	0	0	131	-1715	-1477
48	0	710	-73	-10	0	0	0	131	-1716	-1477
48	0	711	-117	-20	0	0	0	131	-1718	-1477
48	0	711	-117	-20	0	0	0	131	-1720	-1478
48	0	711	-117	-20	0	0	0	131	-1723	-1478
48	0	715	-115	-24	0	0	0	131	-1725	-1479
48	0	715	-115	-24	0	0	0	131	-1728	-1479
48	0	715	-115	-24	0	0	0	131	-1730	-1480
48	0	718	-84	-18	0	-1	0	131	-1732	-1480
48	0	718	-84	-18	0	-1	0	131	-1734	-1481
48	0	718	-84	-18	0	-1	0	131	-1736	-1481
48	0	721	-69	-10	0	-1	0	131	-1738	-1481
48	0	721	-69	-10	0	-1	0	131	-1739	-1482
48	0	721	-69	-10	0	-1	0	131	-1741	-1482
48	0	721	-69	-10	0	-1	0	131	-1742	-1482
48	0	724	-50	-6	0	-1	0	131	-1744	-1482
48	0	724	-50	-6	0	-1	0	131	-1745	-1483
48	0	724	-50	-6	0	-1	0	131	-1746	-1483
48	0	729	-43	-4	0	-1	0	131	-1747	-1483
48	0	729	-43	-4	0	-1	0	131	-1748	-1483
48	0	729	-43	-4	0	-1	0	131	-1749	-1483
48	0	733	-28	-3	0	-1	0	132	-1750	-1483
48	0	733	-28	-3	0	-1	0	132	-1750	-1483
48	0	733	-28	-3	0	-1	0	132	-1751	-1483
48	0	732	-17	-8	0	0	0	132	-1751	-1483
48	0	732	-17	-8	0	0	0	132	-1752	-1483
48	0	732	-17	-8	0	0	0	132	-1752	-1484
48	0	724	-21	-13	0	0	0	132	-1753	-1484
48	0	724	-21	-13	0	0	0	132	-1753	-1484
48	0	724	-21	-13	0	0	0	132	-1753	-1484
48	0	723	-23	-18	0	0	0	132	-1754	-1485
48	0	723	-23	-18	0	0	0	132	-1754	-1485
48	0	723	-23	-18	0	0	0	132	-1755	-1485
48	0	731	-19	-25	0	0	0	132	-1755	-1486
48	0	731	-19	-25	0	0	0	132	-1756	-1486
48	0	731	-19	-25	0	0	0	132	-1756	-1487
48	0	732	-17	-29	0	0	0	132	-1757	-1487
48	0	732	-17	-29	0	0	0	132	-1757	-1488
48	0	732	-17	-29	0	0	0	132	-1757	-1489
48	0	742	-14	-37	0	0	0	133	-1758	-1489
48	0	742	-14	-37	0	0	0	133	-1758	-1490
48	0	742	-14	-37	0	0	0	133	-1758	-1491
48	0	745	-5	-41	0	0	0	133	-1759	-1492
48	0	745	-5	-41	0	0	0	133	-1759	-1492
48	0	745	-5	-41	0	0	0	133	-1759	-1493
48	0	745	-5	-41	0	0	0	133	-1759	-1494
48	0	747	-7	-46	0	0	0	133	-1759	-1495
48	0	747	-7	-46	0	0	0	133	-1759	-1496
48	0	747	-7	-46	0	0	0	133	-1759	-1497
48	0	747	-10	-49	0	0	0	133	-1760	-1498
48	0	747	-10	-49	0	0	0	133	-1760	-1499
48	0	747	-10	-49	0	0	0	133	-1760	-1500
48	0	741	-5	-45	0	0	0	133	-1760	-1501
48	0	741	-5	-45	0	0	0	133	-1760	-1502
48	0	741	-5	-45	0	0	0	133	-1760	-1503
48	0	738	9	-42	0	0	0	133	-1761	-1504
48	0	738	9	-42	0	0	0	133	-1760	-1505
48	0	738	9	-42	0	0	0	133	-1760	-1506
48	0	729	8	-41	0	0	0	133	-1760	-1507
48	0	729	8	-41	0	0	0	133	-1760	-1507
48	0	729	8	-41	0	0	0	133	-1760	-1508
48	0	722	3	-37	0	0	0	134	-1759	-1509
48	0	722	3	-37	0	0	0	134	-1759	-1510
48	0	722	3	-37	0	0	0	134	-1759	-1511
48	0	719	9	-38	0	0	0	134	-1759	-1512
48	0	719	9	-38	0	0	0	134	-1759	-1512
48	0	719	9	-38	0	0	0	134	-1759	-1513
48	0	714	9	-36	0	0	0	134	-1759	-1514
48	0	714	9	-36	0	0	0	134	-1758	-1515
48	0	714	9	-36	0	0	0	134	-1758	-1516
48	0	714	12	-38	0	0	0	134	-1758	-1516
48	0	714	12	-38	0	0	0	134	-1758	-1517
48	0	714	12	-38	0	0	0	134	-1757	-1518
48	0	714	12	-38	0	0	0	134	-1757	-1519
48	0	713	13	-41	0	0	0	134	-1757	-1520
48	0	713	13	-41	0	0	0	134	-1757	-1521
48	0	709	7	-37	0	0	0	134	-1756	-1522
48	0	709	7	-37	0	0	0	134	-1756	-1522
48	0	709	7	-37	0	0	0	134	-1756	-1523
48	0	710	4	-36	0	0	0	134	-1756	-1524
48	0	710	4	-36	0	0	0	134	-1756	-1525
48	0	710	4	-36	0	0	0	134	-1756	-1526
48	0	708	5	-32	0	0	0	134	-1756	-1526
48	0	708	5	-32	0	0	0	134	-1755	-1527
48	0	708	5	-32	0	0	0	134	-1755	-1528
48	0	709	12	-25	0	0	0	134	-1755	-1529
48	0	709	12	-25	0	0	0	134	-1755	-1529
48	0	709	12	-25	0	0	0	134	-1755	-1530
48	0	710	19	-20	0	0	0	135	-1754	-1530
48	0	710	19	-20	0	0	0	135	-1754	-1531
48	0	710	19	-20	0	0	0	135	-1753	-1531
48	0	711	17	-17	0	0	0	135	-1753	-1532
48	0	711	17	-17	0	0	0	135	-1753	-1532
48	0	711	17	-17	0	0	0	135	-1752	-1532
48	0	712	17	-19	0	0	0	135	-1752	-1533
48	0	712	17	-19	0	0	0	135	-1752	-1533
48	0	712	17	-19	0	0	0	135	-1751	-1534
48	0	716	11	-13	0	0	0	135	-1751	-1534
48	0	716	11	-13	0	0	0	135	-1751	-1534
48	0	716	11	-13	0	0	0	135	-1750	-1535
48	0	719	6	-8	0	0	0	135	-1750	-1535
48	0	719	6	-8	0	0	0	135	-1750	-1535
48	0	719	6	-8	0	0	0	135	-1750	-1535
48	0	721	13	-6	0	0	0	135	-1750	-1535
48	0	721	13	-6	0	0	0	135	-1749	-1536
48	0	721	13	-6	0	0	0	135	-1749	-1536
48	0	721	11	-2	0	0	0	136	-1749	-1536
48	0	721	11	-2	0	0	0	136	-1749	-1536
48	0	721	11	-2	0	0	0	136	-1748	-1536
48	0	721	11	-2	0	0	0	136	-1748	-1536
48	0	722	1	3	0	0	0	136	-1748	-1536
48	0	722	1	3	0	0	0	136	-1748	-1536
48	0	722	1	3	0	0	0	136	-1748	-1536
48	0	723	-16	-1	0	0	0	136	-1748	-1536
48	0	723	-16	-1	0	0	0	136	-1748	-1536
48	0	723	-16	-1	0	0	0	136	-1749	-1536
48	0	723	-20	0	0	0	0	136	-1749	-1536
48	0	723	-20	0	0	0	0	136	-1749	-1536
48	0	723	-20	0	0	0	0	136	-1750	-1536
48	0	724	-11	2	0	0	0	136	-1750	-1536
48	0	724	-11	2	0	0	0	136	-1751	-1536
48	0	724	-11	2	0	0	0	136	-1751	-1536
48	0	725	-6	0	0	0	0	136	-1751	-1536
48	0	725	-6	0	0	0	0	136	-1751	-1536
48	0	725	-6	0	0	0	0	136	-1751	-1536
48	0	727	-10	10	0	0	0	136	-1751	-1536
48	0	727	-10	10	0	0	0	136	-1752	-1536
48	0	727	-10	10	0	0	0	136	-1752	-1535
48	0	729	-11	14	0	0	-1	136	-1752	-1535
48	0	729	-11	14	0	0	-1	136	-1752	-1535
48	0	729	-11	14	0	0	-1	136	-1753	-1535
48	0	729	-34	-18	0	0	-4	136	-1753	-1534
48	0	729	-34	-18	0	0	-4	136	-1754	-1535
48	0	729	-34	-18	0	0	-4	136	-1754	-1535
48	0	729	-34	-18	0	0	-4	136	-1755	-1535
48	0	730	-43	-78	0	0	-6	136	-1756	-1536
48	0	730	-43	-78	0	0	-6	136	-1757	-1537
48	0	733	-45	-174	0	0	-8	136	-1758	-1539
48	0	733	-45	-174	0	0	-8	136	-1758	-1543
48	0	733	-45	-174	0	0	-8	136	-1759	-1546
48	0	733	-45	-174	0	0	-8	136	-1760	-1550
48	0	733	-42	-294	0	0	-5	136	-1761	-1554
48	0	733	-42	-294	0	0	-5	136	-1762	-1560
48	0	733	-42	-294	0	0	-5	136	-1763	-1566
48	0	726	-30	-322	0	0	0	136	-1764	-1572
48	0	726	-30	-322	0	0	0	136	-1765	-1579
48	0	726	-30	-322	0	0	0	136	-1765	-1586
48	0	728	-22	-271	0	0	3	136	-1766	-1593
48	0	728	-22	-271	0	0	3	136	-1766	-1598
48	0	728	-22	-271	0	0	3	136	-1767	-1604
48	0	730	-38	-206	0	0	4	136	-1767	-1610
48	0	730	-38	-206	0	0	4	136	-1768	-1614
48	0	730	-38	-206	0	0	4	136	-1769	-1618
48	0	733	-58	-149	0	1	3	136	-1770	-1623
48	0	733	-58	-149	0	1	3	136	-1771	-1626
48	0	733	-58	-149	0	1	3	136	-1772	-1629
48	0	739	-121	-138	0	3	2	136	-1773	-1632
48	0	739	-121	-138	0	3	2	136	-1776	-1635
48	0	739	-121	-138	0	3	2	136	-1779	-1638
48	0	739	-121	-138	0	3	2	136	-1781	-1641
48	0	745	-213	-152	0	3	1	136	-1784	-1644
48	0	745	-213	-152	0	3	1	136	-1788	-1647
48	0	749	-203	-138	0	0	2	135	-1793	-1650
48	0	749	-203	-138	0	0	2	135	-1797	-1653
48	0	749	-203	-138	0	0	2	135	-1801	-1656
48	0	752	-173	-106	0	-1	2	135	-1806	-1659
48	0	752	-173	-106	0	-1	2	135	-1809	-1661
48	0	752	-173	-106	0	-1	2	135	-1813	-1663
48	0	752	-173	-106	0	-1	2	135	-1816	-1666
48	0	759	-153	-77	0	-2	2	135	-1820	-1668
48	0	759	-153	-77	0	-2	2	135	-1823	-1669
48	0	759	-153	-77	0	-2	2	135	-1826	-1671
48	0	765	-135	-50	0	-2	2	135	-1830	-1673
48	0	765	-135	-50	0	-2	2	135	-1833	-1674
48	0	765	-135	-50	0	-2	2	135	-1835	-1675
48	0	774	-90	-35	0	-3	1	135	-1838	-1676
48	0	774	-90	-35	0	-3	1	135	-1840	-1677
48	0	774	-90	-35	0	-3	1	135	-1842	-1677
48	0	778	-50	-24	0	-3	1	135	-1844	-1678
48	0	778	-50	-24	0	-3	1	135	-1845	-1679
48	0	778	-50	-24	0	-3	1	135	-1846	-1679
48	0	780	-36	-1	0	-2	1	135	-1847	-1680
48	0	780	-36	-1	0	-2	1	135	-1848	-1680
48	0	780	-36	-1	0	-2	1	135	-1849	-1680
48	0	785	-36	8	0	-2	0	135	-1849	-1680
48	0	785	-36	8	0	-2	0	135	-1850	-1680
48	0	785	-36	8	0	-2	0	135	-1851	-1679
48	0	787	-26	6	0	-3	0	135	-1852	-1679
48	0	787	-26	6	0	-3	0	135	-1852	-1679
48	0	787	-26	6	0	-3	0	135	-1853	-1679
48	0	793	29	1	0	-4	0	135	-1853	-1679
48	0	793	29	1	0	-4	0	135	-1853	-1679
48	0	793	29	1	0	-4	0	135	-1852	-1679
48	0	793	29	1	0	-4	0	135	-1852	-1679
48	0	796	85	10	0	-2	0	135	-1851	-1679
48	0	796	85	10	0	-2	0	135	-1849	-1678
48	0	796	85	10	0	-2	0	135	-1847	-1678
48	0	799	98	10	0	0	0	135	-1846	-1678
48	0	799	98	10	0	0	0	135	-1843	-1678
48	0	799	98	10	0	0	0	135	-1841	-1678
48	0	804	91	-4	0	1	0	135	-1839	-1677
48	0	804	91	-4	0	1	0	135	-1837	-1677
48	0	804	91	-4	0	1	0	135	-1835	-1677
48	0	805	63	-17	0	2	0	135	-1834	-1678
48	0	805	63	-17	0	2	0	135	-1832	-1678
48	0	805	63	-17	0	2	0	135	-1831	-1678
48	0	811	16	-39	0	3	0	135	-1830	-1679
48	0	811	16	-39	0	3	0	135	-1829	-1679
48	0	811	16	-39	0	3	0	135	-1829	-1680
48	0	813	-6	-61	0	2	0	135	-1828	-1681
48	0	813	-6	-61	0	2	0	135	-1829	-1682
48	0	813	-6	-61	0	2	0	135	-1829	-1684
48	0	814	-22	-66	0	2	0	135	-1829	-1685
48	0	814	-22	-66	0	2	0	135	-1829	-1686
48	0	814	-22	-66	0	2	0	135	-1830	-1688
48	0	813	-53	-78	0	0	0	135	-1830	-1689
48	0	813	-53	-78	0	0	0	135	-1831	-1691
48	0	813	-53	-78	0	0	0	135	-1833	-1692
48	0	809	-52	-91	0	-2	0	135	-1834	-1694
48	0	809	-52	-91	0	-2	0	135	-1835	-1696
48	0	809	-52	-91	0	-2	0	135	-1836	-1698
48	0	804	-14	-98	0	-5	0	135	-1837	-1700
48	0	804	-14	-98	0	-5	0	135	-1837	-1702
48	0	804	-14	-98	0	-5	0	135	-1838	-1704
48	0	801	38	-91	0	-7	0	135	-1838	-1706
48	0	801	38	-91	0	-7	0	135	-1837	-1708
48	0	801	38	-91	0	-7	0	135	-1836	-1710
48	0	795	113	-92	0	-9	0	135	-1836	-1712
48	0	795	113	-92	0	-9	0	135	-1833	-1714
48	0	795	113	-92	0	-9	0	135	-1831	-1716
48	0	795	113	-92	0	-9	0	135	-1828	-1718
48	0	794	222	-85	0	-9	0	136	-1826	-1720
48	0	794	222	-85	0	-9	0	136	-1821	-1722
48	0	794	222	-85	0	-9	0	136	-1817	-1723
48	0	790	344	-69	0	-6	0	136	-1812	-1725
48	0	790	344	-69	0	-6	0	136	-1805	-1727
48	0	790	344	-69	0	-6	0	136	-1798	-1728
48	0	791	399	-68	0	-2	0	135	-1787	-1730
48	0	791	399	-68	0	-2	0	135	-1779	-1732
48	0	794	397	-77	0	1	0	135	-1770	-1733
48	0	794	397	-77	0	1	0	135	-1762	-1735
48	0	794	397	-77	0	1	0	135	-1753	-1736
48	0	794	397	-77	0	1	0	135	-1745	-1738
48	0	799	351	-91	0	3	0	135	-1737	-1740
48	0	799	351	-91	0	3	0	135	-1729	-1742
48	0	799	351	-91	0	3	0	135	-1722	-1743
48	0	797	335	-112	0	5	0	135	-1715	-1745
48	0	797	335	-112	0	5	0	135	-1708	-1748
48	0	797	335	-112	0	5	0	135	-1700	-1750
48	0	796	271	-124	0	6	0	135	-1693	-1753
48	0	796	271	-124	0	6	0	135	-1687	-1755
48	0	796	271	-124	0	6	0	135	-1681	-1758
48	0	787	219	-139	0	5	1	135	-1675	-1761
48	0	787	219	-139	0	5	1	135	-1671	-1764
48	0	787	219	-139	0	5	1	135	-1666	-1767
48	0	781	176	-153	0	4	2	135	-1662	-1769
48	0	781	176	-153	0	4	2	135	-1658	-1773
48	0	781	176	-153	0	4	2	135	-1654	-1776
48	0	771	202	-191	0	2	4	135	-1651	-1779
48	0	771	202	-191	0	2	4	135	-1646	-1783
48	0	771	202	-191	0	2	4	135	-1642	-1787
48	0	760	151	-68	0	1	4	135	-1638	-1791
48	0	760	151	-68	0	1	4	135	-1635	-1793
48	0	760	151	-68	0	1	4	135	-1631	-1794
48	0	751	85	30	0	1	3	135	-1628	-1796
48	0	751	85	30	0	1	3	135	-1626	-1795
48	0	751	85	30	0	1	3	135	-1624	-1794
48	0	742	36	51	0	1	1	135	-1623	-1794
48	0	742	36	51	0	1	1	135	-1622	-1793
48	0	742	36	51	0	1	1	135	-1621	-1792
48	0	734	-10	54	0	0	0	135	-1620	-1790
48	0	734	-10	54	0	0	0	135	-1621	-1789
48	0	734	-10	54	0	0	0	135	-1621	-1788
48	0	734	-10	54	0	0	0	135	-1621	-1787
48	0	727	-31	42	0	0	0	135	-1621	-1786
48	0	727	-31	42	0	0	0	135	-1622	-1785
48	0	727	-31	42	0	0	0	135	-1623	-1784
48	0	718	-28	22	0	0	-1	136	-1623	-1783
48	0	718	-28	22	0	0	-1	136	-1624	-1783
48	0	718	-28	22	0	0	-1	136	-1624	-1782
48	0	708	-21	4	0	0	-1	136	-1625	-1782
48	0	708	-21	4	0	0	-1	136	-1626	-1782
48	0	708	-21	4	0	0	-1	136	-1626	-1782
48	0	696	13	-9	0	0	0	136	-1626	-1782
48	0	696	13	-9	0	0	0	136	-1626	-1782
48	0	696	13	-9	0	0	0	136	-1626	-1782
48	0	679	42	-22	0	0	0	136	-1626	-1782
48	0	679	42	-22	0	0	0	136	-1625	-1783
48	0	679	42	-22	0	0	0	136	-1624	-1783
48	0	664	67	-41	0	0	0	135	-1623	-1784
48	0	664	67	-41	0	0	0	135	-1621	-1784
48	0	664	67	-41	0	0	0	135	-1620	-1785
48	0	645	100	-64	0	0	0	135	-1619	-1786
48	0	645	100	-64	0	0	0	135	-1617	-1787
48	0	645	100	-64	0	0	0	135	-1614	-1789
48	0	624	134	-80	0	0	0	135	-1612	-1790
48	0	624	134	-80	0	0	0	135	-1610	-1792
48	0	624	134	-80	0	0	0	135	-1607	-1794
48	0	606	121	-76	0	0	0	135	-1604	-1795
48	0	606	121	-76	0	0	0	135	-1601	-1797
48	0	606	121	-76	0	0	0	135	-1599	-1798
48	0	606	121	-76	0	0	0	135	-1596	-1800
48	0	589	76	-66	0	1	0	135	-1594	-1802
48	0	589	76	-66	0	1	0	135	-1592	-1803
48	0	572	24	-59	0	1	1	135	-1591	-1804
48	0	572	24	-59	0	1	1	135	-1590	-1806
48	0	572	24	-59	0	1	1	135	-1590	-1807
48	0	572	24	-59	0	1	1	135	-1589	-1808
48	0	557	-42	-46	0	1	1	135	-1588	-1809
48	0	557	-42	-46	0	1	1	135	-1589	-1810
48	0	557	-42	-46	0	1	1	135	-1590	-1811
48	0	544	-81	-49	0	0	1	134	-1591	-1812
48	0	544	-81	-49	0	0	1	134	-1593	-1813
48	0	544	-81	-49	0	0	1	134	-1595	-1814
48	0	533	-124	-23	0	0	1	134	-1596	-1815
48	0	533	-124	-23	0	0	1	134	-1599	-1816
48	0	533	-124	-23	0	0	1	134	-1602	-1816
48	0	522	-146	4	0	-1	1	134	-1604	-1817
48	0	522	-146	4	0	-1	1	134	-1607	-1817
48	0	522	-146	4	0	-1	1	134	-1610	-1817
48	0	514	-162	12	0	-2	0	134	-1613	-1817
48	0	514	-162	12	0	-2	0	134	-1617	-1816
48	0	514	-162	12	0	-2	0	134	-1620	-1816
48	0	508	-152	18	0	-4	0	134	-1624	-1816
48	0	508	-152	18	0	-4	0	134	-1627	-1815
48	0	508	-152	18	0	-4	0	134	-1630	-1815
48	0	503	-112	22	0	-7	0	134	-1633	-1815
48	0	503	-112	22	0	-7	0	134	-1636	-1814
48	0	503	-112	22	0	-7	0	134	-1638	-1814
48	0	497	-41	30	0	-9	0	134	-1640	-1813
48	0	497	-41	30	0	-9	0	134	-1641	-1813
48	0	497	-41	30	0	-9	0	134	-1642	-1812
48	0	495	65	35	0	-9	0	134	-1643	-1811
48	0	495	65	35	0	-9	0	134	-1642	-1811
48	0	495	65	35	0	-9	0	134	-1640	-1810
48	0	495	65	35	0	-9	0	134	-1639	-1809
48	0	492	152	42	0	-7	0	134	-1638	-1808
48	0	492	152	42	0	-7	0	134	-1634	-1808
48	0	492	152	42	0	-7	0	134	-1631	-1807
48	0	495	215	47	0	-4	2	134	-1628	-1806
48	0	495	215	47	0	-4	2	134	-1623	-1805
48	0	495	215	47	0	-4	2	134	-1619	-1804
48	0	493	231	66	0	-2	4	134	-1614	-1803
48	0	493	231	66	0	-2	4	134	-1609	-1801
48	0	493	231	66	0	-2	4	134	-1605	-1800
48	0	491	217	161	0	0	4	134	-1600	-1799
48	0	491	217	161	0	0	4	134	-1595	-1795
48	0	491	217	161	0	0	4	134	-1591	-1792
48	0	492	202	193	0	1	3	134	-1586	-1788
48	0	492	202	193	0	1	3	134	-1582	-1784
48	0	492	202	193	0	1	3	134	-1577	-1780
48	0	492	180	209	0	2	2	134	-1573	-1776
48	0	492	180	209	0	2	2	134	-1569	-1772
48	0	492	180	209	0	2	2	134	-1566	-1767
48	0	494	106	216	0	1	1	134	-1562	-1763
48	0	494	106	216	0	1	1	134	-1560	-1758
48	0	494	106	216	0	1	1	134	-1557	-1754
48	0	496	67	201	0	0	0	134	-1555	-1749
48	0	496	67	201	0	0	0	134	-1554	-1745
48	0	496	67	201	0	0	0	134	-1552	-1741
48	0	494	74	189	0	-3	0	134	-1551	-1737
48	0	494	74	189	0	-3	0	134	-1549	-1733
48	0	494	74	189	0	-3	0	134	-1548	-1729
48	0	494	74	189	0	-3	0	134	-1546	-1725
48	0	495	121	179	0	-6	0	134	-1545	-1721
48	0	495	121	179	0	-6	0	134	-1542	-1717
48	0	494	187	167	0	-8	0	134	-1539	-1713
48	0	494	187	167	0	-8	0	134	-1535	-1709
48	0	494	187	167	0	-8	0	134	-1531	-1705
48	0	493	257	160	0	-10	0	134	-1526	-1701
48	0	493	257	160	0	-10	0	134	-1520	-1698
48	0	493	257	160	0	-10	0	134	-1515	-1694
48	0	492	356	146	0	-9	-1	134	-1510	-1691
48	0	492	356	146	0	-9	-1	134	-1502	-1688
48	0	492	356	146	0	-9	-1	134	-1495	-1685
47	0	491	424	120	0	-6	-1	134	-1487	-1682
47	0	491	424	120	0	-6	-1	134	-1478	-1679
47	0	491	424	120	0	-6	-1	134	-1469	-1676
47	0	494	457	94	0	-2	-1	134	-1460	-1674
47	0	494	457	94	0	-2	-1	134	-1451	-1672
47	0	494	457	94	0	-2	-1	134	-1441	-1670
47	0	494	457	94	0	-2	-1	134	-1432	-1668
47	0	498	450	67	0	0	-1	134	-1422	-1666
47	0	498	450	67	0	0	-1	134	-1412	-1665
47	0	498	450	67	0	0	-1	134	-1403	-1663
47	0	497	409	44	0	3	-1	134	-1394	-1662
47	0	497	409	44	0	3	-1	134	-1385	-1661
47	0	497	409	44	0	3	-1	134	-1376	-1660
47	0	502	344	26	0	5	-1	134	-1368	-1659
47	0	502	344	26	0	5	-1	134	-1361	-1658
47	0	502	344	26	0	5	-1	134	-1353	-1658
47	0	508	262	14	0	6	0	134	-1346	-1657
47	0	508	262	14	0	6	0	134	-1341	-1657
47	0	508	262	14	0	6	0	134	-1335	-1657
47	0	509	186	6	0	5	0	134	-1329	-1656
47	0	509	186	6	0	5	0	134	-1326	-1656
47	0	509	186	6	0	5	0	134	-1322	-1656
47	0	504	295	75	0	4	0	134	-1318	-1656
47	0	504	295	75	0	4	0	134	-1312	-1654
47	0	504	295	75	0	4	0	134	-1305	-1653
47	0	473	339	128	0	3	1	134	-1299	-1651
47	0	473	339	128	0	3	1	134	-1292	-1648
47	0	473	339	128	0	3	1	134	-1285	-1646
47	0	442	402	215	0	3	0	134	-1278	-1643
47	0	442	402	215	0	3	0	134	-1269	-1639
47	0	442	402	215	0	3	0	134	-1261	-1634
47	0	410	385	236	0	4	0	134	-1252	-1630
47	0	410	385	236	0	4	0	134	-1244	-1625
47	0	410	385	236	0	4	0	134	-1236	-1620
47	0	369	332	232	0	4	0	134	-1228	-1615
47	0	369	332	232	0	4	0	134	-1221	-1610
47	0	369	332	232	0	4	0	134	-1214	-1605
47	0	369	332	232	0	4	0	134	-1207	-1600
47	0	341	272	218	0	4	-1	134	-1200	-1595
47	0	341	272	218	0	4	-1	134	-1194	-1591
47	0	341	272	218	0	4	-1	134	-1189	-1586
47	0	370	205	202	0	4	-1	134	-1183	-1581
47	0	370	205	202	0	4	-1	134	-1179	-1577
47	0	370	205	202	0	4	-1	134	-1174	-1573
47	0	334	154	191	0	3	-1	134	-1170	-1569
47	0	334	154	191	0	3	-1	134	-1167	-1565
47	0	334	154	191	0	3	-1	134	-1164	-1561
47	0	323	177	177	0	3	-1	134	-1160	-1557
47	0	323	177	177	0	3	-1	134	-1157	-1553
47	0	323	177	177	0	3	-1	134	-1153	-1549
47	0	299	92	181	0	2	-1	134	-1149	-1545
47	0	299	92	181	0	2	-1	134	-1147	-1542
47	0	299	92	181	0	2	-1	134	-1145	-1538
47	0	0	0	0	0	0	0	134	-1143	-1534
47	0	0	0	0	0	0	0	134	-1143	-1534
47	0	0	0	0	0	0	0	134	-1143	-1534
47	0	0	0	0	0	0	0	134	-1143	-1534
47	0	0	0	0	0	0	0	134	-1143	-1534
47	0	0	0	0	0	0	0	134	-1143	-1534
47	0	0	0	0	0	-1	0	134	-1143	-1534
47	0	0	0	0	0	-1	0	134	-1143	-1534
47	0	0	0	0	0	-1	0	134	-1143	-1534
47	0	0	0	0	0	-1	0	134	-1143	-1534
47	0	0	0	0	0	-1	0	134	-1143	-1534
47	0	0	0	0	0	-1	0	134	-1143	-1534
47	0	0	0	0	0	-1	0	134	-1143	-1534
47	0	0	0	0	0	-1	0	134	-1143	-1534
47	0	0	0	0	0	-1	0	134	-1143	-1534
47	0	0	0	0	0	-1	0	134	-1143	-1534
47	0	0	0	0	0	-1	0	134	-1143	-1534
47	0	0	0	0	0	-1	0	134	-1143	-1534
47	0	0	0	0	0	-1	0	134	-1143	-1534
47	0	0	0	0	0	-1	0	134	-1143	-1534
47	0	0	0	0	0	-1	0	134	-1143	-1534
47	0	0	0	0	0	-1	0	134	-1143	-1534
47	0	0	0	0	0	-1	0	134	-1143	-1534
47	0	0	0	0	0	-1	0	134	-1143	-1534
47	0	0	0	0	0	-1	0	134	-1143	-1534
47	0	0	0	0	0	-1	0	134	-1143	-1534
47	0	0	0	0	0	-1	0	134	-1143	-1534
47	0	0	0	0	0	-1	0	134	-1143	-1534
47	0	0	0	0	0	-1	0	134	-1143	-1534
47	0	0	0	0	0	-1	0	134	-1143	-1534
47	0	0	0	0	0	-1	0	134	-1143	-1534
47	0	0	0	0	0	-1	0	134	-1143	-1534
47	0	0	0	0	0	-1	0	134	-1143	-1534
47	0	0	0	0	0	-1	0	134	-1143	-1534
47	0	0	0	0	0	-1	0	134	-1143	-1534
47	0	0	0	0	0	-1	0	134	-1143	-1534
47	0	0	0	0	0	-1	0	134	-1143	-1534
47	0	0	0	0	0	-1	0	134	-1143	-1534
47	0	0	0	0	0	-1	0	134	-1143	-1534
47	0	0	0	0	0	-1	0	134	-1143	-1534
47	0	0	0	0	0	-1	0	134	-1143	-1534
47	0	0	0	0	0	-1	0	134	-1143	-1534
47	0	0	0	0	0	-1	0	134	-1143	-1534
47	0	0	0	0	0	-1	0	134	-1143	-1534
47	0	0	0	0	0	-1	0	134	-1143	-1534
47	0	0	0	0	0	-1	0	134	-1143	-1534
47	0	0	0	0	0	-1	0	134	-1143	-1534
47	0	0	0	0	0	-1	0	134	-1143	-1534
47	0	0	0	0	0	-1	0	134	-1143	-1534
47	0	0	0	0	0	-1	0	134	-1143	-1534
47	0	0	0	0	0	-1	0	134	-1143	-1534
47	0	0	0	0	0	-1	0	134	-1143	-1534
47	0	0	0	0	0	-1	0	134	-1143	-1534
47	0	0	0	0	0	-1	0	134	-1143	-1534
47	0	0	0	0	0	-1	0	134	-1143	-1534
47	0	0	0	0	0	-1	0	134	-1143	-1534
47	0	0	0	0	0	-1	0	134	-1143	-1534
47	0	0	0	0	0	-1	0	134	-1143	-1534
47	0	0	0	0	0	-1	0	134	-1143	-1534
47	0	0	0	0	0	-1	0	134	-1143	-1534
47	0	0	0	0	0	-1	0	134	-1143	-1534
47	0	0	0	0	0	-1	0	134	-1143	-1534
47	0	0	0	0	0	-1	0	134	-1143	-1534
47	0	0	0	0	0	-1	0	134	-1143	-1534
47	0	0	0	0	0	-1	0	134	-1143	-1534
47	0	0	0	0	0	-1	0	134	-1143	-1534
47	0	0	0	0	0	-1	0	134	-1143	-1534
47	0	0	0	0	0	-1	0	134	-1143	-1534
47	0	0	0	0	0	-1	0	134	-1143	-1534
47	0	0	0	0	0	-1	0	134	-1143	-1534
47	0	0	0	0	0	-1	0	134	-1143	-1534
47	0	0	0	0	0	-1	0	134	-1143	-1534
47	0	0	0	0	0	-1	0	134	-1143	-1534
47	0	0	0	0	0	-1	0	134	-1143	-1534
47	0	0	0	0	0	-1	0	134	-1143	-1534
47	0	0	0	0	0	-1	0	134	-1143	-1534
47	0	0	0	0	0	-1	0	134	-1143	-1534
47	0	0	0	0	0	-1	0	134	-1143	-1534
47	0	0	0	0	0	-1	0	134	-1143	-1534
47	0	0	0	0	0	-1	0	134	-1143	-1534
47	0	0	0	0	0	-1	0	134	-1143	-1534
47	0	0	0	0	0	-1	0	134	-1143	-1534
47	0	0	0	0	0	-1	0	134	-1143	-1534
47	0	0	0	0	0	-1	0	134	-1143	-1534
47	0	0	0	0	0	-1	0	134	-1143	-1534
47	0	0	0	0	0	-1	0	134	-1143	-1534
47	0	0	0	0	0	-1	0	134	-1143	-1534
47	0	0	0	0	0	-1	0	134	-1143	-1534
47	0	0	0	0	0	-1	0	134	-1143	-1534
47	0	0	0	0	0	-1	0	134	-1143	-1534
47	0	0	0	0	0	-1	0	134	-1143	-1534
47	0	0	0	0	0	-1	0	134	-1143	-1534
47	0	0	0	0	0	-1	0	134	-1143	-1534
47	0	0	0	0	0	-1	0	134	-1143	-1534
47	0	0	0	0	0	-1	0	134	-1143	-1534
47	0	0	0	0	0	-1	0	134	-1143	-1534
