bat	flyst.	alt	vx	vy	vz	theta	phi	psi	px	py
0	0	0	0	0	0	0	0	0	0	0
0	0	0	0	0	0	0	0	0	0	0
0	0	0	0	0	0	0	0	0	0	0
0	0	0	0	0	0	0	0	0	0	0
0	0	0	0	0	0	0	0	0	0	0
0	0	0	0	0	0	0	0	0	0	0
0	0	0	0	0	0	0	0	0	0	0
0	0	0	0	0	0	0	0	0	0	0
0	0	0	0	0	0	0	0	0	0	0
0	0	0	0	0	0	0	0	0	0	0
0	0	0	0	0	0	0	0	0	0	0
0	0	0	0	0	0	0	0	0	0	0
0	0	0	0	0	0	0	0	0	0	0
0	0	0	0	0	0	0	0	0	0	0
0	0	0	0	0	0	0	0	0	0	0
0	0	0	0	0	0	0	0	0	0	0
0	0	0	0	0	0	0	0	0	0	0
0	0	0	0	0	0	0	0	0	0	0
0	0	0	0	0	0	0	0	0	0	0
0	0	0	0	0	0	0	0	0	0	0
0	0	0	0	0	0	0	0	0	0	0
0	0	0	0	0	0	0	0	0	0	0
0	0	0	0	0	0	0	0	0	0	0
0	0	0	0	0	0	0	0	0	0	0
0	0	0	0	0	0	0	0	0	0	0
0	0	0	0	0	0	0	0	0	0	0
0	0	0	0	0	0	0	0	0	0	0
0	0	0	0	0	0	0	0	0	0	0
0	0	0	0	0	0	0	0	0	0	0
0	0	0	0	0	0	0	0	0	0	0
0	0	0	0	0	0	0	0	0	0	0
0	0	0	0	0	0	0	0	0	0	0
0	0	0	0	0	0	0	0	0	0	0
0	0	0	0	0	0	0	0	0	0	0
0	0	0	0	0	0	0	0	0	0	0
0	0	0	0	0	0	0	0	0	0	0
0	0	0	0	0	0	0	0	0	0	0
0	0	0	0	0	0	0	0	0	0	0
0	0	0	0	0	0	0	0	0	0	0
0	0	0	0	0	0	0	0	0	0	0
0	0	0	0	0	0	0	0	0	0	0
0	0	0	0	0	0	0	0	0	0	0
0	0	0	0	0	0	0	0	0	0	0
0	0	0	0	0	0	0	0	0	0	0
0	0	0	0	0	0	0	0	0	0	0
0	0	0	0	0	0	0	0	0	0	0
0	0	0	0	0	0	0	0	0	0	0
0	0	0	0	0	0	0	0	0	0	0
0	0	0	0	0	0	0	0	0	0	0
0	0	0	0	0	0	0	0	0	0	0
0	0	0	0	0	0	0	0	0	0	0
0	0	0	0	0	0	0	0	0	0	0
0	0	0	0	0	0	0	0	0	0	0
0	0	0	0	0	0	0	0	0	0	0
0	0	0	0	0	0	0	0	0	0	0
0	0	0	0	0	0	0	0	0	0	0
0	0	0	0	0	0	0	0	0	0	0
0	0	0	0	0	0	0	0	0	0	0
0	0	0	0	0	0	0	0	0	0	0
0	0	0	0	0	0	0	0	0	0	0
0	0	0	0	0	0	0	0	0	0	0
0	0	0	0	0	0	0	0	0	0	0
0	0	0	0	0	0	0	0	0	0	0
0	0	0	0	0	0	0	0	0	0	0
0	0	0	0	0	0	0	0	0	0	0
0	0	0	0	0	0	0	0	0	0	0
0	0	0	0	0	0	0	0	0	0	0
0	0	0	0	0	0	0	0	0	0	0
0	0	0	0	0	0	0	0	0	0	0
0	0	0	0	0	0	0	0	0	0	0
0	0	0	0	0	0	0	0	0	0	0
0	0	0	0	0	0	0	0	0	0	0
0	0	0	0	0	0	0	0	0	0	0
0	0	0	0	0	0	0	0	0	0	0
0	0	0	0	0	0	0	0	0	0	0
0	0	0	0	0	0	0	0	0	0	0
0	0	0	0	0	0	0	0	0	0	0
0	0	0	0	0	0	0	0	0	0	0
0	0	0	0	0	0	0	0	0	0	0
0	0	0	0	0	0	0	0	0	0	0
0	0	0	0	0	0	0	0	0	0	0
0	0	0	0	0	0	0	0	0	0	0
0	0	0	0	0	0	0	0	0	0	0
0	0	0	0	0	0	0	0	0	0	0
56	0	0	0	0	0	0	0	0	0	0
56	0	0	0	0	0	0	0	0	0	0
56	0	0	0	0	0	0	0	0	0	0
56	0	0	0	0	0	0	0	0	0	0
56	0	0	0	0	0	0	0	0	0	0
56	0	0	0	0	0	0	0	0	0	0
56	0	0	0	0	0	0	0	0	0	0
56	0	0	0	0	0	0	0	0	0	0
56	0	0	0	0	0	0	0	0	0	0
56	0	0	0	0	0	0	0	0	0	0
56	0	0	0	0	0	0	0	0	0	0
56	0	0	0	0	0	0	0	0	0	0
56	0	0	0	0	0	0	0	0	0	0
56	0	0	0	0	0	0	0	0	0	0
56	0	0	0	0	0	0	0	0	0	0
56	0	0	0	0	0	0	0	0	-2	21
56	0	0	4	2	0	0	0	0	-4	43
56	0	0	4	2	0	0	0	0	161	138
56	0	0	4	2	0	0	0	0	400	274
56	0	0	4	2	0	0	0	0	631	407
56	0	0	10	4	0	0	0	0	864	540
56	0	0	10	4	0	0	0	0	1354	746
56	0	0	9	4	0	0	0	0	1844	953
56	0	0	9	4	0	0	0	0	2306	1185
56	0	0	9	4	0	0	0	0	2643	1355
56	0	0	12	7	0	0	0	0	3108	1589
56	0	0	12	7	0	0	0	0	3702	1952
56	0	0	12	7	0	0	0	0	4280	2306
56	0	0	16	8	0	0	0	0	4861	2662
56	0	0	16	8	0	0	0	0	5653	3059
56	0	0	16	8	0	0	0	0	6276	3372
59	0	0	15	9	0	0	0	0	7095	3783
59	0	0	15	9	0	0	0	0	7854	4241
59	0	0	15	9	0	0	0	0	8615	4700
59	0	0	16	12	0	0	0	0	9379	5161
59	0	0	16	12	0	0	0	0	10163	5735
59	0	0	16	12	0	0	0	0	10931	6297
59	0	0	20	12	0	0	0	0	11732	6883
59	0	0	20	12	0	0	0	0	12537	7359
59	0	0	20	12	0	0	0	0	13568	7967
59	0	0	24	13	0	0	0	0	14556	8550
59	0	0	24	13	0	0	0	0	15739	9175
59	0	0	24	13	0	0	0	0	16907	9792
59	0	0	27	13	0	0	0	0	18120	10433
59	0	0	27	13	0	0	0	0	19195	10935
59	0	0	27	13	0	0	0	0	20524	11556
59	0	0	34	14	0	0	0	0	21855	12178
59	0	0	34	14	0	0	0	0	23448	12843
59	0	0	34	14	0	0	0	0	25076	13523
59	0	0	34	14	0	0	0	0	26741	14218
59	0	0	35	16	0	0	0	0	28352	14891
59	0	0	35	16	0	0	0	0	30049	15656
59	0	0	36	16	0	0	0	0	31067	16115
59	0	0	36	16	0	0	0	0	32843	16902
59	0	0	36	16	0	0	0	0	34585	17673
59	0	0	39	16	0	0	0	0	36329	18445
59	0	0	39	16	0	0	0	0	38213	19226
59	0	0	39	17	0	0	0	0	40104	20009
59	0	0	39	17	0	0	0	0	41646	20690
59	0	0	39	17	0	0	0	0	43618	21560
59	0	0	39	17	0	0	0	0	45496	22389
59	0	0	38	18	0	0	0	0	47383	23222
59	0	0	38	18	0	0	0	0	49231	24102
59	0	0	38	18	0	0	0	0	51054	24970
59	0	0	38	19	0	0	0	0	52910	25853
59	0	0	38	19	0	0	0	0	54718	26780
59	0	0	38	19	0	0	0	0	56213	27546
59	0	0	37	20	0	0	0	0	58105	28515
59	0	0	37	20	0	0	0	0	59895	29502
59	0	0	37	20	0	0	0	0	61682	30488
59	0	0	34	20	0	0	0	0	63459	31468
59	0	0	34	20	0	0	0	0	65091	32436
59	0	0	34	20	0	0	0	0	66710	33396
59	0	0	35	19	0	0	0	0	67958	34136
59	0	0	35	19	0	0	0	0	69677	35106
59	0	0	35	19	0	0	0	0	71364	36059
59	0	0	33	20	0	0	0	0	73030	37000
59	0	0	33	20	0	0	0	0	74627	37963
59	0	0	33	20	0	0	0	0	76226	38928
62	0	0	29	18	0	0	0	0	77808	39882
62	0	0	29	18	0	0	0	0	78897	40587
62	0	0	29	18	0	0	0	0	80322	41509
62	0	0	28	19	0	0	0	0	81696	42398
62	0	0	28	19	0	0	0	0	83067	43322
62	0	0	28	19	0	0	0	0	84429	44240
62	0	0	24	17	0	0	0	0	85797	45162
62	0	0	24	17	0	0	0	0	86844	45929
62	0	0	24	17	0	0	0	0	88015	46787
62	0	0	22	17	0	0	0	0	89178	47640
62	0	0	22	17	0	0	0	0	90259	48502
62	0	0	22	17	0	0	0	0	91340	49365
62	0	0	20	18	0	0	0	0	92411	50220
62	0	0	20	18	0	0	0	0	93188	50932
62	0	0	20	18	0	0	0	0	94178	51838
62	0	0	18	19	0	0	0	0	95148	52727
62	0	0	18	19	0	0	0	0	96044	53654
62	0	0	18	19	0	0	0	0	96941	54583
62	0	0	14	19	0	0	0	0	97826	55498
62	0	0	14	19	0	0	0	0	98373	56247
62	0	0	14	19	0	0	0	0	99076	57211
62	0	0	10	19	0	0	0	0	99770	58161
62	0	0	10	19	0	0	0	0	100282	59083
62	0	0	10	19	0	0	0	0	100806	60024
62	0	0	6	18	0	0	0	0	101212	60754
62	0	0	6	18	0	0	0	0	101540	61729
62	0	0	6	18	0	0	0	0	101833	62600
62	0	0	2	19	0	0	0	0	102140	63509
62	0	0	2	19	0	0	0	0	102274	64384
62	0	0	2	19	0	0	0	0	102422	65343
62	0	0	0	18	0	1	0	0	102560	66247
62	0	0	0	18	0	1	0	0	102529	66886
62	0	0	0	18	0	1	0	0	102485	67805
62	0	0	-3	19	0	1	0	0	102442	68682
62	0	0	-3	19	0	1	0	0	102296	69591
62	0	0	-3	19	0	1	0	0	102149	70500
62	0	0	-7	17	0	1	0	0	102004	71402
62	0	0	-7	17	0	1	0	0	101661	72236
62	0	0	-7	17	0	1	0	0	101348	72998
62	0	0	-9	18	0	1	0	0	101005	73833
62	0	0	-9	18	0	1	0	0	100545	74700
62	0	0	-9	18	0	1	0	0	100090	75559
62	0	0	-10	18	0	1	0	0	99631	76426
62	0	0	-10	18	0	1	0	0	99143	77301
62	0	0	-10	18	0	1	0	0	98656	78173
61	0	0	-12	17	0	1	0	0	98251	78900
61	0	0	-12	17	0	1	0	0	97680	79734
61	0	0	-12	17	0	1	0	0	97083	80605
61	0	0	-19	13	0	1	0	0	96505	81449
61	0	0	-19	13	0	1	0	0	95610	82065
61	0	0	-19	13	0	1	0	0	94665	82714
61	0	0	-23	12	0	1	0	1	93748	83345
61	0	0	-23	12	0	1	0	1	92939	83782
61	0	0	-23	12	0	1	0	1	91813	84392
61	0	0	-32	12	0	1	0	1	90669	85010
61	0	0	-32	12	0	1	0	1	89674	85383
61	0	0	-32	12	0	1	0	1	88046	85993
61	0	0	-33	11	0	1	0	1	86479	86580
61	0	0	-33	11	0	1	0	1	84883	87101
61	0	0	-33	11	0	1	0	1	83249	87633
61	0	0	-38	5	0	1	0	1	81643	88157
61	0	0	-38	5	0	1	0	1	79841	88432
61	0	0	-41	7	0	1	0	1	78079	88701
61	0	0	-41	7	0	1	0	1	76625	88954
61	0	0	-41	7	0	1	0	1	74620	89302
61	0	0	-41	7	0	1	0	1	72564	89659
61	0	0	-45	0	0	1	0	2	70570	90006
61	0	0	-45	0	0	1	0	2	68420	89964
61	0	0	-45	-8	0	0	0	2	66726	89931
61	0	0	-50	-8	0	0	0	2	64580	89515
61	0	0	-50	-8	0	0	0	2	62195	89097
61	0	0	-50	-8	0	0	0	2	59724	88664
61	0	0	-48	-15	0	0	-1	2	57185	88219
61	0	0	-48	-15	0	0	-1	2	55403	87654
61	0	0	-48	-15	0	0	-1	2	53130	86933
61	0	0	-39	-33	0	0	-1	2	50802	86195
61	0	0	-39	-33	0	0	-1	2	48949	84602
61	0	0	-39	-33	0	0	-1	2	47081	82996
61	0	0	-22	-66	0	-1	-2	2	45216	81393
61	0	0	-22	-66	0	-1	-2	2	44192	78334
61	0	0	3	-94	0	-2	-2	2	43437	76078
61	0	0	3	-94	0	-2	-2	2	43624	71394
61	0	0	3	-94	0	-2	-2	2	43808	66752
61	0	0	3	-94	0	-2	-2	2	43986	62283
61	0	0	47	-117	0	-3	-2	2	44165	57792
61	0	0	47	-117	0	-3	-2	2	46415	52186
61	0	0	98	-132	0	-4	-1	2	47982	48282
61	0	0	98	-132	0	-4	-1	2	52310	42473
61	0	0	98	-132	0	-4	-1	2	57015	36157
61	0	0	151	-129	0	-3	0	2	61691	29881
61	0	0	151	-129	0	-3	0	2	66845	25452
58	0	0	193	-125	0	-3	0	2	74504	18871
58	0	0	193	-125	0	-3	0	2	81711	14196
58	0	0	193	-125	0	-3	0	2	91381	7921
58	0	0	193	-125	0	-3	0	2	100587	1949
58	0	0	229	-120	0	-2	0	2	109865	-4070
58	0	0	229	-120	0	-2	0	2	120612	-9731
58	0	0	250	-102	0	-1	1	2	131684	-15563
58	0	0	250	-102	0	-1	1	2	141009	-19389
58	0	0	250	-102	0	-1	1	2	152778	-24218
58	0	0	250	-102	0	-1	1	2	165234	-29329
58	0	0	261	-66	0	-1	2	2	177184	-34233
58	0	0	261	-66	0	-1	2	2	185896	-36465
58	0	0	261	-66	0	-1	2	2	198609	-39723
58	0	0	273	-40	0	-1	1	1	211288	-42972
58	0	0	273	-40	0	-1	1	1	224459	-44936
58	0	0	292	-27	0	-2	0	1	233766	-46324
58	0	0	292	-27	0	-2	0	1	247308	-47573
58	0	0	292	-27	0	-2	0	1	262001	-48929
58	0	0	322	-25	0	-3	0	1	275535	-50177
58	0	0	322	-25	0	-3	0	1	285411	-50955
58	0	0	322	-25	0	-3	0	1	300889	-52173
58	0	0	358	0	0	-3	2	0	316136	-53374
58	0	0	358	0	0	-3	2	0	331169	-53376
58	0	0	358	0	0	-3	2	0	348184	-53379
58	0	0	233	40	0	-3	5	0	365384	-53382
58	0	0	233	40	0	-3	5	0	373653	-51946
58	0	0	233	40	0	-3	5	0	384828	-50006
58	0	245	368	-29	0	-2	3	85	396097	-48050
58	0	245	368	-29	0	-2	3	85	413461	-49434
58	0	256	430	-30	0	0	2	84	431031	-50834
58	0	256	430	-30	0	0	2	84	443966	-51752
58	0	256	430	-30	0	0	2	84	464767	-53229
58	0	256	430	-30	0	0	2	84	485345	-54690
58	0	271	388	-17	0	1	1	84	505205	-56100
58	0	271	388	-17	0	1	1	84	523931	-56951
58	0	307	313	34	0	3	3	84	542765	-57807
58	0	307	313	34	0	3	3	84	552270	-56762
58	0	307	313	34	0	3	3	84	567501	-55088
58	0	365	230	134	0	3	5	84	582867	-53398
58	0	365	230	134	0	3	5	84	593743	-47039
58	0	365	230	134	0	3	5	84	604771	-40590
58	0	445	134	166	0	4	3	84	613454	-35513
58	0	445	134	166	0	4	3	84	620061	-27340
58	0	445	134	166	0	4	3	84	626461	-19422
54	0	522	47	104	0	5	0	84	632869	-11496
54	0	522	47	104	0	5	0	84	635127	-6492
54	0	522	47	104	0	5	0	84	636844	-2688
54	0	602	0	28	0	4	-2	84	639136	2390
54	0	602	0	28	0	4	-2	84	639099	3774
54	0	602	0	28	0	4	-2	84	639062	5157
54	0	678	-15	-22	0	2	-3	84	639025	6540
54	0	678	-15	-22	0	2	-3	84	638274	5465
54	0	678	-15	-22	0	2	-3	84	637746	4708
54	0	734	-26	-38	0	2	-2	84	636993	3631
54	0	734	-26	-38	0	2	-2	84	635716	1787
54	0	734	-26	-38	0	2	-2	84	634535	80
54	0	753	381	153	0	1	-1	84	633256	-1768
54	0	753	381	153	0	1	-1	84	652022	5753
54	0	763	942	382	0	2	-2	84	665384	11109
54	0	763	942	382	0	2	-2	84	714663	31096
54	0	763	942	382	0	2	-2	84	760847	49827
54	0	763	942	382	0	2	-2	84	805750	68039
54	0	771	1208	225	0	6	-4	83	850371	86136
54	0	771	1208	225	0	6	-4	83	907331	96759
54	0	771	1208	225	0	6	-4	83	967334	107948
54	0	761	722	64	0	12	-5	83	1031849	119980
54	0	761	722	64	0	12	-5	83	1056618	122186
54	0	761	722	64	0	12	-5	83	1091402	125284
54	0	744	335	-33	0	14	-5	83	1126095	128374
54	0	744	335	-33	0	14	-5	83	1141000	126903
54	0	744	335	-33	0	14	-5	83	1158263	125200
54	0	726	155	-55	0	12	-4	83	1174196	123627
54	0	726	155	-55	0	12	-4	83	1179795	121637
54	0	726	155	-55	0	12	-4	83	1187287	118973
54	0	698	99	-102	0	8	-3	83	1195057	116211
54	0	698	99	-102	0	8	-3	83	1199920	111194
54	0	678	88	-168	0	4	-2	84	1204657	106307
54	0	678	88	-168	0	4	-2	84	1207963	99995
54	0	678	88	-168	0	4	-2	84	1212311	91692
54	0	678	88	-168	0	4	-2	84	1216513	83667
54	0	651	174	-225	0	2	-1	84	1220715	75643
54	0	651	174	-225	0	2	-1	84	1229008	64906
54	0	635	23	-204	0	1	-1	83	1234963	57198
54	0	635	23	-204	0	1	-1	83	1236080	47308
54	0	635	23	-204	0	1	-1	83	1237164	37718
54	0	635	23	-204	0	1	-1	83	1238267	27965
54	0	629	-78	-146	0	1	0	83	1239367	18225
54	0	629	-78	-146	0	1	0	83	1235634	11224
54	0	625	-153	-140	0	0	0	83	1232054	4510
54	0	625	-153	-140	0	0	0	83	1226531	-547
54	0	625	-153	-140	0	0	0	83	1219026	-7421
54	0	625	-153	-140	0	0	0	83	1211660	-14167
51	0	629	-234	-142	0	0	0	83	1204389	-20826
51	0	629	-234	-142	0	0	0	83	1193240	-27588
51	0	635	-246	-153	0	-1	0	83	1182092	-34349
51	0	635	-246	-153	0	-1	0	83	1172893	-40082
51	0	635	-246	-153	0	-1	0	83	1160711	-47675
51	0	635	-246	-153	0	-1	0	83	1148955	-55002
51	0	643	-282	-113	0	-2	0	83	1137224	-62314
51	0	643	-282	-113	0	-2	0	83	1123770	-67712
51	0	653	-421	-51	0	-2	0	83	1113625	-71783
51	0	653	-421	-51	0	-2	0	83	1092752	-74328
51	0	653	-421	-51	0	-2	0	83	1072738	-76768
51	0	653	-421	-51	0	-2	0	83	1053242	-79145
51	0	662	-453	-50	0	-3	0	83	1032722	-81647
51	0	662	-453	-50	0	-3	0	83	1010844	-84102
51	0	674	-375	-90	0	-4	-1	83	993370	-86063
51	0	674	-375	-90	0	-4	-1	83	974569	-90579
51	0	674	-375	-90	0	-4	-1	83	957034	-94791
51	0	683	-229	-147	0	-5	-1	83	939961	-98892
51	0	683	-229	-147	0	-5	-1	83	928864	-106014
51	0	683	-229	-147	0	-5	-1	83	918059	-112949
51	0	689	-78	-165	0	-4	-1	83	911729	-117011
51	0	689	-78	-165	0	-4	-1	83	907972	-124967
51	0	689	-78	-165	0	-4	-1	83	904779	-131730
51	0	696	61	-213	0	-3	0	83	900846	-140057
51	0	696	61	-213	0	-3	0	83	902376	-145375
51	0	701	141	-198	0	-1	0	83	905424	-155973
51	0	701	141	-198	0	-1	0	83	912360	-165739
51	0	701	141	-198	0	-1	0	83	919230	-175414
51	0	708	159	-201	0	0	2	83	925912	-184822
51	0	708	159	-201	0	0	2	83	931490	-191841
51	0	710	185	-85	0	0	5	83	939209	-201554
51	0	710	185	-85	0	0	5	83	947085	-205185
51	0	710	185	-85	0	0	5	83	956397	-209478
51	0	710	185	-85	0	0	5	83	965263	-213565
51	0	711	187	12	0	0	6	83	973622	-217419
51	0	711	187	12	0	0	6	83	983095	-216799
51	0	711	187	12	0	0	6	83	989930	-216352
51	0	709	190	43	0	0	2	83	999097	-215752
51	0	709	190	43	0	0	2	83	1008191	-213696
51	0	709	190	43	0	0	2	83	1017247	-211649
51	0	708	140	-24	0	1	0	83	1026378	-209585
51	0	708	140	-24	0	1	0	83	1033059	-210762
47	0	708	56	-83	0	1	-2	83	1038276	-211682
47	0	708	56	-83	0	1	-2	83	1041094	-215855
47	0	708	56	-83	0	1	-2	83	1043796	-219857
47	0	708	56	-83	0	1	-2	83	1046498	-223859
47	0	707	41	-81	0	1	-2	83	1049191	-227847
47	0	707	41	-81	0	1	-2	83	1051148	-231707
47	0	706	52	-94	0	0	-1	83	1052459	-234291
47	0	706	52	-94	0	0	-1	83	1054969	-238790
47	0	706	52	-94	0	0	-1	83	1057223	-242830
47	0	706	52	-94	0	0	-1	83	1059933	-247689
47	0	706	65	-92	0	0	-1	83	1062458	-252215
47	0	706	65	-92	0	0	-1	83	1065589	-256645
47	0	701	64	-95	0	0	0	83	1067856	-259853
47	0	701	64	-95	0	0	0	83	1070924	-264372
47	0	701	64	-95	0	0	0	83	1074029	-268946
47	0	699	70	-106	0	0	0	83	1076957	-273258
47	0	699	70	-106	0	0	0	83	1080299	-278249
47	0	699	70	-106	0	0	0	83	1083856	-283561
47	0	698	72	-126	0	0	0	83	1085939	-286671
47	0	698	72	-126	0	0	0	83	1089638	-293065
47	0	698	72	-126	0	0	0	83	1093096	-299044
47	0	699	69	-189	0	0	0	83	1096556	-305024
47	0	699	69	-189	0	0	0	83	1099914	-314167
47	0	700	113	-119	0	-1	4	83	1101933	-319664
47	0	700	113	-119	0	-1	4	83	1107406	-325445
47	0	700	113	-119	0	-1	4	83	1112810	-331153
47	0	700	113	-119	0	-1	4	83	1118254	-336903
47	0	701	159	57	0	-1	5	83	1123658	-342611
47	0	700	106	-61	0	0	2	83	1126816	-341478
47	0	700	106	-61	0	0	2	83	1132229	-344597
47	0	700	106	-61	0	0	2	83	1137232	-347480
47	0	696	81	-103	0	0	0	83	1142160	-350320
47	0	696	81	-103	0	0	0	83	1146226	-355505
47	0	696	81	-103	0	0	0	83	1149454	-359624
47	0	691	100	-95	0	0	-1	83	1153333	-364571
47	0	691	100	-95	0	0	-1	83	1158103	-369116
47	0	691	100	-95	0	0	-1	83	1162609	-373410
47	0	691	100	-95	0	0	-1	83	1167725	-378285
47	0	688	119	-91	0	0	-1	83	1172851	-383169
47	0	688	119	-91	0	0	-1	83	1177001	-386327
47	0	684	115	-99	0	0	-1	83	1182800	-390740
47	0	684	115	-99	0	0	-1	83	1188273	-395456
47	0	684	115	-99	0	0	-1	83	1193978	-400373
47	0	684	115	-99	0	0	-1	83	1199520	-405149
47	0	682	121	-106	0	0	0	83	1205005	-409875
47	0	682	121	-106	0	0	0	83	1210780	-414932
45	0	679	112	-108	0	0	0	83	1216582	-420012
45	0	679	112	-108	0	0	0	83	1220255	-423540
45	0	679	112	-108	0	0	0	83	1225587	-428662
45	0	674	93	-123	0	0	0	83	1231074	-433934
45	0	674	93	-123	0	0	0	83	1235535	-439872
45	0	674	93	-123	0	0	0	83	1239146	-444677
45	0	670	83	-113	0	0	0	83	1244113	-451289
45	0	670	83	-113	0	0	0	83	1248169	-456842
45	0	670	83	-113	0	0	0	83	1251069	-460813
45	0	666	64	-121	0	0	0	83	1255215	-466489
45	0	666	64	-121	0	0	0	83	1258349	-472417
45	0	666	64	-121	0	0	0	83	1261407	-478201
45	0	661	40	-107	0	0	1	83	1263937	-482986
45	0	661	40	-107	0	0	1	83	1265888	-488204
45	0	661	40	-107	0	0	1	83	1267460	-492406
45	0	658	30	-137	0	0	2	83	1269420	-497647
45	0	658	30	-137	0	0	2	83	1270879	-504325
45	0	658	30	-137	0	0	2	83	1272396	-511262
45	0	654	34	-1	0	0	6	83	1273868	-517996
45	0	654	34	-1	0	0	6	83	1274954	-518034
45	0	654	34	-1	0	0	6	83	1276640	-518092
45	0	654	34	-1	0	0	6	83	1278340	-518151
45	0	654	34	-1	0	0	6	83	1280028	-518210
45	0	654	34	-1	0	0	6	83	1281683	-518268
45	0	639	36	128	0	-1	7	82	1283353	-518326
45	0	639	36	128	0	-1	7	82	1284652	-513726
45	0	639	36	128	0	-1	7	82	1286359	-507678
45	0	640	9	120	0	-1	4	82	1288129	-501411
45	0	640	9	120	0	-1	4	82	1288582	-495773
45	0	642	31	105	0	-1	1	82	1289056	-489881
45	0	642	31	105	0	-1	1	82	1290164	-486109
45	0	642	31	105	0	-1	1	82	1291720	-480810
45	0	645	34	100	0	-1	-1	82	1292928	-476697
45	0	645	34	100	0	-1	-1	82	1294635	-471745
45	0	645	34	100	0	-1	-1	82	1296282	-466969
45	0	648	41	48	0	0	-1	82	1297945	-462146
45	0	648	41	48	0	0	-1	82	1299159	-460726
45	0	648	41	48	0	0	-1	82	1301217	-458320
45	0	651	64	148	0	0	0	82	1303165	-456042
45	0	651	64	148	0	0	0	82	1306219	-449013
45	0	651	64	148	0	0	0	82	1309185	-442186
45	0	655	73	209	0	0	0	82	1312315	-434982
45	0	655	73	209	0	0	0	82	1314854	-427769
45	0	655	73	209	0	0	0	82	1318398	-417705
44	0	658	13	94	0	0	-1	82	1321925	-407687
44	0	658	13	94	0	0	-1	82	1322533	-403398
44	0	658	13	94	0	0	-1	82	1323197	-398715
44	0	666	-1	26	0	0	-2	82	1323610	-395801
44	0	666	-1	26	0	0	-2	82	1323534	-394544
44	0	669	28	80	0	0	-2	82	1323460	-393319
44	0	669	28	80	0	0	-2	82	1324762	-389636
44	0	669	28	80	0	0	-2	82	1326079	-385912
44	0	672	55	87	0	0	-2	82	1327546	-381766
44	0	672	55	87	0	0	-2	82	1329012	-379438
44	0	672	55	87	0	0	-2	82	1331634	-375274
44	0	675	65	63	0	0	-2	82	1334264	-371097
44	0	675	65	63	0	0	-2	82	1337507	-367949
44	0	675	65	63	0	0	-2	82	1340623	-364924
44	0	677	41	9	0	0	-1	82	1343760	-361878
44	0	677	41	9	0	0	-1	82	1345290	-361539
44	0	677	41	9	0	0	-1	82	1347167	-361123
44	0	679	50	29	0	0	-1	82	1349250	-360661
44	0	679	50	29	0	0	-1	82	1351659	-359241
44	0	679	50	29	0	0	-1	82	1354059	-357827
44	0	682	41	10	0	0	-1	82	1356381	-356459
44	0	682	41	10	0	0	-1	82	1358400	-355946
44	0	684	22	-19	0	0	0	82	1359685	-355620
44	0	684	22	-19	0	0	0	82	1360773	-356572
44	0	684	22	-19	0	0	0	82	1361839	-357506
44	0	686	-2	-74	0	0	0	83	1362906	-358440
44	0	686	-2	-74	0	0	0	83	1362816	-360928
44	0	686	-2	-74	0	0	0	83	1362705	-363982
44	0	687	18	-32	0	0	1	83	1362572	-367673
44	0	687	18	-32	0	0	1	83	1363420	-369200
44	0	687	18	-32	0	0	1	83	1364255	-370703
44	0	687	5	21	0	0	2	83	1365158	-372329
44	0	687	5	21	0	0	2	83	1365422	-371298
44	0	687	5	21	0	0	2	83	1365623	-370515
44	0	687	-13	-3	0	0	1	83	1365900	-369437
44	0	687	-13	-3	0	0	1	83	1365344	-369584
44	0	688	-12	-3	0	0	0	83	1364788	-369731
44	0	688	-12	-3	0	0	0	83	1364424	-369830
44	0	688	-12	-3	0	0	0	83	1363791	-370002
44	0	688	-4	-17	0	0	0	83	1363367	-370117
44	0	688	-4	-17	0	0	0	83	1363143	-370938
44	0	688	-4	-17	0	0	0	83	1362922	-371743
44	0	690	-7	-6	0	0	0	83	1362708	-372525
44	0	690	-7	-6	0	0	0	83	1362366	-372843
44	0	690	-7	-6	0	0	0	83	1362027	-373160
44	0	692	5	0	0	0	0	83	1361769	-373400
44	0	692	5	0	0	0	0	83	1362016	-373378
44	0	692	5	0	0	0	0	83	1362280	-373354
44	0	694	27	3	0	0	0	83	1362568	-373328
44	0	694	27	3	0	0	0	83	1363953	-373132
44	0	694	27	3	0	0	0	83	1365291	-372943
44	0	697	23	10	0	0	0	83	1366233	-372809
44	0	697	23	10	0	0	0	83	1367359	-372306
44	0	701	23	22	0	0	0	83	1368461	-371813
44	0	701	23	22	0	0	0	83	1369484	-370826
44	0	701	23	22	0	0	0	83	1370639	-369711
44	0	706	15	-19	0	0	0	83	1371730	-368658
44	0	706	15	-19	0	0	0	83	1372292	-369390
44	0	706	15	-19	0	0	0	83	1373027	-370346
44	0	709	8	-41	0	0	1	83	1373753	-371290
44	0	709	8	-41	0	0	1	83	1374138	-373249
44	0	709	8	-41	0	0	1	83	1374530	-375248
44	0	711	20	71	0	0	2	83	1374903	-377147
44	0	711	20	71	0	0	2	83	1375572	-374752
44	0	711	20	71	0	0	2	83	1376567	-371183
44	0	714	11	50	0	0	1	83	1377520	-367768
44	0	714	11	50	0	0	1	83	1378071	-365356
44	0	714	11	50	0	0	1	83	1378629	-362919
44	0	717	-16	10	0	0	0	83	1379171	-360547
44	0	717	-16	10	0	0	0	83	1378693	-360228
44	0	717	-16	10	0	0	0	83	1378016	-359775
44	0	719	-35	-35	0	0	0	83	1377219	-359242
44	0	719	-35	-35	0	0	0	83	1375591	-360893
44	0	719	-35	-35	0	0	0	83	1373853	-362655
44	0	721	-20	-4	0	0	0	83	1372125	-364406
44	0	721	-20	-4	0	0	0	83	1371477	-364542
44	0	721	-20	-4	0	0	0	83	1370513	-364743
44	0	721	-9	-11	0	0	0	83	1369672	-364918
44	0	721	-9	-11	0	0	0	83	1369215	-365475
44	0	723	22	-2	0	0	0	83	1368791	-365993
44	0	723	22	-2	0	0	0	83	1369615	-366097
44	0	723	22	-2	0	0	0	83	1370701	-366235
44	0	725	22	-19	0	0	0	83	1371782	-366372
44	0	725	22	-19	0	0	0	83	1372803	-367258
44	0	725	22	-19	0	0	0	83	1373956	-368259
44	0	727	33	-2	0	0	0	83	1375041	-369202
44	0	727	33	-2	0	0	0	83	1376308	-369280
44	0	727	33	-2	0	0	0	83	1377959	-369382
43	0	730	20	-27	0	0	0	83	1379519	-369478
43	0	730	20	-27	0	0	0	83	1380492	-370794
43	0	730	20	-27	0	0	0	83	1381456	-372097
43	0	732	23	-27	0	0	0	83	1382168	-373059
43	0	732	23	-27	0	0	0	83	1383249	-374332
43	0	732	23	-27	0	0	0	83	1384380	-375664
43	0	733	15	-19	0	0	0	83	1385461	-376937
43	0	733	15	-19	0	0	0	83	1386197	-377837
43	0	733	15	-19	0	0	0	83	1386724	-378482
43	0	733	8	-22	0	0	1	83	1387402	-379310
43	0	733	8	-22	0	0	1	83	1387783	-380368
43	0	733	8	-22	0	0	1	83	1388178	-381468
43	0	736	33	1	0	0	3	83	1388531	-382448
43	0	736	33	1	0	0	3	83	1390211	-382379
43	0	736	33	1	0	0	3	83	1391456	-382328
43	0	735	30	70	0	0	4	83	1393050	-382263
43	0	735	30	70	0	0	4	83	1394550	-378819
43	0	735	30	70	0	0	4	83	1396078	-375309
43	0	736	25	56	0	0	2	83	1397539	-371953
43	0	736	25	56	0	0	2	83	1398430	-369958
43	0	736	25	56	0	0	2	83	1399664	-367196
43	0	739	16	57	0	0	0	83	1400869	-364497
43	0	739	16	57	0	0	0	83	1401642	-361762
43	0	739	16	57	0	0	0	83	1402426	-358984
43	0	746	-2	1	0	0	0	83	1403197	-356256
43	0	746	-2	1	0	0	0	83	1403097	-356216
43	0	746	-2	1	0	0	0	83	1402956	-356161
43	0	749	21	37	0	0	-1	83	1402820	-356107
43	0	749	21	37	0	0	-1	83	1403862	-354316
43	0	752	30	58	0	0	-1	83	1404589	-353067
43	0	752	30	58	0	0	-1	83	1405967	-350408
43	0	752	30	58	0	0	-1	83	1407454	-347539
43	0	752	30	58	0	0	-1	83	1408882	-344785
43	0	753	8	37	0	0	-1	83	1410283	-342081
43	0	753	8	37	0	0	-1	83	1410715	-340257
43	0	757	15	31	0	0	-1	83	1411133	-338486
43	0	757	15	31	0	0	-1	83	1411677	-337378
43	0	757	15	31	0	0	-1	83	1412437	-335827
43	0	757	15	31	0	0	-1	83	1413139	-334397
43	0	758	19	16	0	0	-1	83	1413866	-332915
43	0	758	19	16	0	0	-1	83	1414787	-332117
43	0	759	26	27	0	0	0	83	1415720	-331310
43	0	759	26	27	0	0	0	83	1416605	-330396
43	0	759	26	27	0	0	0	83	1417872	-329087
43	0	759	13	1	0	0	0	83	1419144	-327773
43	0	759	13	1	0	0	0	83	1419774	-327679
43	0	759	13	1	0	0	0	83	1420403	-327584
42	0	761	19	-14	0	0	0	83	1421030	-327490
42	0	761	19	-14	0	0	0	83	1421943	-328168
42	0	761	19	-14	0	0	0	83	1422600	-328656
42	0	760	-1	-22	0	0	0	83	1423477	-329307
42	0	760	-1	-22	0	0	0	83	1423418	-330378
42	0	760	-1	-22	0	0	0	83	1423360	-331434
42	0	760	-13	-24	0	0	0	83	1423302	-332485
42	0	760	-13	-24	0	0	0	83	1422829	-333365
42	0	760	-13	-24	0	0	0	83	1422197	-334540
42	0	760	-26	-38	0	0	0	83	1421578	-335692
42	0	760	-26	-38	0	0	0	83	1420354	-337435
42	0	760	-26	-38	0	0	0	83	1419078	-339250
42	0	760	-20	-39	0	0	0	83	1417811	-341053
42	0	760	-20	-39	0	0	0	83	1416808	-342941
42	0	760	-20	-39	0	0	0	83	1416057	-344352
42	0	759	-8	-40	0	0	0	83	1415031	-346283
42	0	759	-8	-40	0	0	0	83	1414624	-348248
42	0	759	-8	-40	0	0	0	83	1414223	-350183
42	0	758	1	-28	0	0	0	83	1413830	-352081
42	0	758	1	-28	0	0	0	83	1413868	-353046
42	0	758	1	-28	0	0	0	83	1413922	-354394
42	0	757	13	-25	0	0	0	83	1413975	-355724
42	0	757	13	-25	0	0	0	83	1414586	-356874
42	0	757	13	-25	0	0	0	83	1415258	-358139
42	0	755	5	-47	0	0	0	83	1415914	-359375
42	0	755	5	-47	0	0	0	83	1416114	-361159
42	0	755	5	-47	0	0	0	83	1416376	-363497
42	0	754	-1	-57	0	0	0	83	1416631	-365767
42	0	754	-1	-57	0	0	0	83	1416562	-368523
42	0	754	-1	-57	0	0	0	83	1416496	-371197
42	0	754	-2	-46	0	0	0	83	1416428	-373916
42	0	754	-2	-46	0	0	0	83	1416305	-376121
42	0	754	-2	-46	0	0	0	83	1416209	-377830
42	0	751	6	-25	0	0	0	83	1416083	-380094
42	0	751	6	-25	0	0	0	83	1416392	-381334
42	0	751	-12	-44	0	0	0	83	1416702	-382575
42	0	751	-12	-44	0	0	0	83	1416161	-384515
42	0	751	-12	-44	0	0	0	83	1415709	-386133
42	0	750	-26	-25	0	0	0	83	1415086	-388369
42	0	750	-26	-25	0	0	0	83	1413828	-389591
42	0	750	-26	-25	0	0	0	83	1412550	-390833
42	0	748	-36	-37	0	0	0	83	1411263	-392084
42	0	748	-36	-37	0	0	0	83	1409505	-393878
42	0	748	-36	-37	0	0	0	83	1408089	-395322
42	0	752	-28	-31	0	0	0	83	1406351	-397094
42	0	752	-28	-31	0	0	0	83	1404980	-398612
42	0	752	-28	-31	0	0	0	83	1403617	-400120
42	0	751	-13	-6	0	0	0	83	1402266	-401615
42	0	751	-13	-6	0	0	0	83	1401643	-401905
42	0	751	-13	-6	0	0	0	83	1401190	-402117
42	0	756	1	12	0	0	0	83	1400581	-402401
42	0	756	1	12	0	0	0	83	1400636	-401903
42	0	756	1	12	0	0	0	83	1400694	-401371
42	0	758	7	36	0	0	0	83	1400760	-400765
42	0	758	7	36	0	0	0	83	1401126	-399054
42	0	758	7	36	0	0	0	83	1401493	-397341
42	0	758	27	20	0	0	0	83	1401856	-395645
42	0	758	27	20	0	0	0	83	1402916	-394876
42	0	758	27	20	0	0	0	83	1404295	-393875
42	0	759	13	-5	0	0	0	83	1405608	-392921
42	0	759	13	-5	0	0	0	83	1406241	-393191
42	0	759	13	-5	0	0	0	83	1406848	-393449
42	0	760	9	-41	0	0	0	83	1407475	-393715
42	0	760	9	-41	0	0	0	83	1407805	-395119
42	0	758	-17	-32	0	0	0	83	1408254	-397028
42	0	758	-17	-32	0	0	0	83	1407380	-398655
42	0	758	-17	-32	0	0	0	83	1406558	-400186
42	0	758	-17	-32	0	0	0	83	1405738	-401712
42	0	755	-22	-4	0	0	0	83	1404934	-403210
42	0	755	-22	-4	0	0	0	83	1404173	-403351
42	0	753	-35	-22	0	0	0	83	1403051	-403560
42	0	753	-35	-22	0	0	0	83	1401389	-404619
42	0	753	-35	-22	0	0	0	83	1399775	-405648
42	0	752	-46	-12	0	0	0	83	1398036	-406757
42	0	752	-46	-12	0	0	0	83	1396361	-407212
42	0	752	-46	-12	0	0	0	83	1394075	-407833
42	0	752	-45	-23	0	0	0	83	1391870	-408431
42	0	752	-45	-23	0	0	0	83	1389800	-409503
42	0	752	-45	-23	0	0	0	83	1387639	-410621
42	0	751	-9	12	0	0	0	83	1386020	-411459
42	0	751	-9	12	0	0	0	83	1385562	-410868
42	0	751	-9	12	0	0	0	83	1385106	-410279
42	0	750	4	26	0	0	0	83	1384653	-409693
42	0	750	4	26	0	0	0	83	1384878	-408481
42	0	750	4	26	0	0	0	83	1385110	-407229
42	0	753	5	31	0	0	0	83	1385344	-405970
42	0	753	5	31	0	0	0	83	1385548	-404831
42	0	753	5	31	0	0	0	83	1385821	-403312
41	0	751	17	47	0	0	0	83	1386067	-401937
41	0	751	17	47	0	0	0	83	1386888	-399696
41	0	751	17	47	0	0	0	83	1387532	-397937
41	0	753	21	34	0	0	0	83	1388375	-395636
41	0	753	21	34	0	0	0	83	1389407	-394012
41	0	757	30	10	0	0	0	83	1390406	-392442
41	0	757	30	10	0	0	0	83	1391450	-392078
41	0	757	30	10	0	0	0	83	1392922	-391565
41	0	757	30	10	0	0	0	83	1394370	-391060
41	0	754	7	4	0	0	0	83	1395806	-390560
41	0	754	7	4	0	0	0	83	1396159	-390360
41	0	758	-16	-4	0	0	0	83	1396506	-390164
41	0	758	-16	-4	0	0	0	83	1395967	-390322
41	0	758	-16	-4	0	0	0	83	1395159	-390559
41	0	758	-16	-4	0	0	0	83	1394342	-390798
41	0	759	2	15	0	0	0	83	1393545	-391032
41	0	759	2	15	0	0	0	83	1393655	-390303
41	0	760	-6	-5	0	0	0	83	1393739	-389752
41	0	760	-6	-5	0	0	0	83	1393449	-389999
41	0	760	-6	-5	0	0	0	83	1393158	-390248
41	0	758	-9	1	0	0	0	83	1392937	-390436
41	0	758	-9	1	0	0	0	83	1392455	-390343
41	0	758	-9	1	0	0	0	83	1391984	-390253
41	0	757	-3	10	0	0	0	83	1391666	-390192
41	0	757	-3	10	0	0	0	83	1391525	-389697
41	0	757	-3	10	0	0	0	83	1391372	-389164
41	0	756	2	11	0	-1	0	83	1391227	-388661
41	0	756	2	11	0	-1	0	83	1391343	-388125
41	0	756	2	11	0	-1	0	83	1391458	-387595
41	0	758	28	0	0	-3	0	83	1391573	-387059
41	0	758	28	0	0	-3	0	83	1392576	-387070
41	0	758	28	0	0	-3	0	83	1393987	-387087
41	0	757	61	7	0	-6	0	83	1395347	-387102
41	0	757	61	7	0	-6	0	83	1398255	-386748
41	0	757	61	7	0	-6	0	83	1401155	-386395
41	0	754	151	1	0	-8	0	83	1404018	-386046
41	0	754	151	1	0	-8	0	83	1409525	-385992
41	0	754	151	1	0	-8	0	83	1417106	-385918
41	0	751	330	12	0	-9	0	83	1424335	-385848
41	0	751	330	12	0	-9	0	83	1440186	-385234
41	0	748	465	44	0	-10	0	83	1455695	-384633
41	0	748	465	44	0	-10	0	83	1472209	-383061
41	0	748	465	44	0	-10	0	83	1493264	-381057
41	0	748	465	44	0	-10	0	83	1516951	-378802
41	0	747	634	28	0	-10	0	83	1539204	-376684
41	0	747	634	28	0	-10	0	83	1569549	-375308
40	0	748	701	34	0	-10	0	83	1590615	-374353
40	0	748	701	34	0	-10	0	83	1623643	-372725
40	0	748	701	34	0	-10	0	83	1658311	-371017
40	0	748	701	34	0	-10	0	83	1692586	-369328
40	0	746	691	11	0	-10	0	83	1725743	-367694
40	0	746	691	11	0	-10	0	83	1757935	-367168
40	0	746	772	-6	0	-9	0	83	1781966	-366775
40	0	746	772	-6	0	-9	0	83	1819324	-367102
40	0	746	772	-6	0	-9	0	83	1855611	-367419
40	0	743	850	6	0	-9	0	83	1892405	-367741
40	0	743	850	6	0	-9	0	83	1933559	-367404
40	0	743	850	6	0	-9	0	83	1960479	-367183
40	0	741	865	-35	0	-8	0	83	2002120	-366841
40	0	741	865	-35	0	-8	0	83	2042575	-368513
40	0	741	865	-35	0	-8	0	83	2084206	-370234
40	0	737	911	-38	0	-8	0	83	2114168	-371472
40	0	737	911	-38	0	-8	0	83	2159878	-373403
40	0	737	911	-38	0	-8	0	83	2203233	-375235
40	0	734	984	-37	0	-8	0	83	2245468	-377019
40	0	734	984	-37	0	-8	0	83	2293810	-378860
40	0	727	1005	-109	0	-8	0	83	2340927	-380654
40	0	727	1005	-109	0	-8	0	83	2373156	-384162
40	0	727	1005	-109	0	-8	0	83	2421060	-389375
40	0	724	1046	-157	0	-8	0	83	2467965	-394479
40	0	724	1046	-157	0	-8	0	83	2520319	-402368
40	0	724	1046	-157	0	-8	0	83	2557156	-407919
40	0	724	1046	-157	0	-8	0	83	2608990	-415730
40	0	718	1192	-141	0	-8	0	84	2658805	-423237
40	0	718	1192	-141	0	-8	0	84	2715688	-429981
40	0	714	1268	-221	0	-8	0	84	2772458	-436712
40	0	714	1268	-221	0	-8	0	84	2826872	-446213
40	0	714	1268	-221	0	-8	0	84	2888020	-456889
40	0	713	1392	-169	0	-8	0	84	2924940	-463336
40	0	713	1392	-169	0	-8	0	84	2992522	-471546
40	0	713	1392	-169	0	-8	0	84	3062124	-480002
40	0	714	1543	-86	0	-8	0	84	3128467	-488062
40	0	714	1543	-86	0	-8	0	84	3198076	-491970
40	0	714	1543	-86	0	-8	0	84	3272220	-496132
40	0	717	1639	40	0	-8	0	84	3330334	-499394
40	0	717	1639	40	0	-8	0	84	3411831	-497382
40	0	717	1639	40	0	-8	0	84	3492378	-495394
40	0	722	1627	35	0	-8	0	84	3570814	-493458
40	0	722	1627	35	0	-8	0	84	3647571	-491805
40	0	722	1627	35	0	-8	0	84	3725626	-490125
40	0	725	1641	75	0	-8	0	84	3803681	-488445
40	0	725	1641	75	0	-8	0	84	3859917	-485868
40	0	725	1641	75	0	-8	0	84	3938741	-482256
40	0	729	1752	5	0	-8	0	83	4003382	-479293
40	0	729	1752	5	0	-8	0	83	4083487	-479063
40	0	730	1843	-40	0	-7	0	83	4172464	-478806
40	0	730	1843	-40	0	-7	0	83	4234405	-480183
40	0	730	1843	-40	0	-7	0	83	4327125	-482243
40	0	728	1883	27	0	-7	0	83	4417932	-484261
40	0	728	1883	27	0	-7	0	83	4507091	-482958
40	0	728	1883	27	0	-7	0	83	4596983	-481645
40	0	724	1979	65	0	-7	0	83	4686549	-480336
40	0	724	1979	65	0	-7	0	83	4750579	-478202
40	0	724	1979	65	0	-7	0	83	4844252	-475081
40	0	721	1921	55	0	-7	0	83	4941382	-471844
40	0	721	1921	55	0	-7	0	83	5034015	-469168
40	0	721	1921	55	0	-7	0	83	5123060	-466595
40	0	729	1936	18	0	-7	0	83	5216638	-463891
40	0	729	1936	18	0	-7	0	83	5282297	-463254
40	0	729	1936	18	0	-7	0	83	5374501	-462359
40	0	728	1940	16	0	-7	0	83	5468843	-461443
40	0	728	1940	16	0	-7	0	83	5562457	-460628
40	0	728	1940	16	0	-7	0	83	5656833	-459806
40	0	731	1896	7	0	-7	0	83	5751707	-458979
40	0	731	1896	7	0	-7	0	83	5819542	-458707
40	0	731	1896	7	0	-7	0	83	5913745	-458330
40	0	734	1878	-37	0	-7	0	83	6003925	-457968
40	0	734	1878	-37	0	-7	0	83	6093457	-459751
40	0	734	1878	-37	0	-7	0	83	6183395	-461541
40	0	730	1705	-46	0	-7	0	84	6272170	-463309
40	0	730	1705	-46	0	-7	0	84	6333095	-464985
40	0	730	1705	-46	0	-7	0	84	6415859	-467261
40	0	729	1700	-140	0	-8	0	84	6495900	-469463
40	0	729	1700	-140	0	-8	0	84	6577401	-476190
40	0	729	1700	-140	0	-8	0	84	6658214	-482860
40	0	729	1688	-253	0	-8	0	84	6739497	-489569
40	0	729	1688	-253	0	-8	0	84	6800169	-498688
40	0	729	1688	-253	0	-8	0	84	6881157	-510860
40	0	726	1622	-297	0	-8	0	84	6961548	-522942
40	0	726	1622	-297	0	-8	0	84	7039274	-537194
40	0	726	1622	-297	0	-8	0	84	7116475	-551349
40	0	726	1648	-289	0	-8	0	83	7187408	-564355
40	0	726	1648	-289	0	-8	0	83	7248304	-575049
40	0	726	1648	-289	0	-8	0	83	7330175	-589427
40	0	726	1674	-280	0	-9	0	84	7409048	-603278
40	0	726	1674	-280	0	-9	0	84	7484985	-615979
38	0	724	1696	-274	0	-9	0	84	7549552	-626778
38	0	724	1696	-274	0	-9	0	84	7598833	-634752
38	0	725	1724	-269	0	-9	0	84	7676691	-647350
38	0	725	1724	-269	0	-9	0	84	7734062	-656307
38	0	725	1724	-269	0	-9	0	84	7816280	-669143
38	0	725	1752	-265	0	-9	0	84	7875089	-678324
38	0	725	1752	-265	0	-9	0	84	7959008	-691039
38	0	725	1752	-265	0	-9	0	84	8043828	-703891
38	0	723	1780	-259	0	-9	0	84	8127109	-716510
38	0	723	1780	-259	0	-9	0	84	8212182	-728898
38	0	723	1780	-259	0	-9	0	84	8296629	-741195
38	0	723	1806	-255	0	-10	0	84	8381563	-753562
38	0	723	1806	-255	0	-10	0	84	8443351	-762290
38	0	723	1806	-255	0	-10	0	84	8530045	-774535
38	0	724	1830	-249	0	-9	0	84	8614166	-786416
38	0	724	1830	-249	0	-9	0	84	8703167	-798565
38	0	724	1830	-249	0	-9	0	84	8790422	-810476
38	0	724	1855	-246	0	-10	0	84	8877956	-822424
38	0	724	1855	-246	0	-10	0	84	8942992	-831052
38	0	724	1855	-246	0	-10	0	84	9031965	-842856
38	0	725	1877	-241	0	-10	0	84	9121119	-854683
38	0	725	1877	-241	0	-10	0	84	9210768	-866230
38	0	725	1877	-241	0	-10	0	84	9286564	-875993
38	0	719	1893	-232	0	-10	0	84	9379229	-887929
38	0	719	1893	-232	0	-10	0	84	9449771	-896593
38	0	719	1893	-232	0	-10	0	84	9543749	-908135
38	0	717	1900	-222	0	-8	0	84	9629352	-918648
38	0	717	1900	-222	0	-8	0	84	9719416	-929214
38	0	717	1900	-222	0	-8	0	84	9811072	-939968
38	0	716	1869	-204	0	-5	0	84	9901762	-950608
38	0	716	1869	-204	0	-5	0	84	9965747	-957619
38	0	716	1869	-204	0	-5	0	84	10055423	-967445
38	0	717	1815	-188	0	-2	1	84	10144304	-977183
38	0	717	1815	-188	0	-2	1	84	10230488	-986126
38	0	717	1728	-170	0	0	1	84	10317463	-995150
38	0	717	1728	-170	0	0	1	84	10377850	-1001118
38	0	717	1728	-170	0	0	1	84	10466489	-1009877
38	0	721	1610	-151	0	4	1	84	10545207	-1017656
38	0	721	1610	-151	0	4	1	84	10622129	-1024887
38	0	721	1610	-151	0	4	1	84	10698556	-1032072
38	0	727	1458	-130	0	8	1	84	10775221	-1039278
38	0	727	1458	-130	0	8	1	84	10824954	-1043727
38	0	727	1458	-130	0	8	1	84	10895294	-1050019
37	0	741	1266	-107	0	11	1	84	10961991	-1055985
37	0	741	1266	-107	0	11	1	84	11023111	-1061173
37	0	741	1266	-107	0	11	1	84	11085195	-1066444
37	0	761	1550	-83	0	14	1	84	11126559	-1069955
37	0	761	1550	-83	0	14	1	84	11202363	-1074026
37	0	761	1550	-83	0	14	1	84	11276480	-1078006
37	0	779	1300	-67	0	17	1	84	11350486	-1081980
37	0	779	1300	-67	0	17	1	84	11412232	-1085189
37	0	779	1300	-67	0	17	1	84	11474160	-1088408
37	0	805	1020	-49	0	18	1	84	11535563	-1091599
37	0	805	1020	-49	0	18	1	84	11573297	-1093430
37	0	805	1020	-49	0	18	1	84	11620886	-1095740
37	0	827	742	-35	0	19	0	84	11671018	-1098172
37	0	827	742	-35	0	19	0	84	11706641	-1099878
37	0	827	742	-35	0	19	0	84	11742240	-1101583
37	0	842	483	-31	0	19	0	84	11774702	-1103138
37	0	842	483	-31	0	19	0	84	11794648	-1104432
37	0	851	267	-31	0	16	0	84	11808523	-1105333
37	0	851	267	-31	0	16	0	84	11821842	-1106917
37	0	851	267	-31	0	16	0	84	11834574	-1108432
37	0	851	267	-31	0	16	0	84	11847316	-1109948
37	0	853	100	-33	0	12	0	84	11860005	-1111458
37	0	853	100	-33	0	12	0	84	11864731	-1113024
37	0	851	-17	-30	0	7	0	84	11869514	-1114608
37	0	851	-17	-30	0	7	0	84	11868870	-1115743
37	0	851	-17	-30	0	7	0	84	11868022	-1117239
37	0	851	-17	-30	0	7	0	84	11867185	-1118716
37	0	842	-85	-23	0	2	0	83	11866348	-1120193
37	0	842	-85	-23	0	2	0	83	11862306	-1121296
37	0	831	-104	-17	0	-1	0	83	11859331	-1122108
37	0	831	-104	-17	0	-1	0	83	11854176	-1122992
37	0	831	-104	-17	0	-1	0	83	11849503	-1123793
37	0	789	-86	-14	0	-4	0	83	11844439	-1124662
37	0	789	-86	-14	0	-4	0	83	11840320	-1125366
37	0	789	-86	-14	0	-4	0	83	11837097	-1125918
37	0	770	-30	-8	0	-6	0	83	11832922	-1126632
37	0	770	-30	-8	0	-6	0	83	11831423	-1127063
37	0	770	-30	-8	0	-6	0	83	11829950	-1127487
37	0	754	37	-4	0	-6	0	83	11828479	-1127911
37	0	754	37	-4	0	-6	0	83	11830257	-1128106
37	0	754	37	-4	0	-6	0	83	11832057	-1128304
37	0	743	107	-2	0	-6	0	83	11833323	-1128443
37	0	743	107	-2	0	-6	0	83	11838602	-1128548
37	0	743	107	-2	0	-6	0	83	11843514	-1128645
37	0	732	169	-4	0	-5	0	83	11847957	-1128733
37	0	732	169	-4	0	-5	0	83	11856219	-1128946
37	0	730	217	-5	0	-3	0	83	11862849	-1129116
37	0	730	217	-5	0	-3	0	83	11869772	-1129294
37	0	730	217	-5	0	-3	0	83	11879584	-1129547
37	0	728	244	-4	0	-2	0	83	11889814	-1129811
37	0	728	244	-4	0	-2	0	83	11901476	-1130031
37	0	728	244	-4	0	-2	0	83	11913101	-1130251
37	0	728	244	-4	0	-2	0	83	11924619	-1130469
37	0	726	239	-5	0	0	0	83	11933366	-1130635
37	0	726	239	-5	0	0	0	83	11940934	-1130815
37	0	728	207	-8	0	2	0	83	11952385	-1131088
37	0	728	207	-8	0	2	0	83	11961346	-1131474
37	0	728	207	-8	0	2	0	83	11971362	-1131906
37	0	733	146	-10	0	4	0	83	11981303	-1132334
37	0	733	146	-10	0	4	0	83	11987044	-1132760
37	0	738	74	-13	0	6	0	83	11991906	-1133121
37	0	738	74	-13	0	6	0	83	11995389	-1133745
37	0	738	74	-13	0	6	0	83	11999102	-1134411
37	0	745	212	28	0	7	0	83	12002646	-1135046
37	0	745	212	28	0	7	0	83	12012801	-1133706
37	0	745	212	28	0	7	0	83	12022899	-1132374
37	0	748	236	19	0	7	0	83	12032977	-1131045
37	0	748	236	19	0	7	0	83	12044297	-1130108
37	0	748	236	19	0	7	0	83	12055593	-1129173
37	0	749	145	37	0	7	0	83	12064119	-1128467
37	0	749	145	37	0	7	0	83	12071300	-1126639
37	0	749	145	37	0	7	0	83	12078226	-1124877
37	0	749	18	57	0	7	0	83	12085195	-1123103
37	0	749	18	57	0	7	0	83	12086078	-1120356
37	0	749	18	57	0	7	0	83	12086965	-1117595
37	0	749	-98	57	0	6	0	83	12087833	-1114895
37	0	749	-98	57	0	6	0	83	12084387	-1112894
37	0	749	-98	57	0	6	0	83	12079837	-1110253
37	0	749	-267	42	0	6	0	83	12074964	-1107424
37	0	749	-267	42	0	6	0	83	12062145	-1105399
37	0	749	-267	42	0	6	0	83	12050049	-1103488
37	0	745	-367	15	0	6	0	83	12037725	-1101541
37	0	745	-367	15	0	6	0	83	12019633	-1100787
37	0	745	-367	15	0	6	0	83	12008302	-1100315
37	0	744	-493	82	0	5	0	83	11990461	-1099572
37	0	744	-493	82	0	5	0	83	11966891	-1095611
37	0	744	-493	82	0	5	0	83	11942984	-1091594
37	0	737	-643	78	0	5	0	83	11919289	-1087613
37	0	737	-643	78	0	5	0	83	11889111	-1083936
37	0	737	-643	67	0	5	0	83	11857900	-1080134
36	0	734	-760	67	0	5	0	83	11840315	-1078286
36	0	734	-760	67	0	5	0	83	11802572	-1074930
36	0	734	-760	67	0	5	0	83	11766202	-1071697
36	0	726	-850	90	0	5	0	83	11728856	-1068377
36	0	726	-850	90	0	5	0	83	11688786	-1064095
36	0	726	-850	90	0	5	0	83	11650635	-1060019
36	0	723	-876	93	0	5	0	83	11609678	-1055643
36	0	723	-876	93	0	5	0	83	11568037	-1051194
36	0	720	-951	59	0	5	0	84	11538939	-1048084
36	0	720	-951	59	0	5	0	84	11501935	-1045778
36	0	720	-951	59	0	5	0	84	11452611	-1042703
36	0	719	-969	57	0	5	0	84	11410876	-1040101
36	0	719	-969	57	0	5	0	84	11361986	-1037202
36	0	719	-969	57	0	5	0	84	11314361	-1034379
36	0	714	-984	50	0	5	0	84	11268051	-1031633
36	0	714	-984	50	0	5	0	84	11224145	-1029381
36	0	714	-984	50	0	5	0	84	11178979	-1027064
36	0	712	-1002	43	0	5	0	84	11131472	-1024626
36	0	712	-1002	43	0	5	0	84	11085617	-1022616
36	0	712	-1002	43	0	5	0	84	11055309	-1021287
36	0	709	-1021	35	0	5	0	84	11016485	-1019585
36	0	709	-1021	35	0	5	0	84	10966522	-1017847
36	0	709	-1021	35	0	5	0	84	10918110	-1016163
36	0	708	-1040	25	0	5	0	84	10869567	-1014474
36	0	708	-1040	25	0	5	0	84	10819617	-1013240
36	0	708	-1040	25	0	5	0	84	10772024	-1012063
36	0	707	-1057	14	0	5	0	84	10722649	-1010843
36	0	707	-1057	14	0	5	0	84	10693391	-1010430
36	0	706	-1074	7	0	5	0	84	10642952	-1009718
36	0	706	-1074	7	0	5	0	84	10639170	-1009692
36	0	699	-1067	-7	0	0	0	84	10588617	-1009341
36	0	694	-885	-19	0	-6	0	84	10538917	-1009699
36	0	694	-885	-19	0	-6	0	84	10497517	-1010608
36	0	694	-885	-19	0	-6	0	84	10455377	-1011533
36	0	694	-885	-19	0	-6	0	84	10415317	-1012413
36	0	694	-885	-19	0	-6	0	84	10375027	-1013298
36	0	694	-885	-19	0	-6	0	84	10332801	-1014225
36	0	694	-885	-19	0	-6	0	84	10291930	-1015122
36	0	694	-885	-19	0	-6	0	84	10249845	-1016046
36	0	694	-418	-28	0	-12	0	83	10211695	-1016884
36	0	694	-418	-28	0	-12	0	83	10208349	-1017110
36	0	694	-418	-28	0	-12	0	83	10188571	-1018449
36	0	694	-418	-28	0	-12	0	83	10168528	-1019805
36	0	694	-418	-28	0	-12	0	83	10149498	-1021093
36	0	694	-418	-28	0	-12	0	83	10129607	-1022439
36	0	694	-418	-28	0	-12	0	83	10109723	-1023785
36	0	694	-418	-28	0	-12	0	83	10089791	-1025134
36	0	694	-418	-28	0	-12	0	83	10069853	-1026483
36	0	694	-418	-28	0	-12	0	83	10050150	-1027817
36	0	694	-418	-28	0	-12	0	83	10030893	-1029120
36	0	725	244	-8	0	-8	0	83	10026888	-1029391
36	0	725	244	-8	0	-8	0	83	10038740	-1029802
36	0	725	244	-8	0	-8	0	83	10050405	-1030206
36	0	725	244	-8	0	-8	0	83	10062014	-1030608
36	0	725	244	-8	0	-8	0	83	10073619	-1031010
36	0	725	244	-8	0	-8	0	83	10085332	-1031416
36	0	725	244	-8	0	-8	0	83	10096963	-1031819
36	0	725	244	-8	0	-8	0	83	10108622	-1032223
36	0	725	244	-8	0	-8	0	83	10120848	-1032646
36	0	725	244	-8	0	-8	0	83	10132201	-1033040
36	0	766	-480	-35	0	-5	0	83	10134487	-1033119
36	0	767	-271	-20	0	-8	0	83	10114985	-1034567
36	0	767	-271	-20	0	-8	0	83	10102039	-1035525
36	0	767	-271	-20	0	-8	0	83	10089074	-1036484
36	0	767	-271	-20	0	-8	0	83	10076375	-1037423
36	0	767	-271	-20	0	-8	0	83	10063238	-1038395
36	0	767	-271	-20	0	-8	0	83	10050297	-1039353
36	0	767	-271	-20	0	-8	0	83	10037663	-1040288
36	0	767	-271	-20	0	-8	0	83	10024520	-1041260
36	0	767	-271	-20	0	-8	0	83	10011508	-1042223
36	0	767	-271	-20	0	-8	0	83	10009170	-1042396
35	0	776	1	1	0	-4	0	83	9995634	-1043397
35	0	776	1	1	0	-4	0	83	9995713	-1043328
35	0	776	1	1	0	-4	0	83	9995806	-1043246
35	0	776	1	1	0	-4	0	83	9995895	-1043167
35	0	776	1	1	0	-4	0	83	9995984	-1043089
35	0	776	1	1	0	-4	0	83	9996073	-1043009
35	0	776	1	1	0	-4	0	83	9996162	-1042931
35	0	776	1	1	0	-4	0	83	9996251	-1042852
35	0	776	1	1	0	-4	0	83	9996341	-1042773
35	0	776	1	1	0	-4	0	83	9996430	-1042695
35	0	795	63	13	0	1	0	83	9996449	-1042678
35	0	795	63	13	0	1	0	83	9999543	-1042025
35	0	795	63	13	0	1	0	83	10002561	-1041389
35	0	795	63	13	0	1	0	83	10005158	-1040841
35	0	795	63	13	0	1	0	83	10008234	-1040192
35	0	795	63	13	0	1	0	83	10011063	-1039595
35	0	795	63	13	0	1	0	83	10014157	-1038942
35	0	795	63	13	0	1	0	83	10017173	-1038306
35	0	795	63	13	0	1	0	83	10019768	-1037759
35	0	795	63	13	0	1	0	83	10022846	-1037109
35	0	795	63	13	0	1	0	83	10023426	-1036987
35	0	785	-10	15	0	0	0	82	10026480	-1036343
35	0	785	-10	15	0	0	0	82	10025980	-1035603
35	0	785	-10	15	0	0	0	82	10025480	-1034866
35	0	785	-10	15	0	0	0	82	10024981	-1034129
35	0	785	-14	4	0	0	0	82	10024936	-1034062
35	0	779	-9	1	0	0	0	82	10024255	-1033866
35	0	779	-9	1	0	0	0	82	10023857	-1033779
35	0	779	-9	1	0	0	0	82	10023416	-1033682
35	0	779	-9	1	0	0	0	82	10022996	-1033591
35	0	774	2	10	0	0	0	82	10022955	-1033582
35	0	774	2	10	0	0	0	82	10023095	-1033074
35	0	774	2	10	0	0	0	82	10023232	-1032575
35	0	774	2	10	0	0	0	82	10023369	-1032074
35	0	774	2	10	0	0	0	82	10023506	-1031576
35	0	774	2	10	0	0	0	82	10023636	-1031102
35	0	774	2	10	0	0	0	82	10023779	-1030583
35	0	774	2	10	0	0	0	82	10023916	-1030082
35	0	774	2	10	0	0	0	82	10024050	-1029593
35	0	768	-2	11	0	2	0	82	10024188	-1029094
35	0	767	-46	10	0	5	0	82	10024172	-1029004
35	0	768	-233	12	0	10	0	82	10021955	-1028524
35	0	768	-233	12	0	10	0	82	10010628	-1027930
35	0	771	-305	1	0	8	0	82	9999653	-1027355
35	0	771	-305	1	0	8	0	82	9985410	-1027268
35	0	771	-305	1	0	8	0	82	9971309	-1027181
35	0	770	-292	-18	0	5	0	82	9956284	-1027090
35	0	770	-292	-18	0	5	0	82	9942839	-1027922
35	0	770	-292	-18	0	5	0	82	9928985	-1028779
35	0	764	-131	-80	0	2	0	82	9914463	-1029678
35	0	764	-131	-80	0	2	0	82	9908093	-1033606
35	0	764	-131	-80	0	2	0	82	9901696	-1037550
35	0	758	-71	-70	0	0	0	82	9895703	-1041246
35	0	758	-71	-70	0	0	0	82	9892288	-1044609
35	0	758	-71	-70	0	0	0	82	9888893	-1047954
35	0	752	-45	-54	0	-1	0	82	9885469	-1051326
35	0	752	-45	-54	0	-1	0	82	9883358	-1053868
35	0	752	-45	-54	0	-1	0	82	9881204	-1056463
35	0	747	-19	-35	0	-2	0	82	9879016	-1059098
35	0	747	-19	-35	0	-2	0	82	9878078	-1060817
35	0	747	-19	-35	0	-2	0	82	9877155	-1062509
35	0	745	49	-21	0	-1	0	82	9876235	-1064196
35	0	745	49	-21	0	-1	0	82	9878579	-1065229
35	0	745	49	-21	0	-1	0	82	9880914	-1066258
35	0	745	49	-21	0	-1	0	82	9883238	-1067283
35	0	743	96	-12	0	-1	0	82	9885476	-1068270
35	0	743	96	-12	0	-1	0	82	9890076	-1068877
35	0	746	131	15	0	0	0	82	9894567	-1069470
35	0	746	131	15	0	0	0	82	9900951	-1068715
35	0	746	155	21	0	0	0	82	9903560	-1068406
35	0	746	155	21	0	0	0	82	9906884	-1067949
35	0	747	150	21	0	1	0	82	9914200	-1066944
35	0	747	150	21	0	1	0	82	9921246	-1065934
35	0	747	150	21	0	1	0	82	9928344	-1064916
35	0	748	156	0	0	2	0	82	9935200	-1063933
35	0	748	156	0	0	2	0	82	9942646	-1063895
35	0	748	156	0	0	2	0	82	9950167	-1063857
35	0	749	145	22	0	2	0	82	9957872	-1063818
35	0	749	145	22	0	2	0	82	9964836	-1062743
35	0	749	145	22	0	2	0	82	9971776	-1061671
35	0	751	101	-11	0	3	0	82	9978727	-1060598
35	0	751	101	-11	0	3	0	82	9983448	-1061144
35	0	751	101	-11	0	3	0	82	9988251	-1061699
35	0	755	61	-19	0	3	0	82	9992105	-1062144
35	0	755	61	-19	0	3	0	82	9995076	-1063088
35	0	755	61	-19	0	3	0	82	9997984	-1064011
35	0	755	25	-34	0	2	0	82	10000959	-1064955
35	0	755	25	-34	0	2	0	82	10002158	-1066590
35	0	755	25	-34	0	2	0	82	10003397	-1068279
35	0	758	64	-11	0	1	0	82	10004616	-1069940
35	0	758	64	-11	0	1	0	82	10007802	-1070490
35	0	758	64	-11	0	1	0	82	10010894	-1071024
35	0	758	74	1	0	3	0	82	10013926	-1071548
35	0	758	74	1	0	3	0	82	10017514	-1071463
35	0	758	74	1	0	3	0	82	10021075	-1071379
35	0	758	74	1	0	3	0	82	10024621	-1071296
35	0	758	46	21	0	5	0	82	10028193	-1071211
35	0	758	46	21	0	5	0	82	10030421	-1070188
35	0	758	46	21	0	5	0	82	10032669	-1069156
35	0	762	-4	23	0	7	0	82	10034798	-1068179
35	0	762	-4	23	0	7	0	82	10034604	-1067054
35	0	762	-4	23	0	7	0	82	10034410	-1065930
35	0	765	-89	29	0	9	0	82	10034222	-1064839
35	0	765	-89	29	0	9	0	82	10029838	-1063404
35	0	765	-89	29	0	9	0	82	10025717	-1062055
35	0	765	-193	-1	0	10	0	82	10021457	-1060660
35	0	765	-193	-1	0	10	0	82	10012216	-1060720
35	0	765	-193	-1	0	10	0	82	10002990	-1060779
35	0	766	-308	-6	0	10	0	82	9993763	-1060838
35	0	766	-308	-6	0	10	0	82	9979066	-1061124
35	0	766	-308	-6	0	10	0	82	9964389	-1061410
35	0	766	-431	-32	0	10	0	82	9949669	-1061697
35	0	766	-431	-32	0	10	0	82	9929097	-1063232
35	0	766	-431	-32	0	10	0	82	9909198	-1064717
35	0	764	-538	-4	0	10	0	82	9888632	-1066251
35	0	764	-538	-4	0	10	0	82	9862995	-1066484
35	0	764	-538	-4	0	10	0	82	9837723	-1066713
35	0	765	-649	-24	0	10	0	82	9811779	-1066948
35	0	765	-649	-24	0	10	0	82	9780851	-1068105
35	0	765	-649	-24	0	10	0	82	9749898	-1069263
35	0	767	-738	24	0	10	0	82	9719686	-1070393
35	0	767	-738	24	0	10	0	82	9683934	-1069197
35	0	767	-738	24	0	10	0	82	9648724	-1068019
35	0	767	-738	24	0	10	0	82	9613517	-1066841
35	0	761	-821	11	0	9	0	82	9578460	-1065669
35	0	761	-821	11	0	9	0	82	9539420	-1065109
35	0	758	-931	12	0	9	0	82	9500113	-1064546
35	0	758	-931	12	0	9	0	82	9455806	-1063934
35	0	758	-931	12	0	9	0	82	9411499	-1063323
35	0	758	-931	12	0	9	0	82	9367173	-1062711
35	0	754	-1001	19	0	9	0	82	9322630	-1062096
35	0	754	-1001	19	0	9	0	82	9274949	-1061173
35	0	754	-1001	19	0	9	0	82	9227278	-1060251
35	0	749	-1066	22	0	9	0	82	9179582	-1059328
35	0	749	-1066	22	0	9	0	82	9128799	-1058257
35	0	749	-1066	22	0	9	0	82	9078013	-1057185
35	0	748	-1126	25	0	8	0	82	9027246	-1056114
35	0	748	-1126	25	0	8	0	82	8973676	-1054900
35	0	748	-1126	25	0	8	0	82	8920042	-1053684
35	0	751	-1184	20	0	8	0	82	8866476	-1052470
35	0	751	-1184	20	0	8	0	82	8810247	-1051477
35	0	751	-1184	20	0	8	0	82	8753972	-1050484
35	0	749	-1233	21	0	8	0	83	8697381	-1049485
35	0	749	-1233	21	0	8	0	83	8638757	-1048476
35	0	749	-1233	21	0	8	0	83	8580174	-1047468
35	0	747	-1282	18	0	8	0	83	8521191	-1046453
35	0	747	-1282	18	0	8	0	83	8462922	-1045611
35	0	747	-1282	18	0	8	0	83	8401917	-1044729
35	0	747	-1282	18	0	8	0	83	8340842	-1043847
35	0	745	-1331	13	0	8	0	83	8280394	-1042973
35	0	745	-1331	13	0	8	0	83	8216361	-1042308
35	0	742	-1379	11	0	8	0	83	8154083	-1041662
35	0	742	-1379	11	0	8	0	83	8087633	-1041126
35	0	742	-1379	11	0	8	0	83	8021616	-1040594
35	0	742	-1379	11	0	8	0	83	7955937	-1040065
35	0	739	-1424	7	0	8	0	83	7890475	-1039537
35	0	739	-1424	7	0	8	0	83	7822346	-1039155
35	0	739	-1424	7	0	8	0	83	7754488	-1038775
35	0	737	-1464	3	0	8	0	83	7686745	-1038396
35	0	737	-1464	3	0	8	0	83	7617070	-1038206
35	0	737	-1464	3	0	8	0	83	7547338	-1038016
35	0	733	-1503	-1	0	8	0	83	7477669	-1037826
35	0	733	-1503	-1	0	8	0	83	7406083	-1037885
35	0	733	-1503	-1	0	8	0	83	7334393	-1037944
35	0	732	-1539	-8	0	8	0	83	7262997	-1038003
35	0	732	-1539	-8	0	8	0	83	7189801	-1038410
35	0	732	-1539	-8	0	8	0	83	7116408	-1038819
35	0	732	-1793	-100	0	8	0	83	7043079	-1039227
35	0	732	-1793	-100	0	8	0	83	6957733	-1044012
35	0	732	-1793	-100	0	8	0	83	6872411	-1048797
35	0	729	-2038	-209	0	8	0	83	6787023	-1053585
35	0	729	-2038	-209	0	8	0	83	6689941	-1063555
35	0	729	-2038	-209	0	8	0	83	6593080	-1073502
35	0	726	-2072	-212	0	8	0	83	6495925	-1083479
35	0	726	-2072	-212	0	8	0	83	6397334	-1093578
35	0	726	-2072	-212	0	8	0	83	6298751	-1103676
35	0	723	-2091	-205	0	8	0	83	6200160	-1113775
35	0	723	-2091	-205	0	8	0	83	6100666	-1123551
35	0	723	-2091	-205	0	8	0	83	6000994	-1133344
35	0	723	-2091	-205	0	8	0	83	5901477	-1143121
35	0	721	-2113	-197	0	8	0	83	5801983	-1152897
35	0	721	-2113	-197	0	8	0	83	5701782	-1162274
35	0	721	-2113	-197	0	8	0	83	5605807	-1171256
35	0	720	-2621	-289	0	8	0	83	5500417	-1181120
35	0	720	-2621	-289	0	8	0	83	5374710	-1195016
35	0	715	-2829	-247	0	8	0	83	5250236	-1208776
35	0	715	-2829	-247	0	8	0	83	5115464	-1220581
35	0	715	-2829	-247	0	8	0	83	4980687	-1232387
35	0	715	-2829	-247	0	8	0	83	4846189	-1244169
35	0	712	-2789	-196	0	9	0	83	4712122	-1255913
35	0	712	-2789	-196	0	9	0	83	4580977	-1265147
35	0	712	-2789	-196	0	9	0	83	4456683	-1273899
35	0	710	-2792	-189	0	9	0	83	4325972	-1283102
35	0	710	-2792	-189	0	9	0	83	4187484	-1292488
35	0	710	-2792	-189	0	9	0	83	4049850	-1301816
35	0	708	-2794	-186	0	9	0	83	3919301	-1310663
35	0	708	-2794	-186	0	9	0	83	3776319	-1320203
35	0	708	-2794	-186	0	9	0	83	3641319	-1329211
35	0	707	-2795	-178	0	9	0	83	3507960	-1338109
35	0	707	-2795	-178	0	9	0	83	3374672	-1346602
35	0	707	-2795	-178	0	9	0	83	3241874	-1355064
35	0	707	-2795	-178	0	9	0	83	3126232	-1362432
35	0	707	-2791	-168	0	9	0	83	2994496	-1370826
35	0	707	-2791	-168	0	9	0	83	2884901	-1377436
35	0	709	-2786	-154	0	8	0	84	2766701	-1384565
35	0	709	-2786	-154	0	8	0	84	2631917	-1392037
35	0	709	-2786	-154	0	8	0	84	2503344	-1399165
35	0	711	-2771	-142	0	7	0	84	2365616	-1406799
35	0	711	-2771	-142	0	7	0	84	2239898	-1413259
35	0	708	-2722	-132	0	4	0	84	2107605	-1420056
35	0	708	-2722	-132	0	4	0	84	2018460	-1424402
35	0	708	-2722	-132	0	4	0	84	1885791	-1430869
35	0	708	-2722	-132	0	4	0	84	1756767	-1437160
35	0	705	-2648	-115	0	1	0	84	1625965	-1443536
35	0	705	-2648	-115	0	1	0	84	1504875	-1448810
35	0	705	-2648	-115	0	1	0	84	1374064	-1454506
35	0	705	-2530	-90	0	-1	0	84	1253795	-1459744
35	0	705	-2530	-90	0	-1	0	84	1168917	-1462794
35	0	705	-2530	-90	0	-1	0	84	1043237	-1467310
35	0	705	-2462	-141	0	-3	0	83	923163	-1471625
35	0	705	-2462	-141	0	-3	0	83	806769	-1478316
35	0	705	-2462	-141	0	-3	0	83	688860	-1485093
35	0	707	-2317	-122	0	-6	0	84	570614	-1491890
35	0	707	-2317	-122	0	-6	0	84	493427	-1495972
35	0	699	-2148	-107	0	-8	0	84	385172	-1501696
35	0	699	-2148	-107	0	-8	0	84	276071	-1507171
35	0	699	-2148	-107	0	-8	0	84	179201	-1512033
35	0	679	-1979	-92	0	-7	0	84	77521	-1517136
35	0	679	-1979	-92	0	-7	0	84	-16759	-1521530
35	0	679	-1979	-92	0	-7	0	84	-85143	-1524717
35	0	680	-1816	-72	0	-7	1	84	-180443	-1529159
35	0	680	-1816	-72	0	-7	1	84	-267027	-1532616
35	0	680	-1816	-72	0	-7	1	84	-353514	-1536069
35	0	684	-1648	-50	0	-8	1	84	-417347	-1538617
35	0	684	-1648	-50	0	-8	1	84	-495320	-1541016
35	0	684	-1648	-50	0	-8	1	84	-574692	-1543459
35	0	690	-1474	-28	0	-9	1	84	-654490	-1545914
35	0	690	-1474	-28	0	-9	1	84	-719535	-1547170
35	0	690	-1474	-28	0	-9	1	84	-789813	-1548526
35	0	699	-1308	-4	0	-8	2	84	-859404	-1549869
35	0	699	-1308	-4	0	-8	2	84	-903723	-1550035
35	0	699	-1308	-4	0	-8	2	84	-961441	-1550251
35	0	710	-1160	38	0	-7	4	84	-1026689	-1550495
35	0	710	-1160	38	0	-7	4	84	-1081239	-1548683
35	0	710	-1160	38	0	-7	4	84	-1135236	-1546889
35	0	728	-1036	110	0	-5	6	84	-1192500	-1544987
35	0	728	-1036	110	0	-5	6	84	-1232915	-1540677
35	0	728	-1036	110	0	-5	6	84	-1283972	-1535231
35	0	742	-1065	196	0	-3	8	84	-1333317	-1529969
35	0	742	-1065	196	0	-3	8	84	-1382910	-1520846
35	0	742	-1065	196	0	-3	8	84	-1434368	-1511380
35	0	760	-1052	282	0	-1	9	85	-1480600	-1502875
35	0	760	-1052	282	0	-1	9	85	-1531227	-1489271
35	0	760	-1052	282	0	-1	9	85	-1564339	-1480374
35	0	774	-1033	357	0	0	9	85	-1616877	-1466256
35	0	774	-1033	357	0	0	9	85	-1648594	-1455296
35	0	792	-1011	377	0	0	8	84	-1697522	-1438389
35	0	792	-1011	377	0	0	8	84	-1729530	-1426440
35	0	792	-1011	377	0	0	8	84	-1778135	-1408296
35	0	807	-900	360	0	1	7	84	-1826341	-1390300
35	0	807	-900	360	0	1	7	84	-1869019	-1373205
35	0	811	-861	365	0	3	4	84	-1911080	-1356356
35	0	811	-861	365	0	3	4	84	-1939119	-1344461
35	0	811	-861	365	0	3	4	84	-1982408	-1326096
35	0	814	-861	365	0	5	2	84	-2023598	-1308621
35	0	814	-861	365	0	5	2	84	-2064683	-1291214
35	0	814	-861	365	0	5	2	84	-2105839	-1273777
35	0	816	-956	430	0	5	0	84	-2147024	-1256328
35	0	816	-956	430	0	5	0	84	-2191838	-1236163
35	0	816	-956	430	0	5	0	84	-2227289	-1220211
35	0	818	-1023	452	0	4	0	84	-2272597	-1199823
35	0	818	-1023	452	0	4	0	84	-2322436	-1177804
35	0	818	-1023	452	0	4	0	84	-2371009	-1156345
35	0	816	-1109	491	0	3	0	84	-2419627	-1134866
35	0	816	-1109	491	0	3	0	84	-2458866	-1117479
35	0	816	-1109	491	0	3	0	84	-2512252	-1093825
35	0	812	-1047	497	0	2	1	84	-2565084	-1070415
35	0	812	-1047	497	0	2	1	84	-2614653	-1046876
35	0	812	-1047	497	0	2	1	84	-2657991	-1026296
35	0	809	-974	509	0	1	3	84	-2695848	-1008319
35	0	809	-974	509	0	1	3	84	-2744273	-983022
35	0	809	-974	509	0	1	3	84	-2790733	-958752
35	0	811	-869	512	0	1	3	84	-2834613	-935829
35	0	811	-869	512	0	1	3	84	-2871822	-913907
35	0	814	-810	513	0	0	2	84	-2897612	-898713
35	0	814	-810	513	0	0	2	84	-2937024	-873745
35	0	814	-810	513	0	0	2	84	-2975631	-849286
35	0	814	-810	513	0	0	2	84	-3013923	-825028
35	0	823	-762	506	0	0	1	83	-3054070	-799594
35	0	823	-762	506	0	0	1	83	-3090902	-775163
35	0	812	-751	519	0	-1	0	83	-3127081	-751166
35	0	812	-751	519	0	-1	0	83	-3166503	-723914
35	0	812	-751	519	0	-1	0	83	-3192016	-706277
35	0	817	-706	519	0	-2	0	83	-3228794	-680853
35	0	817	-706	519	0	-2	0	83	-3259800	-658049
35	0	817	-706	519	0	-2	0	83	-3294845	-632274
35	0	814	-637	507	0	-3	-1	83	-3328412	-607587
35	0	814	-637	507	0	-3	-1	83	-3358776	-583422
35	0	814	-637	507	0	-3	-1	83	-3378029	-568101
35	0	811	-570	448	0	-3	-3	83	-3407979	-544266
35	0	811	-570	448	0	-3	-3	83	-3435653	-522547
35	0	811	-570	448	0	-3	-3	83	-3462829	-501219
35	0	810	-447	249	0	-3	-4	83	-3490050	-479855
35	0	810	-447	249	0	-3	-4	83	-3510766	-468310
35	0	810	-447	249	0	-3	-4	83	-3525451	-460125
35	0	823	-342	219	0	0	-3	83	-3547194	-448007
35	0	823	-342	219	0	0	-3	83	-3564071	-437184
35	0	823	-342	219	0	0	-3	83	-3580225	-426825
35	0	819	-377	274	0	2	-3	83	-3594830	-417460
35	0	819	-377	274	0	2	-3	83	-3606362	-409079
35	0	817	-424	413	0	6	-2	83	-3624563	-395849
35	0	817	-424	413	0	6	-2	83	-3642901	-377999
35	0	817	-424	413	0	6	-2	83	-3663897	-357562
35	0	812	-517	451	0	9	-1	83	-3685677	-336361
35	0	812	-517	451	0	9	-1	83	-3710451	-314764
35	0	812	-517	451	0	9	-1	83	-3729044	-298556
35	0	806	-669	415	0	9	-1	83	-3754702	-276189
35	0	806	-669	415	0	9	-1	83	-3786523	-256460
35	0	806	-669	415	0	9	-1	83	-3818223	-236806
35	0	799	-793	342	0	8	-1	83	-3848493	-218039
35	0	799	-793	342	0	8	-1	83	-3874669	-206752
35	0	799	-793	342	0	8	-1	83	-3914158	-189724
35	0	794	-865	273	0	6	-1	83	-3952944	-172999
35	0	794	-865	273	0	6	-1	83	-3991241	-160903
35	0	794	-865	273	0	6	-1	83	-4032392	-147906
35	0	789	-888	167	0	4	0	83	-4065558	-137430
35	0	789	-888	167	0	4	0	83	-4094642	-131947
35	0	786	-851	184	0	3	1	83	-4124305	-126354
35	0	786	-851	184	0	3	1	83	-4165050	-117535
35	0	786	-851	184	0	3	1	83	-4200897	-109775
34	0	784	-839	281	0	2	3	83	-4241472	-100992
34	0	784	-839	281	0	2	3	83	-4270271	-91347
34	0	784	-839	281	0	2	3	83	-4310659	-77822
34	0	783	-1023	239	0	1	4	83	-4348600	-65115
34	0	783	-1023	239	0	1	4	83	-4396293	-53972
34	0	781	-1019	267	0	0	4	83	-4447157	-42087
34	0	781	-1019	267	0	0	4	83	-4476728	-34318
34	0	781	-1019	267	0	0	4	83	-4521090	-22663
34	0	781	-999	332	0	-1	3	83	-4570733	-9620
34	0	781	-999	332	0	-1	3	83	-4618454	6246
34	0	781	-999	332	0	-1	3	83	-4666059	22074
34	0	782	-911	373	0	-2	3	83	-4713636	37894
34	0	782	-911	373	0	-2	3	83	-4744769	50669
34	0	782	-911	373	0	-2	3	83	-4788530	68627
34	0	783	-840	457	0	-2	5	83	-4830197	85726
34	0	783	-840	457	0	-2	5	83	-4871488	108206
34	0	783	-840	457	0	-2	5	83	-4911984	130253
34	0	767	-777	521	0	-1	6	83	-4952142	152116
34	0	767	-777	521	0	-1	6	83	-4982128	172221
34	0	767	-777	521	0	-1	6	83	-5022496	199288
34	0	746	-427	402	0	-1	5	83	-5059869	224347
34	0	746	-427	402	0	-1	5	83	-5080209	243533
34	0	746	-427	402	0	-1	5	83	-5100489	262663
34	0	754	-266	376	0	-1	4	83	-5114471	275853
34	0	754	-266	376	0	-1	4	83	-5127622	294476
34	0	754	-266	376	0	-1	4	83	-5141336	313899
34	0	752	-205	385	0	-1	3	83	-5149916	326049
34	0	752	-205	385	0	-1	3	83	-5157632	340527
34	0	745	-175	399	0	-1	2	83	-5167283	358635
34	0	745	-175	399	0	-1	2	83	-5175129	376509
34	0	745	-175	399	0	-1	2	83	-5180855	389553
34	0	742	-144	394	0	-1	0	83	-5189672	409639
34	0	742	-144	394	0	-1	0	83	-5196619	428535
34	0	742	-144	394	0	-1	0	83	-5203149	446296
34	0	738	-136	377	0	1	0	83	-5210376	465951
34	0	738	-136	377	0	1	0	83	-5216895	483999
34	0	738	-136	377	0	1	0	83	-5223315	501774
34	0	737	-161	355	0	3	0	83	-5227956	514621
34	0	737	-161	355	0	3	0	83	-5235718	531678
34	0	737	-161	355	0	3	0	83	-5243420	548605
34	0	736	-196	328	0	3	0	83	-5251133	565556
34	0	736	-196	328	0	3	0	83	-5260768	581692
34	0	738	-228	295	0	3	-1	83	-5270084	597293
34	0	738	-228	295	0	3	-1	83	-5276676	605809
34	0	738	-228	295	0	3	-1	83	-5287977	620407
34	0	740	-255	257	0	3	-2	83	-5298883	634496
34	0	740	-255	257	0	3	-2	83	-5311024	646764
34	0	740	-255	257	0	3	-2	83	-5322973	658839
34	0	742	-279	217	0	3	-2	83	-5329716	665654
34	0	742	-279	217	0	3	-2	83	-5343162	676102
34	0	746	-315	180	0	4	-2	83	-5355138	685408
34	0	746	-315	180	0	4	-2	83	-5363942	690438
34	0	746	-315	180	0	4	-2	83	-5379794	699496
34	0	748	-364	142	0	5	-2	83	-5394467	707879
34	0	748	-364	142	0	5	-2	83	-5411529	714555
34	0	748	-364	142	0	5	-2	83	-5429621	721635
34	0	754	-405	111	0	4	-1	83	-5447025	728446
34	0	754	-405	111	0	4	-1	83	-5460823	732249
34	0	754	-405	111	0	4	-1	83	-5480439	737654
34	0	756	-432	83	0	3	-1	83	-5499833	742999
34	0	756	-432	83	0	3	-1	83	-5516122	746158
34	0	756	-432	83	0	3	-1	83	-5536823	750173
34	0	756	-440	63	0	1	-1	83	-5557162	754118
34	0	756	-440	63	0	1	-1	83	-5571714	756204
34	0	754	-433	42	0	0	-1	83	-5592143	759133
34	0	754	-433	42	0	0	-1	83	-5604836	760373
34	0	754	-433	42	0	0	-1	83	-5625507	762393
34	0	765	-417	7	0	0	-3	83	-5642204	764025
34	0	765	-417	7	0	0	-3	83	-5659939	764349
34	0	761	-398	-24	0	0	-2	83	-5673590	764599
34	0	761	-398	-24	0	0	-2	83	-5690142	763563
34	0	761	-398	-24	0	0	-2	83	-5705794	762583
34	0	758	-386	-44	0	0	-1	83	-5725472	761351
34	0	758	-386	-44	0	0	-1	83	-5743587	759265
34	0	758	-386	-44	0	0	-1	83	-5755677	757873
34	0	757	-397	-55	0	3	0	83	-5768447	756403
34	0	757	-397	-55	0	3	0	83	-5788315	753629
34	0	757	-445	-56	0	6	0	83	-5804460	751375
34	0	757	-445	-56	0	6	0	83	-5818682	749580
34	0	757	-445	-56	0	6	0	83	-5833150	747754
34	0	754	-623	-37	0	10	1	83	-5850436	745573
34	0	754	-623	-37	0	10	1	83	-5859444	745032
34	0	752	-717	-12	0	9	2	83	-5868725	744475
34	0	749	-786	13	0	7	2	83	-5883155	744228
34	0	749	-786	13	0	7	2	83	-5913894	744755
34	0	745	-823	40	0	4	2	83	-5936945	745151
34	0	745	-823	40	0	4	2	83	-5976469	747087
34	0	745	-823	40	0	4	2	83	-6015546	749001
34	0	735	-791	89	0	-2	2	83	-6052893	750830
34	0	735	-791	89	0	-2	2	83	-6062032	751858
34	0	727	-729	111	0	-4	2	83	-6092449	755280
34	0	727	-729	111	0	-4	2	83	-6119076	759337
34	0	727	-729	111	0	-4	2	83	-6153455	764576
34	0	727	-729	111	0	-4	2	83	-6185525	769462
34	0	723	-654	149	0	-4	4	83	-6221161	774892
34	0	723	-654	149	0	-4	4	83	-6253184	782207
34	0	723	-654	149	0	-4	4	83	-6283890	789221
34	0	721	-583	212	0	-3	6	83	-6315313	796398
34	0	721	-583	212	0	-3	6	83	-6343073	806497
34	0	722	-529	299	0	-2	8	83	-6359876	812610
34	0	722	-529	299	0	-2	8	83	-6385171	826929
34	0	722	-529	299	0	-2	8	83	-6410998	841549
34	0	724	-487	378	0	-2	7	83	-6436082	855748
34	0	724	-487	378	0	-2	7	83	-6458687	873273
34	0	724	-487	378	0	-2	7	83	-6482950	892085
34	0	725	-450	437	0	-2	6	83	-6494131	900754
34	0	725	-450	437	0	-2	6	83	-6517160	923124
34	0	729	-410	481	0	-2	4	83	-6536040	941464
34	0	729	-410	481	0	-2	4	83	-6555133	963820
34	0	729	-410	481	0	-2	4	83	-6575164	987275
34	0	729	-410	481	0	-2	4	83	-6594765	1010227
34	0	728	-378	501	0	-2	2	83	-6613633	1032320
34	0	728	-346	499	0	-1	0	83	-6619341	1039876
34	0	728	-346	499	0	-1	0	83	-6636818	1065048
34	0	728	-346	499	0	-1	0	83	-6653364	1088880
34	0	729	-318	473	0	-1	-1	83	-6669840	1112610
34	0	729	-318	473	0	-1	-1	83	-6684877	1134941
34	0	729	-318	473	0	-1	-1	83	-6699802	1157106
34	0	724	-292	423	0	-1	-3	83	-6715189	1179957
34	0	724	-292	423	0	-1	-3	83	-6728894	1199824
34	0	725	-267	356	0	-1	-5	83	-6734375	1207770
34	0	723	-236	284	0	-2	-5	83	-6741066	1216685
34	0	723	-236	284	0	-2	-5	83	-6746973	1223795
34	0	723	-236	284	0	-2	-5	83	-6758725	1237942
34	0	727	108	-24	0	-2	-4	83	-6770506	1252124
34	0	727	108	-24	0	-2	-4	83	-6765441	1250999
34	0	727	108	-24	0	-2	-4	83	-6760207	1249836
34	0	723	217	-111	0	-1	-1	83	-6755114	1248704
34	0	723	217	-111	0	-1	-1	83	-6745131	1243595
34	0	719	223	-101	0	0	2	83	-6734769	1238293
34	0	719	223	-101	0	0	2	83	-6726283	1234450
34	0	719	223	-101	0	0	2	83	-6715461	1229549
34	0	717	221	-47	0	0	5	83	-6708743	1226506
34	0	717	221	-47	0	0	5	83	-6698343	1224268
34	0	717	221	-47	0	0	5	83	-6687507	1221936
34	0	716	195	22	0	2	5	84	-6676977	1219670
34	0	716	195	22	0	2	5	84	-6667678	1220719
34	0	714	152	85	0	3	4	84	-6658303	1221778
34	0	714	152	85	0	3	4	84	-6656165	1222975
34	0	715	294	28	0	4	2	84	-6648578	1227225
34	0	715	294	28	0	4	2	84	-6634001	1228640
34	0	715	294	28	0	4	2	84	-6620026	1229997
34	0	717	283	-61	0	5	0	84	-6606251	1231334
34	0	717	283	-61	0	5	0	84	-6594615	1228805
34	0	717	283	-61	0	5	0	84	-6580921	1225829
34	0	722	200	-78	0	6	0	84	-6567216	1222850
34	0	722	200	-78	0	6	0	84	-6557682	1219116
34	0	722	200	-78	0	6	0	84	-6548143	1215381
34	0	727	123	-74	0	6	0	84	-6538544	1211622
34	0	727	123	-74	0	6	0	84	-6532662	1208094
34	0	727	123	-74	0	6	0	84	-6526741	1204543
34	0	727	123	-74	0	6	0	84	-6520894	1201036
34	0	732	57	-63	0	5	0	84	-6515381	1197730
34	0	732	57	-63	0	5	0	84	-6512470	1194484
34	0	738	6	-53	0	4	0	84	-6509703	1191400
34	0	738	6	-53	0	4	0	84	-6509423	1189054
34	0	738	6	-53	0	4	0	84	-6509113	1186452
34	0	738	6	-53	0	4	0	84	-6508810	1183915
34	0	743	-28	-39	0	2	1	84	-6508509	1181396
34	0	743	-28	-39	0	2	1	84	-6509892	1179500
34	0	743	-28	-39	0	2	1	84	-6511260	1177626
34	0	748	4	-16	0	2	1	84	-6512649	1175722
34	0	748	4	-16	0	2	1	84	-6512459	1174946
34	0	748	4	-16	0	2	1	84	-6512290	1174257
34	0	750	40	12	0	3	2	84	-6512093	1173450
34	0	750	40	12	0	3	2	84	-6510347	1174004
34	0	750	40	12	0	3	2	84	-6508221	1174680
34	0	753	28	41	0	4	2	84	-6506303	1175289
34	0	753	28	41	0	4	2	84	-6504956	1177285
34	0	753	28	41	0	4	2	84	-6503581	1179324
34	0	757	-35	57	0	6	1	84	-6502250	1181297
34	0	757	-35	57	0	6	1	84	-6503950	1184041
34	0	761	-120	68	0	8	1	84	-6505654	1186792
34	0	761	-120	68	0	8	1	84	-6510647	1189621
34	0	761	-120	68	0	8	1	84	-6516384	1192872
34	0	761	-120	68	0	8	1	84	-6522010	1196060
34	0	765	-217	75	0	9	0	83	-6527912	1199405
34	0	765	-217	75	0	9	0	83	-6538148	1202943
34	0	765	-217	75	0	9	0	83	-6548646	1206572
34	0	766	-318	77	0	10	0	83	-6559005	1210153
34	0	766	-318	77	0	10	0	83	-6574191	1213826
34	0	766	-318	77	0	10	0	83	-6589314	1217483
34	0	763	-412	73	0	8	0	83	-6601313	1220385
34	0	763	-412	73	0	8	0	83	-6621586	1224013
34	0	763	-412	73	0	8	0	83	-6641139	1227512
34	0	752	-464	68	0	5	0	83	-6660837	1231037
34	0	752	-464	68	0	5	0	83	-6682880	1234268
34	0	752	-464	68	0	5	0	83	-6704955	1237504
34	0	737	-477	43	0	2	0	83	-6727090	1240748
34	0	737	-477	43	0	2	0	83	-6749777	1242826
34	0	737	-477	43	0	2	0	83	-6771224	1244791
34	0	728	-315	-62	0	0	3	83	-6794214	1246896
34	0	728	-315	-62	0	0	3	83	-6809198	1243923
34	0	728	-315	-62	0	0	3	83	-6824249	1240936
34	0	724	-287	-9	0	-1	5	83	-6839322	1237945
34	0	724	-287	-9	0	-1	5	83	-6852964	1237505
34	0	724	-287	-9	0	-1	5	83	-6866698	1237062
34	0	723	-243	52	0	-2	4	83	-6877089	1236727
34	0	723	-243	52	0	-2	4	83	-6888990	1239278
34	0	723	-243	52	0	-2	4	83	-6900132	1241667
34	0	725	-189	99	0	-3	3	83	-6912347	1244286
34	0	725	-189	99	0	-3	3	83	-6921372	1249044
34	0	725	-189	99	0	-3	3	83	-6930367	1253787
34	0	729	-129	134	0	-4	3	83	-6939435	1258568
34	0	729	-129	134	0	-4	3	83	-6945911	1265316
34	0	729	-129	134	0	-4	3	83	-6950280	1269870
34	0	736	-70	173	0	-3	4	83	-6956596	1276452
34	0	736	-70	173	0	-3	4	83	-6959963	1284711
34	0	736	-70	173	0	-3	4	83	-6963322	1292951
34	0	739	-26	217	0	-3	3	83	-6966705	1301251
34	0	739	-26	217	0	-3	3	83	-6967977	1311606
34	0	739	-26	217	0	-3	3	83	-6969208	1321634
34	0	740	0	221	0	-2	0	82	-6970141	1329230
34	0	740	0	221	0	-2	0	82	-6970163	1339927
34	0	740	0	221	0	-2	0	82	-6970186	1350471
34	0	719	10	223	0	-1	-3	82	-6970208	1361040
34	0	719	10	223	0	-1	-3	82	-6969685	1371737
34	0	719	10	223	0	-1	-3	82	-6969330	1378998
34	0	683	24	202	0	0	-4	82	-6968790	1390043
34	0	683	24	202	0	0	-4	82	-6967640	1399707
34	0	683	24	202	0	0	-4	82	-6966497	1409317
34	0	697	33	123	0	0	-4	82	-6965356	1418911
34	0	697	33	123	0	0	-4	82	-6963742	1424796
34	0	662	38	63	0	0	0	82	-6962128	1430685
34	0	662	38	63	0	0	0	82	-6960633	1433151
34	0	662	38	63	0	0	0	82	-6958811	1436156
34	0	662	38	63	0	0	0	82	-6956933	1439252
34	0	629	76	77	0	0	3	83	-6955110	1442260
34	0	629	76	77	0	0	3	83	-6951482	1445928
34	0	629	76	77	0	0	3	83	-6947872	1449577
34	0	583	72	81	0	0	6	83	-6944205	1453285
34	0	583	72	81	0	0	6	83	-6941611	1456212
34	0	583	72	81	0	0	6	83	-6938023	1460263
34	0	543	69	134	0	0	8	83	-6934543	1464191
34	0	543	69	134	0	0	8	83	-6931247	1470606
34	0	543	69	134	0	0	8	83	-6927962	1476999
34	0	501	69	246	0	0	6	83	-6924645	1483454
34	0	501	69	246	0	0	6	83	-6922009	1492822
34	0	501	69	246	0	0	6	83	-6918643	1504786
34	0	448	66	329	0	1	1	83	-6915346	1516503
34	0	448	66	329	0	1	1	83	-6912036	1532832
34	0	448	66	329	0	1	1	83	-6908764	1548973
34	0	397	59	354	0	1	-1	82	-6905631	1564432
34	0	397	59	354	0	1	-1	82	-6902751	1581702
34	0	350	47	300	0	1	1	83	-6899941	1598559
34	0	350	47	300	0	1	1	83	-6898119	1610157
34	0	350	47	300	0	1	1	83	-6895858	1624552
34	0	350	47	300	0	1	1	83	-6893719	1638168
34	0	303	33	270	0	1	6	83	-6891367	1653147
34	0	303	33	270	0	1	6	83	-6889798	1665633
34	0	303	33	270	0	1	6	83	-6888138	1678846
34	0	273	13	341	0	1	7	83	-6886531	1691639
34	0	273	13	341	0	1	7	83	-6886026	1704673
34	0	273	13	341	0	1	7	83	-6885391	1721086
34	0	237	-13	421	0	1	4	82	-6884827	1735648
34	0	237	-13	421	0	1	4	82	-6885528	1758122
34	0	237	-13	421	0	1	4	82	-6886150	1778059
34	0	228	-38	478	0	1	0	82	-6886784	1798383
34	0	228	-38	478	0	1	0	82	-6888571	1820825
34	0	228	-38	478	0	1	0	82	-6889897	1837468
34	0	0	0	0	0	1	-2	82	-6891725	1860425
34	0	0	0	0	0	1	-2	82	-6891725	1860425
34	0	0	0	0	0	1	-2	82	-6891725	1860425
34	0	0	0	0	0	1	1	82	-6891725	1860425
34	0	0	0	0	0	1	1	82	-6891725	1860425
34	0	0	0	0	0	1	1	82	-6891725	1860425
34	0	0	0	0	0	1	1	82	-6891725	1860425
34	0	0	0	0	0	1	1	82	-6891725	1860425
34	0	0	0	0	0	1	1	82	-6891725	1860425
34	0	0	0	0	0	1	1	82	-6891725	1860425
34	0	0	0	0	0	1	1	82	-6891725	1860425
34	0	0	0	0	0	1	1	82	-6891725	1860425
34	0	0	0	0	0	1	1	82	-6891725	1860425
34	0	0	0	0	0	1	1	82	-6891725	1860425
34	0	0	0	0	0	1	1	82	-6891725	1860425
34	0	0	0	0	0	1	1	82	-6891725	1860425
34	0	0	0	0	0	1	1	82	-6891725	1860425
34	0	0	0	0	0	1	1	82	-6891725	1860425
34	0	0	0	0	0	1	1	82	-6891725	1860425
34	0	0	0	0	0	1	1	82	-6891725	1860425
34	0	0	0	0	0	1	1	82	-6891725	1860425
34	0	0	0	0	0	1	1	82	-6891725	1860425
34	0	0	0	0	0	1	1	82	-6891725	1860425
34	0	0	0	0	0	1	1	82	-6891725	1860425
34	0	0	0	0	0	1	1	82	-6891725	1860425
34	0	0	0	0	0	1	1	82	-6891725	1860425
34	0	0	0	0	0	1	1	82	-6891725	1860425
34	0	0	0	0	0	1	1	82	-6891725	1860425
34	0	0	0	0	0	1	1	82	-6891725	1860425
34	0	0	0	0	0	1	1	82	-6891725	1860425
34	0	0	0	0	0	1	1	82	-6891725	1860425
34	0	0	0	0	0	1	1	82	-6891725	1860425
34	0	0	0	0	0	1	1	82	-6891725	1860425
34	0	0	0	0	0	1	1	82	-6891725	1860425
34	0	0	0	0	0	1	1	82	-6891725	1860425
34	0	0	0	0	0	1	1	82	-6891725	1860425
34	0	0	0	0	0	1	1	82	-6891725	1860425
34	0	0	0	0	0	1	1	82	-6891725	1860425
34	0	0	0	0	0	1	1	82	-6891725	1860425
34	0	0	0	0	0	1	1	82	-6891725	1860425
34	0	0	0	0	0	1	1	82	-6891725	1860425
34	0	0	0	0	0	1	1	82	-6891725	1860425
34	0	0	0	0	0	0	1	82	-6891725	1860425
34	0	0	0	0	0	0	1	82	-6891725	1860425
34	0	0	0	0	0	0	1	82	-6891725	1860425
34	0	0	0	0	0	0	1	82	-6891725	1860425
34	0	0	0	0	0	0	1	82	-6891725	1860425
34	0	0	0	0	0	0	1	82	-6891725	1860425
34	0	0	0	0	0	0	1	82	-6891725	1860425
34	0	0	0	0	0	0	1	82	-6891725	1860425
34	0	0	0	0	0	0	1	82	-6891725	1860425
34	0	0	0	0	0	0	1	82	-6891725	1860425
34	0	0	0	0	0	0	1	82	-6891725	1860425
34	0	0	0	0	0	0	0	82	-6891725	1860425
34	0	0	0	0	0	0	0	82	-6891725	1860425
34	0	0	0	0	0	0	0	82	-6891725	1860425
34	0	0	0	0	0	0	0	82	-6891725	1860425
34	0	0	0	0	0	0	0	82	-6891725	1860425
34	0	0	0	0	0	0	0	82	-6891725	1860425
34	0	0	0	0	0	0	0	82	-6891725	1860425
34	0	0	0	0	0	0	0	82	-6891725	1860425
34	0	0	0	0	0	0	0	82	-6891725	1860425
34	0	0	0	0	0	0	0	82	-6891725	1860425
34	0	0	0	0	0	0	0	82	-6891725	1860425
34	0	0	0	0	0	0	0	82	-6891725	1860425
34	0	0	0	0	0	0	0	82	-6891725	1860425
34	0	0	0	0	0	0	0	82	-6891725	1860425
34	0	0	0	0	0	0	0	82	-6891725	1860425
34	0	0	0	0	0	0	0	82	-6891725	1860425
34	0	0	0	0	0	0	0	82	-6891725	1860425
34	0	0	0	0	0	0	0	82	-6891725	1860425
34	0	0	0	0	0	0	0	82	-6891725	1860425
34	0	0	0	0	0	0	0	82	-6891725	1860425
34	0	0	0	0	0	0	0	82	-6891725	1860425
34	0	0	0	0	0	0	0	82	-6891725	1860425
34	0	0	0	0	0	0	0	82	-6891725	1860425
34	0	0	0	0	0	0	0	82	-6891725	1860425
34	0	0	0	0	0	0	0	82	-6891725	1860425
34	0	0	0	0	0	0	0	82	-6891725	1860425
34	0	0	0	0	0	0	0	82	-6891725	1860425
34	0	0	0	0	0	0	0	82	-6891725	1860425
34	0	0	0	0	0	0	0	82	-6891725	1860425
34	0	0	0	0	0	0	0	82	-6891725	1860425
34	0	0	0	0	0	0	0	82	-6891725	1860425
34	0	0	0	0	0	0	0	82	-6891725	1860425
34	0	0	0	0	0	0	0	82	-6891725	1860425
34	0	0	0	0	0	0	0	82	-6891725	1860425
34	0	0	0	0	0	0	0	82	-6891725	1860425
34	0	0	0	0	0	0	0	82	-6891725	1860425
34	0	0	0	0	0	0	0	82	-6891725	1860425
34	0	0	0	0	0	0	0	82	-6891725	1860425
34	0	0	0	0	0	0	0	82	-6891725	1860425
34	0	0	0	0	0	0	0	82	-6891725	1860425
34	0	0	0	0	0	0	0	82	-6891725	1860425
34	0	0	0	0	0	0	0	82	-6891725	1860425
34	0	0	0	0	0	0	0	82	-6891725	1860425
34	0	0	0	0	0	0	0	82	-6891725	1860425
34	0	0	0	0	0	0	0	82	-6891725	1860425
34	0	0	0	0	0	0	0	82	-6891725	1860425
34	0	0	0	0	0	0	0	82	-6891725	1860425
34	0	0	0	0	0	0	0	82	-6891725	1860425
34	0	0	0	0	0	0	0	82	-6891725	1860425
34	0	0	0	0	0	0	0	82	-6891725	1860425
34	0	0	0	0	0	0	0	82	-6891725	1860425
34	0	0	0	0	0	0	0	82	-6891725	1860425
34	0	0	0	0	0	0	0	82	-6891725	1860425
34	0	0	0	0	0	0	0	82	-6891725	1860425
34	0	0	0	0	0	0	0	82	-6891725	1860425
34	0	0	0	0	0	0	0	82	-6891725	1860425
34	0	0	0	0	0	0	0	82	-6891725	1860425
34	0	0	0	0	0	0	0	82	-6891725	1860425
34	0	0	0	0	0	0	0	82	-6891725	1860425
34	0	0	0	0	0	0	0	82	-6891725	1860425
34	0	0	0	0	0	0	0	82	-6891725	1860425
34	0	0	0	0	0	0	0	82	-6891725	1860425
34	0	0	0	0	0	0	0	82	-6891725	1860425
34	0	0	0	0	0	0	0	82	-6891725	1860425
34	0	0	0	0	0	0	0	82	-6891725	1860425
34	0	0	0	0	0	0	0	82	-6891725	1860425
34	0	0	0	0	0	0	0	82	-6891725	1860425
34	0	0	0	0	0	0	0	82	-6891725	1860425
34	0	0	0	0	0	0	0	82	-6891725	1860425
34	0	0	0	0	0	0	0	82	-6891725	1860425
34	0	0	0	0	0	0	0	82	-6891725	1860425
34	0	0	0	0	0	0	0	82	-6891725	1860425
34	0	0	0	0	0	0	0	82	-6891725	1860425
34	0	0	0	0	0	0	0	82	-6891725	1860425
34	0	0	0	0	0	0	0	82	-6891725	1860425
34	0	0	0	0	0	0	0	82	-6891725	1860425
34	0	0	0	0	0	0	0	82	-6891725	1860425
34	0	0	0	0	0	0	0	82	-6891725	1860425
34	0	0	0	0	0	0	0	82	-6891725	1860425
34	0	0	0	0	0	0	0	82	-6891725	1860425
34	0	0	0	0	0	0	0	82	-6891725	1860425
34	0	0	0	0	0	0	0	82	-6891725	1860425
34	0	0	0	0	0	0	0	82	-6891725	1860425
34	0	0	0	0	0	0	0	82	-6891725	1860425
34	0	0	0	0	0	0	0	82	-6891725	1860425
34	0	0	0	0	0	0	0	82	-6891725	1860425
34	0	0	0	0	0	0	0	82	-6891725	1860425
34	0	0	0	0	0	0	0	82	-6891725	1860425
34	0	0	0	0	0	0	0	82	-6891725	1860425
34	0	0	0	0	0	0	0	82	-6891725	1860425
34	0	0	0	0	0	0	0	82	-6891725	1860425
34	0	0	0	0	0	0	0	82	-6891725	1860425
34	0	0	0	0	0	0	0	82	-6891725	1860425
34	0	0	0	0	0	0	0	82	-6891725	1860425
34	0	0	0	0	0	0	0	82	-6891725	1860425
34	0	0	0	0	0	0	0	82	-6891725	1860425
34	0	0	0	0	0	0	0	82	-6891725	1860425
34	0	0	0	0	0	0	0	82	-6891725	1860425
34	0	0	0	0	0	0	0	82	-6891725	1860425
34	0	0	0	0	0	0	0	82	-6891725	1860425
34	0	0	0	0	0	0	0	82	-6891725	1860425
34	0	0	0	0	0	0	0	82	-6891725	1860425
34	0	0	0	0	0	0	0	82	-6891725	1860425
34	0	0	0	0	0	0	0	82	-6891725	1860425
34	0	0	0	0	0	0	0	82	-6891725	1860425
34	0	0	0	0	0	0	0	82	-6891725	1860425
34	0	0	0	0	0	0	0	82	-6891725	1860425
34	0	0	0	0	0	0	0	82	-6891725	1860425
34	0	0	0	0	0	0	0	82	-6891725	1860425
34	0	0	0	0	0	0	0	82	-6891725	1860425
34	0	0	0	0	0	0	0	82	-6891725	1860425
34	0	0	0	0	0	0	0	82	-6891725	1860425
34	0	0	0	0	0	0	0	82	-6891725	1860425
34	0	0	0	0	0	0	0	82	-6891725	1860425
34	0	0	0	0	0	0	0	82	-6891725	1860425
34	0	0	0	0	0	0	0	82	-6891725	1860425
34	0	0	0	0	0	0	0	82	-6891725	1860425
34	0	0	0	0	0	0	0	82	-6891725	1860425
34	0	0	0	0	0	0	0	82	-6891725	1860425
34	0	0	0	0	0	0	0	82	-6891725	1860425
34	0	0	0	0	0	0	0	82	-6891725	1860425
34	0	0	0	0	0	0	0	82	-6891725	1860425
34	0	0	0	0	0	0	0	82	-6891725	1860425
34	0	0	0	0	0	0	0	82	-6891725	1860425
34	0	0	0	0	0	0	0	82	-6891725	1860425
34	0	0	0	0	0	0	0	82	-6891725	1860425
34	0	0	0	0	0	0	0	82	-6891725	1860425
34	0	0	0	0	0	0	0	82	-6891725	1860425
34	0	0	0	0	0	0	0	82	-6891725	1860425
34	0	0	0	0	0	0	0	82	-6891725	1860425
34	0	0	0	0	0	0	0	82	-6891725	1860425
34	0	0	0	0	0	0	0	82	-6891725	1860425
34	0	0	0	0	0	0	0	82	-6891725	1860425
34	0	0	0	0	0	0	0	82	-6891725	1860425
34	0	0	0	0	0	0	0	82	-6891725	1860425
34	0	0	0	0	0	0	0	82	-6891725	1860425
34	0	0	0	0	0	0	0	82	-6891725	1860425
34	0	0	0	0	0	0	0	82	-6891725	1860425
34	0	0	0	0	0	0	0	82	-6891725	1860425
34	0	0	0	0	0	0	0	82	-6891725	1860425
34	0	0	0	0	0	0	0	82	-6891725	1860425
34	0	0	0	0	0	0	0	82	-6891725	1860425
34	0	0	0	0	0	0	0	82	-6891725	1860425
34	0	0	0	0	0	0	0	82	-6891725	1860425
34	0	0	0	0	0	0	0	82	-6891725	1860425
34	0	0	0	0	0	0	0	82	-6891725	1860425
34	0	0	0	0	0	0	0	82	-6891725	1860425
34	0	0	0	0	0	0	0	82	-6891725	1860425
34	0	0	0	0	0	0	0	82	-6891725	1860425
34	0	0	0	0	0	0	0	82	-6891725	1860425
34	0	0	0	0	0	0	0	82	-6891725	1860425
34	0	0	0	0	0	0	0	82	-6891725	1860425
34	0	0	0	0	0	0	0	82	-6891725	1860425
34	0	0	0	0	0	0	0	82	-6891725	1860425
34	0	0	0	0	0	0	0	82	-6891725	1860425
34	0	0	0	0	0	0	0	82	-6891725	1860425
34	0	0	0	0	0	0	0	82	-6891725	1860425
34	0	0	0	0	0	0	0	82	-6891725	1860425
34	0	0	0	0	0	0	0	82	-6891725	1860425
34	0	0	0	0	0	0	0	82	-6891725	1860425
34	0	0	0	0	0	0	0	82	-6891725	1860425
34	0	0	0	0	0	0	0	82	-6891725	1860425
34	0	0	0	0	0	0	0	82	-6891725	1860425
34	0	0	0	0	0	0	0	82	-6891725	1860425
