bat	flyst.	alt	vx	vy	vz	theta	phi	psi	px	py
0	0	0	0	0	0	0	0	0	0	0
0	0	0	0	0	0	0	0	0	0	0
0	0	0	0	0	0	0	0	0	0	0
0	0	0	0	0	0	0	0	0	0	0
0	0	0	0	0	0	0	0	0	0	0
0	0	0	0	0	0	0	0	0	0	0
0	0	0	0	0	0	0	0	0	0	0
0	0	0	0	0	0	0	0	0	0	0
0	0	0	0	0	0	0	0	0	0	0
0	0	0	0	0	0	0	0	0	0	0
0	0	0	0	0	0	0	0	0	0	0
0	0	0	0	0	0	0	0	0	0	0
0	0	0	0	0	0	0	0	0	0	0
0	0	0	0	0	0	0	0	0	0	0
0	0	0	0	0	0	0	0	0	0	0
0	0	0	0	0	0	0	0	0	0	0
0	0	0	0	0	0	0	0	0	0	0
0	0	0	0	0	0	0	0	0	0	0
0	0	0	0	0	0	0	0	0	0	0
54	0	0	0	0	0	0	0	0	0	0
54	0	0	0	0	0	0	0	0	0	0
54	0	0	0	0	0	0	0	0	0	0
54	0	0	0	0	0	0	0	0	0	0
54	0	0	0	0	0	0	0	0	0	0
54	0	0	0	0	0	0	0	0	0	0
54	0	0	0	0	0	0	0	0	0	0
54	0	0	0	0	0	0	0	0	0	0
54	0	0	0	0	0	0	0	0	0	0
54	0	0	0	0	0	0	0	0	0	0
54	0	0	0	0	0	0	0	0	0	0
54	0	0	0	0	0	0	0	0	0	0
54	0	0	0	0	0	0	0	0	0	0
54	0	0	0	0	0	0	0	0	0	0
54	0	0	0	0	0	0	0	0	0	0
54	0	0	0	0	0	0	0	0	0	0
54	0	0	0	0	0	0	0	0	0	0
54	0	0	0	0	0	0	0	0	0	0
54	0	0	0	0	0	0	0	0	0	0
54	0	0	0	0	0	0	0	0	0	0
54	0	0	0	0	0	0	0	0	0	0
54	0	0	0	0	0	0	0	0	0	0
54	0	0	0	0	0	0	0	0	0	0
54	0	0	0	0	0	0	0	0	0	0
54	0	0	0	0	0	0	0	0	0	0
54	0	0	0	0	0	0	0	0	0	0
54	0	0	0	0	0	0	0	0	0	0
54	0	0	0	0	0	0	0	0	0	0
54	0	0	0	0	0	0	0	0	0	0
54	0	0	0	0	0	0	0	0	0	0
54	0	0	0	0	0	0	0	0	0	0
54	0	0	0	0	0	0	0	0	0	0
54	0	0	0	0	0	0	0	0	0	0
54	0	0	0	0	0	0	0	0	0	0
54	0	0	0	0	0	0	0	0	0	0
54	0	0	0	0	0	0	0	0	0	0
54	0	0	0	0	0	0	0	0	0	0
54	0	0	0	0	0	0	0	0	0	0
54	0	0	0	0	0	0	0	0	0	0
54	0	0	0	0	0	0	0	0	0	0
54	0	0	0	0	0	0	0	0	0	0
54	0	0	0	0	0	0	0	0	0	0
54	0	0	0	0	0	0	0	0	0	0
54	0	0	0	0	0	0	0	0	0	0
54	0	0	0	0	0	0	0	0	0	0
54	0	0	0	0	0	0	0	0	0	0
54	0	0	0	0	0	0	0	0	0	0
54	0	0	0	0	0	0	0	0	0	0
54	0	0	0	0	0	0	0	0	0	0
54	0	0	0	0	0	0	0	0	0	0
54	0	0	0	0	0	0	0	0	0	0
54	0	0	0	0	0	0	0	0	0	0
54	0	0	0	0	0	0	0	0	0	0
54	0	0	0	0	0	0	0	0	0	0
54	0	0	0	0	0	0	0	0	0	0
54	0	0	0	0	0	0	0	0	0	0
54	0	0	0	0	0	0	0	0	0	0
54	0	0	0	0	0	0	0	0	0	0
54	0	0	0	0	0	0	0	0	0	0
54	0	0	0	0	0	0	0	0	0	0
54	0	0	0	0	0	0	0	0	0	0
54	0	0	0	0	0	0	0	0	0	0
54	0	0	0	0	0	0	0	0	0	0
54	0	0	0	0	0	0	0	0	0	0
54	0	0	0	0	0	0	0	0	0	0
54	0	0	0	0	0	0	0	0	0	0
54	0	0	0	0	0	0	0	0	0	0
54	0	0	0	0	0	0	0	0	0	0
54	0	0	0	0	0	0	0	0	0	0
54	0	0	0	0	0	0	0	0	0	0
54	0	0	0	0	0	0	0	0	0	0
54	0	0	0	0	0	0	0	0	0	0
54	0	0	0	0	0	0	0	0	0	0
54	0	0	0	0	0	0	0	0	0	0
54	0	0	0	0	0	0	0	0	0	0
54	0	0	0	0	0	0	0	0	0	0
54	0	0	0	0	0	0	0	0	0	0
54	0	0	0	0	0	0	0	0	0	0
54	0	0	0	0	0	0	0	0	0	0
54	0	0	0	0	0	0	0	0	0	0
0	0	0	0	0	0	0	0	0	0	0
0	0	0	0	0	0	0	0	0	0	0
0	0	0	0	0	0	0	0	0	0	0
54	0	0	0	0	0	0	0	0	0	0
54	0	0	0	0	0	0	0	0	0	0
54	0	0	0	0	0	0	0	0	0	0
54	0	0	0	0	0	0	0	0	0	0
54	0	0	0	0	0	0	0	0	0	0
54	0	0	0	0	0	0	0	0	0	0
54	0	0	0	0	0	0	0	0	0	0
54	0	0	0	0	0	0	0	0	0	0
54	0	0	0	0	0	0	0	0	0	0
54	0	0	0	0	0	0	0	0	0	0
54	0	0	0	0	0	0	0	0	0	0
54	0	0	0	0	0	0	0	0	0	0
54	0	0	0	0	0	0	0	0	0	0
54	0	0	0	0	0	0	0	0	0	0
54	0	0	0	0	0	0	0	0	0	0
54	0	0	0	0	0	0	0	0	0	0
54	0	0	0	-1	0	0	0	0	0	0
54	0	0	0	-1	0	0	0	0	0	0
54	0	0	0	-1	0	0	0	0	0	0
54	0	0	0	-1	0	0	0	0	0	0
54	0	0	0	-1	0	0	0	0	0	0
54	0	0	0	-1	0	0	0	0	0	0
54	0	0	0	-1	0	0	0	0	0	0
54	0	0	0	0	0	0	0	0	0	0
54	0	0	0	0	0	0	0	0	0	0
54	0	0	0	0	0	0	0	0	0	0
54	0	0	0	0	0	0	0	0	0	0
54	0	0	0	0	0	0	0	0	0	0
54	0	0	0	0	0	0	0	0	0	0
54	0	0	1	0	0	0	0	0	0	0
54	0	0	1	0	0	0	0	0	0	0
54	0	0	1	0	0	0	0	0	0	0
54	0	0	1	0	0	0	0	0	0	0
54	0	0	0	0	0	0	0	0	0	0
54	0	0	0	0	0	0	0	0	0	0
54	0	0	0	0	0	0	0	0	0	0
54	0	0	0	0	0	0	0	0	0	0
54	0	0	0	0	0	0	0	0	0	0
54	0	0	0	0	0	0	0	0	0	0
54	0	0	0	0	0	0	0	0	0	0
54	0	0	0	0	0	0	0	0	0	0
54	0	0	0	0	0	0	0	0	0	0
54	0	0	0	0	0	0	0	0	0	0
54	0	0	0	0	0	0	0	0	0	0
54	0	0	0	0	0	0	0	0	0	0
54	0	0	0	0	0	0	0	0	0	0
54	0	0	0	0	0	0	0	0	0	0
54	0	0	0	0	0	0	0	0	0	0
54	0	0	0	0	0	0	0	0	0	0
54	0	0	0	0	0	0	0	0	0	0
54	0	0	0	0	0	0	0	0	0	0
54	0	0	0	0	0	0	0	0	0	0
54	0	0	0	0	0	0	0	0	0	0
54	0	0	0	0	0	0	0	0	0	0
54	0	0	0	0	0	0	0	0	0	0
54	0	0	0	0	0	0	0	0	0	0
54	0	0	0	0	0	0	0	0	0	0
54	0	0	0	0	0	0	0	0	0	0
54	0	0	0	0	0	0	0	0	0	0
54	0	0	0	0	0	0	0	0	0	0
54	0	0	0	0	0	0	0	0	0	0
54	0	0	0	0	0	0	0	0	0	0
54	0	0	1	0	0	0	0	0	0	0
54	0	0	1	0	0	0	0	0	0	0
54	0	0	1	0	0	0	0	0	0	0
54	0	0	0	0	0	0	0	0	0	0
54	0	0	0	0	0	0	0	0	0	0
54	0	0	0	0	0	0	0	0	0	0
54	0	0	0	0	0	0	0	0	0	0
54	0	0	0	0	0	0	0	0	0	0
54	0	0	0	0	0	0	0	0	0	0
54	0	0	0	0	0	0	0	0	0	0
54	0	0	0	0	0	0	0	0	0	0
54	0	0	0	0	0	0	0	0	0	0
54	0	0	0	0	0	0	0	0	0	0
54	0	0	0	0	0	0	0	0	0	0
54	0	0	0	0	0	0	0	0	0	0
54	0	0	0	0	0	0	0	0	0	0
54	0	0	0	0	0	0	0	0	0	0
54	0	0	0	0	0	0	0	0	0	0
54	0	0	0	0	0	0	0	0	0	0
54	0	0	-1	0	0	0	0	0	0	0
54	0	0	-1	0	0	0	0	0	0	0
54	0	0	-1	0	0	0	0	0	0	0
58	0	0	0	0	0	0	0	0	0	0
58	0	0	0	0	0	0	0	0	0	0
58	0	0	0	0	0	0	0	0	0	0
58	0	0	0	0	0	0	0	0	0	0
58	0	0	0	0	0	0	0	0	0	0
58	0	0	0	0	0	0	0	0	0	0
58	0	0	0	0	0	0	0	0	0	0
58	0	0	0	0	0	0	0	0	0	0
58	0	0	0	0	0	0	0	0	0	0
58	0	0	0	0	0	0	0	0	0	0
58	0	0	0	0	0	0	0	0	0	0
58	0	0	0	0	0	0	0	0	0	0
58	0	0	0	0	0	0	0	0	0	0
58	0	0	0	0	0	0	0	0	0	0
58	0	0	-1	0	0	0	0	1	0	0
58	0	0	-1	0	0	0	0	1	0	0
58	0	0	-1	0	0	0	0	1	0	0
58	0	0	0	0	0	0	0	1	0	0
58	0	0	0	0	0	0	0	1	0	0
58	0	0	0	0	0	0	0	1	0	0
58	0	0	0	0	0	0	0	1	0	0
58	0	0	0	0	0	0	0	1	0	0
58	0	0	0	0	0	0	0	1	0	0
58	0	0	-2	0	0	0	0	1	0	0
58	0	0	-2	0	0	0	0	1	0	0
58	0	0	-2	0	0	0	0	1	0	0
58	0	0	-1	0	0	0	0	1	0	0
58	0	0	-1	0	0	0	0	1	0	0
58	0	0	-1	0	0	0	0	1	0	0
58	0	0	-1	0	0	0	0	1	0	0
58	0	0	0	-1	0	0	0	0	0	0
58	0	0	0	-1	0	0	0	0	0	0
58	0	0	0	-1	0	0	0	0	0	0
58	0	0	0	0	0	0	0	0	0	0
58	0	0	0	0	0	0	0	0	0	0
58	0	0	0	0	0	0	0	0	0	0
58	0	0	0	0	0	0	0	0	0	0
58	0	0	0	0	0	0	0	0	0	0
58	0	0	0	0	0	0	0	0	0	0
58	0	0	0	-2	0	0	0	0	0	0
58	0	0	0	-2	0	0	0	0	0	0
58	0	0	0	-2	0	0	0	0	0	0
58	0	0	0	-2	0	0	0	0	0	0
58	0	0	0	0	0	0	0	0	0	0
58	0	0	0	0	0	0	0	0	0	0
58	0	0	0	0	0	0	0	0	0	0
58	0	0	0	0	0	0	0	0	0	0
58	0	0	0	0	0	0	0	0	0	0
58	0	0	0	0	0	0	0	0	0	0
58	0	0	0	1	0	0	0	0	0	0
58	0	0	0	1	0	0	0	0	0	0
58	0	0	0	1	0	0	0	0	0	0
58	0	0	0	-1	0	0	0	0	0	0
58	0	0	0	-1	0	0	0	0	0	0
58	0	0	0	-1	0	0	0	0	0	0
58	0	0	0	-1	0	0	0	0	0	0
58	0	0	-2	1	0	0	1	0	0	0
58	0	0	-2	1	0	0	1	0	0	0
58	0	0	-2	1	0	0	1	0	0	0
58	0	0	2	10	0	0	1	0	0	0
58	0	0	2	10	0	0	1	0	0	0
58	0	0	2	10	0	0	1	0	0	0
58	0	0	4	14	0	-1	1	0	0	0
58	0	0	4	14	0	-1	1	0	0	0
58	0	0	4	14	0	-1	1	0	0	1
58	0	0	4	14	0	-1	1	0	0	1
58	0	0	10	14	0	-2	2	0	0	1
58	0	0	10	14	0	-2	2	0	0	1
58	0	0	10	14	0	-2	2	0	0	2
58	0	0	18	22	0	-2	3	0	0	2
58	0	0	18	22	0	-2	3	0	1	2
58	0	0	18	22	0	-2	3	0	1	3
58	0	0	19	29	0	-3	4	0	2	3
58	0	0	19	29	0	-3	4	0	2	4
58	0	0	19	29	0	-3	4	0	2	5
58	0	0	27	32	0	-3	4	0	3	5
58	0	0	27	32	0	-3	4	0	3	6
58	0	0	27	32	0	-3	4	0	4	6
58	0	0	27	32	0	-3	4	0	4	7
58	0	0	36	35	0	-3	3	0	5	8
58	0	0	36	35	0	-3	3	0	6	8
58	0	0	36	35	0	-3	3	0	6	9
58	0	0	33	26	0	-3	3	0	7	10
58	0	0	33	26	0	-3	3	0	8	10
58	0	0	33	26	0	-3	3	0	8	11
58	0	0	31	22	0	-3	2	0	9	11
58	0	0	31	22	0	-3	2	0	10	12
58	0	0	31	22	0	-3	2	0	10	12
58	0	0	29	19	0	-3	2	0	11	13
58	0	0	29	19	0	-3	2	0	12	13
58	0	0	29	19	0	-3	2	0	12	14
58	0	0	29	19	0	-3	2	0	13	14
58	0	0	24	17	0	-2	2	0	13	14
58	0	0	24	17	0	-2	2	0	14	15
58	0	0	24	17	0	-2	2	0	14	15
58	0	0	18	19	0	-1	2	0	15	15
58	0	0	18	19	0	-1	2	0	15	16
58	0	0	18	19	0	-1	2	0	15	16
58	0	0	14	15	0	-1	2	0	16	17
58	0	0	14	15	0	-1	2	0	16	17
58	0	0	14	15	0	-1	2	0	16	17
55	0	0	9	11	0	-1	1	0	17	18
55	0	0	9	11	0	-1	1	0	17	18
55	0	0	9	11	0	-1	1	0	17	18
55	0	0	9	11	0	-1	1	0	17	18
55	0	0	9	9	0	0	1	0	17	19
55	0	0	9	9	0	0	1	0	18	19
55	0	0	9	9	0	0	1	0	18	19
55	0	0	6	9	0	0	1	0	18	19
55	0	0	6	9	0	0	1	0	18	19
55	0	0	6	9	0	0	1	0	18	19
55	0	0	2	10	0	0	1	0	18	20
55	0	0	2	10	0	0	1	0	19	20
55	0	0	2	10	0	0	1	0	19	20
55	0	1	1	14	0	0	1	-33	19	20
55	0	1	1	14	0	0	1	-33	19	21
55	0	1	1	14	0	0	1	-33	19	21
55	0	1	1	14	0	0	1	-33	19	21
55	0	5	2	13	0	0	1	-34	19	21
55	0	5	2	13	0	0	1	-34	19	22
55	0	5	2	13	0	0	1	-34	19	22
55	0	8	5	16	0	0	1	-34	19	22
55	0	8	5	16	0	0	1	-34	19	23
55	0	8	5	16	0	0	1	-34	19	23
55	0	244	0	27	0	0	0	-34	19	23
55	0	244	0	27	0	0	0	-34	19	24
55	0	244	0	27	0	0	0	-34	19	24
55	0	245	-31	28	0	3	0	-34	19	25
55	0	245	-31	28	0	3	0	-34	19	25
55	0	245	-31	28	0	3	0	-34	18	26
55	0	245	-31	28	0	3	0	-34	17	27
55	0	244	-87	26	0	6	0	-34	17	27
55	0	244	-87	26	0	6	0	-34	15	28
55	0	244	-87	26	0	6	0	-34	13	28
55	0	244	-161	32	0	8	0	-34	11	29
55	0	244	-161	32	0	8	0	-34	8	29
55	0	244	-161	32	0	8	0	-34	5	30
55	0	243	-266	35	0	10	1	-34	2	31
55	0	243	-266	35	0	10	1	-34	-3	31
55	0	243	-266	35	0	10	1	-34	-8	32
55	0	242	-388	44	0	11	1	-34	-13	33
55	0	242	-388	44	0	11	1	-34	-21	34
55	0	242	-388	44	0	11	1	-34	-29	35
55	0	242	-388	44	0	11	1	-34	-37	36
55	0	241	-509	53	0	10	1	-35	-44	36
55	0	241	-509	53	0	10	1	-35	-55	37
55	0	241	-509	53	0	10	1	-35	-65	39
55	0	240	-586	67	0	6	1	-35	-75	40
55	0	240	-586	67	0	6	1	-35	-87	41
55	0	240	-586	67	0	6	1	-35	-99	42
50	0	239	-609	85	0	1	2	-35	-111	44
50	0	239	-609	85	0	1	2	-35	-123	45
50	0	239	-609	85	0	1	2	-35	-135	47
50	0	242	-576	71	0	-1	-1	-36	-147	49
50	0	242	-576	71	0	-1	-1	-36	-159	50
50	0	242	-576	71	0	-1	-1	-36	-170	52
50	0	242	-576	71	0	-1	-1	-36	-182	53
50	0	241	-545	9	0	-1	0	-37	-193	55
50	0	241	-545	9	0	-1	0	-37	-204	55
50	0	241	-545	9	0	-1	0	-37	-215	55
50	0	240	-365	-25	0	-3	0	-37	-226	55
50	0	240	-365	-25	0	-3	0	-37	-233	55
50	0	240	-365	-25	0	-3	0	-37	-241	54
50	0	240	-246	-7	0	-5	1	-37	-248	54
50	0	240	-246	-7	0	-5	1	-37	-253	53
50	0	240	-246	-7	0	-5	1	-37	-258	53
50	0	246	-154	29	0	-6	3	-36	-263	53
50	0	246	-154	29	0	-6	3	-36	-266	54
50	0	246	-154	29	0	-6	3	-36	-269	54
50	0	246	-154	29	0	-6	3	-36	-272	55
50	0	251	-124	48	0	-6	3	-36	-275	56
50	0	251	-124	48	0	-6	3	-36	-278	57
50	0	251	-124	48	0	-6	3	-36	-280	57
50	0	267	-60	31	0	-5	3	-36	-283	58
50	0	267	-60	31	0	-5	3	-36	-284	59
50	0	267	-60	31	0	-5	3	-36	-285	60
50	0	288	-165	-8	0	-4	2	-36	-286	60
50	0	288	-165	-8	0	-4	2	-36	-289	60
50	0	288	-165	-8	0	-4	2	-36	-293	60
50	0	293	-203	-10	0	-3	0	-36	-296	60
50	0	293	-203	-10	0	-3	0	-36	-300	60
50	0	293	-203	-10	0	-3	0	-36	-304	59
50	0	293	-203	-10	0	-3	0	-36	-308	59
50	0	296	-114	0	0	-2	0	-36	-312	59
50	0	296	-114	0	0	-2	0	-36	-315	59
50	0	296	-114	0	0	-2	0	-36	-317	59
50	0	295	-128	-64	0	0	1	-35	-319	59
50	0	295	-128	-64	0	0	1	-35	-322	58
50	0	295	-128	-64	0	0	1	-35	-324	56
50	0	313	-63	-33	0	2	0	-35	-327	55
50	0	313	-63	-33	0	2	0	-35	-328	54
50	0	313	-63	-33	0	2	0	-35	-329	54
50	0	307	-119	-28	0	5	0	-35	-331	53
50	0	307	-119	-28	0	5	0	-35	-333	53
50	0	307	-119	-28	0	5	0	-35	-336	52
50	0	307	-119	-28	0	5	0	-35	-338	51
50	0	295	-192	-29	0	7	0	-35	-340	51
50	0	295	-192	-29	0	7	0	-35	-344	50
50	0	295	-192	-29	0	7	0	-35	-348	50
50	0	288	-250	-32	0	4	0	-35	-352	49
50	0	288	-250	-32	0	4	0	-35	-357	48
50	0	288	-250	-32	0	4	0	-35	-362	48
47	0	273	-268	-29	0	2	0	-34	-367	47
47	0	273	-268	-29	0	2	0	-34	-372	47
47	0	273	-268	-29	0	2	0	-34	-378	46
47	0	283	-264	-19	0	0	1	-34	-383	45
47	0	283	-264	-19	0	0	1	-34	-388	45
47	0	283	-264	-19	0	0	1	-34	-394	45
47	0	283	-264	-19	0	0	1	-34	-399	44
47	0	294	-243	-10	0	-1	1	-34	-404	44
47	0	294	-243	-10	0	-1	1	-34	-409	44
47	0	294	-243	-10	0	-1	1	-34	-414	43
47	0	273	-212	-10	0	-2	0	-34	-419	43
47	0	273	-212	-10	0	-2	0	-34	-423	43
47	0	273	-212	-10	0	-2	0	-34	-427	43
47	0	282	-160	1	0	-4	1	-35	-431	42
47	0	282	-160	1	0	-4	1	-35	-435	43
47	0	282	-160	1	0	-4	1	-35	-438	43
47	0	276	-100	16	0	-4	1	-35	-441	43
47	0	276	-100	16	0	-4	1	-35	-443	43
47	0	276	-100	16	0	-4	1	-35	-445	43
47	0	276	-100	16	0	-4	1	-35	-447	44
47	0	267	-49	32	0	-3	1	-35	-449	44
47	0	267	-49	32	0	-3	1	-35	-450	45
47	0	267	-49	32	0	-3	1	-35	-451	45
47	0	269	-6	42	0	-2	0	-34	-452	46
47	0	269	-6	42	0	-2	0	-34	-452	47
47	0	269	-6	42	0	-2	0	-34	-452	48
47	0	280	10	40	0	-1	0	-34	-452	48
47	0	280	10	40	0	-1	0	-34	-452	49
47	0	280	10	40	0	-1	0	-34	-452	50
47	0	291	15	28	0	0	0	-34	-452	51
47	0	291	15	28	0	0	0	-34	-452	51
47	0	291	15	28	0	0	0	-34	-451	52
47	0	291	15	28	0	0	0	-34	-451	53
47	0	283	-5	20	0	2	0	-33	-451	53
47	0	283	-5	20	0	2	0	-33	-451	54
47	0	283	-5	20	0	2	0	-33	-451	54
47	0	293	-53	11	0	4	0	-33	-451	54
47	0	293	-53	11	0	4	0	-33	-452	55
47	0	293	-53	11	0	4	0	-33	-453	55
47	0	284	-125	5	0	7	0	-33	-454	55
47	0	284	-125	5	0	7	0	-33	-457	55
47	0	284	-125	5	0	7	0	-33	-459	55
47	0	271	-217	2	0	7	0	-33	-462	55
47	0	271	-217	2	0	7	0	-33	-466	56
47	0	271	-217	2	0	7	0	-33	-470	56
47	0	271	-217	2	0	7	0	-33	-475	56
47	0	274	-208	9	0	5	0	-33	-479	56
47	0	274	-208	9	0	5	0	-33	-483	56
47	0	274	-208	9	0	5	0	-33	-488	56
43	0	285	-225	15	0	1	0	-33	-492	56
43	0	285	-225	15	0	1	0	-33	-496	57
43	0	285	-225	15	0	1	0	-33	-501	57
43	0	297	-199	17	0	-1	0	-33	-505	57
43	0	297	-199	17	0	-1	0	-33	-509	57
43	0	297	-199	17	0	-1	0	-33	-513	58
43	0	297	-199	17	0	-1	0	-33	-517	58
43	0	275	-160	17	0	-3	0	-34	-521	59
43	0	275	-160	17	0	-3	0	-34	-524	59
43	0	275	-160	17	0	-3	0	-34	-528	59
43	0	275	-111	10	0	-4	0	-34	-531	60
43	0	275	-111	10	0	-4	0	-34	-533	60
43	0	275	-111	10	0	-4	0	-34	-535	60
43	0	287	-52	4	0	-4	0	-34	-537	60
43	0	287	-52	4	0	-4	0	-34	-539	60
43	0	287	-52	4	0	-4	0	-34	-540	60
43	0	300	-8	0	0	-3	0	-34	-541	61
43	0	300	-8	0	0	-3	0	-34	-541	60
43	0	300	-8	0	0	-3	0	-34	-541	60
43	0	300	-8	0	0	-3	0	-34	-541	60
43	0	280	8	-20	0	-1	-2	-34	-541	60
43	0	280	8	-20	0	-1	-2	-34	-541	60
43	0	280	8	-20	0	-1	-2	-34	-541	60
43	0	273	6	-66	0	0	-4	-34	-541	59
43	0	273	6	-66	0	0	-4	-34	-541	58
43	0	273	6	-66	0	0	-4	-34	-541	57
43	0	284	-6	-130	0	1	-6	-34	-540	55
43	0	284	-6	-130	0	1	-6	-34	-541	53
43	0	284	-6	-130	0	1	-6	-34	-541	50
43	0	0	0	0	0	2	-6	-34	-541	47
43	0	0	0	0	0	2	-6	-34	-541	47
43	0	0	0	0	0	2	-6	-34	-541	47
43	0	0	0	0	0	2	-5	-34	-541	47
43	0	0	0	0	0	2	-5	-34	-541	47
43	0	0	0	0	0	2	-5	-34	-541	47
43	0	0	0	0	0	2	-5	-34	-541	47
43	0	0	0	0	0	2	-3	-33	-541	47
43	0	0	0	0	0	2	-3	-33	-541	47
43	0	0	0	0	0	2	-3	-33	-541	47
43	0	0	0	0	0	-2	0	-33	-541	47
43	0	0	0	0	0	-2	0	-33	-541	47
43	0	0	0	0	0	-2	0	-33	-541	47
43	0	0	0	0	0	0	0	-34	-541	47
43	0	0	0	0	0	0	0	-34	-541	47
43	0	0	0	0	0	0	0	-34	-541	47
43	0	0	0	0	0	0	0	-34	-541	47
43	0	0	0	0	0	0	0	-34	-541	47
43	0	0	0	0	0	0	0	-34	-541	47
43	0	0	0	0	0	0	0	-34	-541	47
43	0	0	0	0	0	0	0	-34	-541	47
43	0	0	0	0	0	0	0	-34	-541	47
43	0	0	0	0	0	0	0	-34	-541	47
43	0	0	0	0	0	0	0	-34	-541	47
43	0	0	0	0	0	0	0	-34	-541	47
43	0	0	0	0	0	0	0	-34	-541	47
43	0	0	0	0	0	0	0	-34	-541	47
43	0	0	0	0	0	0	0	-34	-541	47
43	0	0	0	0	0	0	0	-34	-541	47
43	0	0	0	0	0	0	0	-34	-541	47
43	0	0	0	0	0	0	0	-34	-541	47
43	0	0	0	0	0	0	0	-34	-541	47
43	0	0	0	0	0	0	0	-34	-541	47
43	0	0	0	0	0	0	0	-34	-541	47
43	0	0	0	0	0	0	0	-34	-541	47
43	0	0	0	0	0	0	0	-34	-541	47
43	0	0	0	0	0	0	0	-34	-541	47
43	0	0	0	0	0	0	0	-34	-541	47
43	0	0	0	0	0	0	0	-34	-541	47
43	0	0	0	0	0	0	0	-34	-541	47
43	0	0	0	0	0	0	0	-34	-541	47
43	0	0	0	0	0	0	0	-34	-541	47
43	0	0	0	0	0	0	0	-34	-541	47
43	0	0	0	0	0	0	0	-34	-541	47
43	0	0	0	0	0	0	0	-34	-541	47
43	0	0	0	0	0	0	0	-34	-541	47
43	0	0	0	0	0	0	0	-34	-541	47
43	0	0	0	0	0	0	0	-34	-541	47
43	0	0	0	0	0	0	0	-34	-541	47
43	0	0	0	0	0	0	0	-34	-541	47
43	0	0	0	0	0	0	0	-34	-541	47
43	0	0	0	0	0	0	0	-34	-541	47
43	0	0	0	0	0	0	0	-34	-541	47
43	0	0	0	0	0	0	0	-34	-541	47
43	0	0	0	0	0	0	0	-34	-541	47
43	0	0	0	0	0	0	0	-34	-541	47
43	0	0	0	0	0	0	0	-34	-541	47
43	0	0	0	0	0	0	0	-34	-541	47
43	0	0	0	0	0	0	0	-34	-541	47
43	0	0	0	0	0	0	0	-34	-541	47
43	0	0	0	0	0	0	0	-34	-541	47
43	0	0	0	0	0	0	0	-34	-541	47
43	0	0	0	0	0	0	0	-34	-541	47
43	0	0	0	0	0	0	0	-34	-541	47
43	0	0	0	0	0	0	0	-34	-541	47
43	0	0	0	0	0	0	0	-34	-541	47
43	0	0	0	0	0	0	0	-34	-541	47
43	0	0	0	0	0	0	0	-34	-541	47
43	0	0	0	0	0	0	0	-34	-541	47
43	0	0	0	0	0	0	-1	-34	-541	47
43	0	0	0	0	0	0	-1	-34	-541	47
43	0	0	0	0	0	0	-1	-34	-541	47
43	0	0	0	0	0	0	-1	-34	-541	47
43	0	0	0	0	0	0	-1	-34	-541	47
43	0	0	0	0	0	0	-1	-34	-541	47
43	0	0	0	0	0	0	-1	-34	-541	47
43	0	0	0	0	0	0	-1	-34	-541	47
43	0	0	0	0	0	0	-1	-34	-541	47
43	0	0	0	0	0	0	-1	-34	-541	47
43	0	0	0	0	0	0	-1	-34	-541	47
43	0	0	0	0	0	0	-1	-34	-541	47
43	0	0	0	0	0	0	-1	-34	-541	47
43	0	0	0	0	0	0	-1	-34	-541	47
43	0	0	0	0	0	0	-1	-34	-541	47
43	0	0	0	0	0	0	-1	-34	-541	47
43	0	0	0	0	0	0	-1	-34	-541	47
43	0	0	0	0	0	0	-1	-34	-541	47
43	0	0	0	0	0	0	-1	-34	-541	47
43	0	0	0	0	0	0	-1	-34	-541	47
43	0	0	0	0	0	0	-1	-34	-541	47
43	0	0	0	0	0	0	-1	-34	-541	47
43	0	0	0	0	0	0	-1	-34	-541	47
43	0	0	0	0	0	0	-1	-34	-541	47
43	0	0	0	0	0	0	-1	-34	-541	47
43	0	0	0	0	0	0	-1	-34	-541	47
43	0	0	0	0	0	0	-1	-34	-541	47
43	0	0	0	0	0	0	-1	-34	-541	47
43	0	0	0	0	0	0	-1	-34	-541	47
43	0	0	0	0	0	0	-1	-34	-541	47
43	0	0	0	0	0	0	-1	-34	-541	47
43	0	0	0	0	0	0	-1	-34	-541	47
43	0	0	0	0	0	0	-1	-34	-541	47
43	0	0	0	0	0	0	-1	-34	-541	47
43	0	0	0	0	0	0	-1	-34	-541	47
43	0	0	0	0	0	0	-1	-34	-541	47
43	0	0	0	0	0	0	-1	-34	-541	47
43	0	0	0	0	0	0	-1	-34	-541	47
43	0	0	0	0	0	0	-1	-34	-541	47
43	0	0	0	0	0	0	-1	-34	-541	47
43	0	0	0	0	0	0	-1	-34	-541	47
43	0	0	0	0	0	0	-1	-34	-541	47
43	0	0	0	0	0	0	-1	-34	-541	47
43	0	0	0	0	0	0	-1	-34	-541	47
43	0	0	0	0	0	0	-1	-34	-541	47
43	0	0	0	0	0	0	-1	-34	-541	47
43	0	0	0	0	0	0	-1	-34	-541	47
43	0	0	0	0	0	0	-1	-34	-541	47
43	0	0	0	0	0	0	-1	-34	-541	47
43	0	0	0	0	0	0	-1	-34	-541	47
43	0	0	0	0	0	0	-1	-34	-541	47
43	0	0	0	0	0	0	-1	-34	-541	47
43	0	0	0	0	0	0	-1	-34	-541	47
43	0	0	0	0	0	0	-1	-34	-541	47
43	0	0	0	0	0	0	-1	-34	-541	47
43	0	0	0	0	0	0	-1	-34	-541	47
43	0	0	0	0	0	0	-1	-34	-541	47
43	0	0	0	0	0	0	-1	-34	-541	47
43	0	0	0	0	0	0	-1	-34	-541	47
43	0	0	0	0	0	0	-1	-34	-541	47
43	0	0	0	0	0	0	-1	-34	-541	47
43	0	0	0	0	0	0	-1	-34	-541	47
43	0	0	0	0	0	0	-1	-34	-541	47
43	0	0	0	0	0	0	-1	-34	-541	47
43	0	0	0	0	0	0	-1	-34	-541	47
43	0	0	0	0	0	0	-1	-34	-541	47
43	0	0	0	0	0	0	-1	-34	-541	47
43	0	0	0	0	0	0	-1	-34	-541	47
43	0	0	0	0	0	0	-1	-34	-541	47
43	0	0	0	0	0	0	-1	-34	-541	47
43	0	0	0	0	0	0	-1	-34	-541	47
43	0	0	0	0	0	0	-1	-34	-541	47
43	0	0	0	0	0	0	-1	-34	-541	47
43	0	0	0	0	0	0	-1	-34	-541	47
43	0	0	0	0	0	0	-1	-34	-541	47
43	0	0	0	0	0	0	-1	-34	-541	47
43	0	0	0	0	0	0	-1	-34	-541	47
43	0	0	0	0	0	0	-1	-34	-541	47
43	0	0	0	0	0	0	-1	-34	-541	47
43	0	0	0	0	0	0	-1	-34	-541	47
43	0	0	0	0	0	0	-1	-34	-541	47
43	0	0	0	0	0	0	-1	-34	-541	47
43	0	0	0	0	0	0	-1	-34	-541	47
43	0	0	0	0	0	0	-1	-34	-541	47
43	0	0	0	0	0	0	-1	-34	-541	47
43	0	0	0	0	0	0	-1	-34	-541	47
43	0	0	0	0	0	0	-1	-34	-541	47
43	0	0	0	0	0	0	-1	-34	-541	47
43	0	0	0	0	0	0	-1	-34	-541	47
43	0	0	0	0	0	0	-1	-34	-541	47
43	0	0	0	0	0	0	-1	-34	-541	47
43	0	0	0	0	0	0	-1	-34	-541	47
43	0	0	0	0	0	0	-1	-34	-541	47
43	0	0	0	0	0	0	-1	-34	-541	47
43	0	0	0	0	0	0	-1	-34	-541	47
43	0	0	0	0	0	0	-1	-34	-541	47
43	0	0	0	0	0	0	-1	-34	-541	47
43	0	0	0	0	0	0	-1	-34	-541	47
43	0	0	0	0	0	0	-1	-34	-541	47
43	0	0	0	0	0	0	-1	-34	-541	47
43	0	0	0	0	0	0	-1	-34	-541	47
43	0	0	0	0	0	0	-1	-34	-541	47
43	0	0	0	0	0	0	-1	-34	-541	47
43	0	0	0	0	0	0	-1	-34	-541	47
43	0	0	0	0	0	0	-1	-34	-541	47
43	0	0	0	0	0	0	-1	-34	-541	47
43	0	0	0	0	0	0	-1	-34	-541	47
43	0	0	0	0	0	0	-1	-34	-541	47
43	0	0	0	0	0	0	-1	-34	-541	47
43	0	0	0	0	0	0	-1	-34	-541	47
43	0	0	0	0	0	0	-1	-34	-541	47
43	0	0	0	0	0	0	-1	-34	-541	47
43	0	0	0	0	0	0	-1	-34	-541	47
43	0	0	0	0	0	0	-1	-34	-541	47
43	0	0	0	0	0	0	-1	-34	-541	47
43	0	0	0	0	0	0	-1	-34	-541	47
43	0	0	0	0	0	0	-1	-34	-541	47
43	0	0	0	0	0	0	-1	-34	-541	47
43	0	0	0	0	0	0	-1	-34	-541	47
43	0	0	0	0	0	0	-1	-34	-541	47
43	0	0	0	0	0	0	-1	-34	-541	47
43	0	0	0	0	0	0	-1	-34	-541	47
43	0	0	0	0	0	0	-1	-34	-541	47
43	0	0	0	0	0	0	-1	-34	-541	47
43	0	0	0	0	0	0	-1	-34	-541	47
43	0	0	0	0	0	0	-1	-34	-541	47
43	0	0	0	0	0	0	-1	-34	-541	47
43	0	0	0	0	0	0	-1	-34	-541	47
43	0	0	0	0	0	0	-1	-34	-541	47
43	0	0	0	0	0	0	-1	-34	-541	47
43	0	0	0	0	0	0	-1	-34	-541	47
43	0	0	0	0	0	0	-1	-34	-541	47
43	0	0	0	0	0	0	-1	-34	-541	47
43	0	0	0	0	0	0	-1	-34	-541	47
43	0	0	0	0	0	0	-1	-34	-541	47
43	0	0	0	0	0	0	-1	-34	-541	47
43	0	0	0	0	0	0	-2	-33	-541	47
43	0	0	0	0	0	0	-2	-33	-541	47
43	0	0	0	0	0	0	-2	-33	-541	47
43	0	0	0	0	0	0	-2	-32	-541	47
43	0	0	0	0	0	0	-2	-32	-541	47
43	0	0	0	0	0	0	-2	-32	-541	47
43	0	0	0	0	0	0	-2	-32	-541	47
43	0	0	0	0	0	0	-2	-32	-541	47
43	0	0	0	0	0	0	-2	-32	-541	47
43	0	0	0	0	0	0	-2	-32	-541	47
43	0	0	0	0	0	0	-2	-31	-541	47
43	0	0	0	0	0	0	-2	-31	-541	47
43	0	0	0	0	0	0	-2	-31	-541	47
43	0	0	0	0	0	0	-2	-29	-541	47
43	0	0	0	0	0	0	-2	-29	-541	47
43	0	0	0	0	0	0	-2	-29	-541	47
43	0	0	0	0	0	0	-1	-28	-541	47
43	0	0	0	0	0	0	-1	-28	-541	47
43	0	0	0	0	0	0	-1	-28	-541	47
43	0	0	0	0	0	0	-1	-28	-541	47
43	0	0	0	0	0	0	-1	-28	-541	47
43	0	0	0	0	0	0	-1	-28	-541	47
43	0	0	0	0	0	0	-1	-28	-541	47
43	0	0	0	0	0	0	-1	-27	-541	47
43	0	0	0	0	0	0	-1	-27	-541	47
43	0	0	0	0	0	0	-1	-27	-541	47
43	0	0	0	0	0	0	-1	-26	-541	47
43	0	0	0	0	0	0	-1	-26	-541	47
43	0	0	0	0	0	0	-1	-26	-541	47
43	0	0	0	0	0	0	-1	-26	-541	47
43	0	0	0	0	0	0	-1	-26	-541	47
43	0	0	0	0	0	0	-1	-26	-541	47
43	0	0	0	0	0	0	-1	-26	-541	47
43	0	0	0	0	0	0	-1	-26	-541	47
43	0	0	0	0	0	0	-1	-26	-541	47
43	0	0	0	0	0	0	-1	-26	-541	47
43	0	0	0	0	0	0	-1	-25	-541	47
43	0	0	0	0	0	0	-1	-25	-541	47
43	0	0	0	0	0	0	-1	-25	-541	47
43	0	0	0	0	0	0	-1	-25	-541	47
43	0	0	0	0	0	0	-1	-25	-541	47
43	0	0	0	0	0	0	-1	-25	-541	47
43	0	0	0	0	0	0	-1	-25	-541	47
43	0	0	0	0	0	0	-1	-25	-541	47
43	0	0	0	0	0	0	-1	-25	-541	47
43	0	0	0	0	0	0	-1	-25	-541	47
43	0	0	0	0	0	0	-1	-25	-541	47
43	0	0	0	0	0	0	-1	-25	-541	47
43	0	0	0	0	0	0	-1	-25	-541	47
43	0	0	0	0	0	0	0	-25	-541	47
43	0	0	0	0	0	0	0	-25	-541	47
43	0	0	0	0	0	0	0	-25	-541	47
43	0	0	0	0	0	-2	0	-25	-541	47
43	0	0	0	0	0	-2	0	-25	-541	47
43	0	0	0	0	0	-2	0	-25	-541	47
43	0	0	0	0	0	-2	0	-25	-541	47
43	0	0	0	0	0	-2	-1	-25	-541	47
43	0	0	0	0	0	-2	-1	-25	-541	47
43	0	0	0	0	0	-2	-1	-25	-541	47
43	0	0	0	0	0	-2	-1	-25	-541	47
43	0	0	0	0	0	-2	-1	-25	-541	47
43	0	0	0	0	0	-2	-1	-25	-541	47
43	0	0	0	0	0	-1	-3	-26	-541	47
43	0	0	0	0	0	-1	-3	-26	-541	47
43	0	0	0	0	0	-1	-3	-26	-541	47
43	0	0	0	0	0	0	-3	-26	-541	47
43	0	0	0	0	0	0	-3	-26	-541	47
43	0	0	0	0	0	0	-3	-26	-541	47
43	0	0	0	0	0	2	-3	-28	-541	47
43	0	0	0	0	0	2	-3	-28	-541	47
43	0	0	0	0	0	2	-3	-28	-541	47
43	0	0	0	0	0	2	-3	-28	-541	47
43	0	0	0	0	0	5	-4	-32	-541	47
43	0	0	0	0	0	5	-4	-32	-541	47
43	0	0	0	0	0	5	-4	-32	-541	47
43	0	0	0	0	0	6	-4	-34	-541	47
43	0	0	0	0	0	6	-4	-34	-541	47
43	0	0	0	0	0	6	-4	-34	-541	47
43	0	0	0	0	0	4	-6	-36	-541	47
43	0	0	0	0	0	4	-6	-36	-541	47
43	0	0	0	0	0	4	-6	-36	-541	47
43	0	0	0	0	0	4	-6	-36	-541	47
43	0	0	0	0	0	1	-9	-37	-541	47
43	0	0	0	0	0	1	-9	-37	-541	47
43	0	0	0	0	0	1	-9	-37	-541	47
43	0	0	0	0	0	0	-12	-38	-541	47
43	0	0	0	0	0	0	-12	-38	-541	47
43	0	0	0	0	0	0	-12	-38	-541	47
43	0	0	0	0	0	-2	-14	-40	-541	47
43	0	0	0	0	0	-2	-14	-40	-541	47
43	0	0	0	0	0	-2	-14	-40	-541	47
43	0	0	0	0	0	-3	-15	-44	-541	47
43	0	0	0	0	0	-3	-15	-44	-541	47
43	0	0	0	0	0	-3	-15	-44	-541	47
43	0	0	0	0	0	-6	-16	-47	-541	47
43	0	0	0	0	0	-6	-16	-47	-541	47
43	0	0	0	0	0	-6	-16	-47	-541	47
43	0	0	0	0	0	-6	-16	-47	-541	47
43	0	0	0	0	0	-7	-16	-50	-541	47
43	0	0	0	0	0	-7	-16	-50	-541	47
43	0	0	0	0	0	-7	-16	-50	-541	47
43	0	0	0	0	0	-6	-15	-53	-541	47
43	0	0	0	0	0	-6	-15	-53	-541	47
43	0	0	0	0	0	-6	-15	-53	-541	47
43	0	0	0	0	0	-5	-13	-55	-541	47
43	0	0	0	0	0	-5	-13	-55	-541	47
43	0	0	0	0	0	-5	-13	-55	-541	47
43	0	0	0	0	0	-5	-13	-55	-541	47
43	0	0	0	0	0	-5	-12	-57	-541	47
43	0	0	0	0	0	-5	-12	-57	-541	47
43	0	0	0	0	0	-5	-12	-57	-541	47
43	0	0	0	0	0	-5	-13	-59	-541	47
43	0	0	0	0	0	-5	-13	-59	-541	47
43	0	0	0	0	0	-5	-13	-59	-541	47
43	0	0	0	0	0	-6	-13	-62	-541	47
43	0	0	0	0	0	-6	-13	-62	-541	47
43	0	0	0	0	0	-6	-13	-62	-541	47
43	0	0	0	0	0	-8	-12	-65	-541	47
43	0	0	0	0	0	-8	-12	-65	-541	47
43	0	0	0	0	0	-8	-12	-65	-541	47
43	0	0	0	0	0	-10	-11	-68	-541	47
43	0	0	0	0	0	-10	-11	-68	-541	47
43	0	0	0	0	0	-10	-11	-68	-541	47
43	0	0	0	0	0	-10	-11	-68	-541	47
43	0	0	0	0	0	-13	-10	-71	-541	47
43	0	0	0	0	0	-13	-10	-71	-541	47
43	0	0	0	0	0	-13	-10	-71	-541	47
43	0	0	0	0	0	-13	-10	-74	-541	47
43	0	0	0	0	0	-13	-10	-74	-541	47
43	0	0	0	0	0	-13	-10	-74	-541	47
43	0	0	0	0	0	-13	-10	-76	-541	47
43	0	0	0	0	0	-13	-10	-76	-541	47
43	0	0	0	0	0	-13	-10	-76	-541	47
43	0	0	0	0	0	-13	-10	-76	-541	47
43	0	0	0	0	0	-13	-9	-78	-541	47
43	0	0	0	0	0	-13	-9	-78	-541	47
43	0	0	0	0	0	-13	-9	-78	-541	47
43	0	0	0	0	0	-12	-8	-79	-541	47
43	0	0	0	0	0	-12	-8	-79	-541	47
43	0	0	0	0	0	-12	-8	-79	-541	47
43	0	0	0	0	0	-10	-7	-78	-541	47
43	0	0	0	0	0	-10	-7	-78	-541	47
43	0	0	0	0	0	-10	-7	-78	-541	47
43	0	0	0	0	0	-9	-8	-78	-541	47
43	0	0	0	0	0	-9	-8	-78	-541	47
43	0	0	0	0	0	-9	-8	-78	-541	47
43	0	0	0	0	0	-10	-9	-76	-541	47
43	0	0	0	0	0	-10	-9	-76	-541	47
43	0	0	0	0	0	-10	-9	-76	-541	47
43	0	0	0	0	0	-10	-9	-76	-541	47
43	0	0	0	0	0	-9	-9	-74	-541	47
43	0	0	0	0	0	-9	-9	-74	-541	47
43	0	0	0	0	0	-9	-9	-74	-541	47
43	0	0	0	0	0	-10	-9	-72	-541	47
43	0	0	0	0	0	-10	-9	-72	-541	47
43	0	0	0	0	0	-10	-9	-72	-541	47
43	0	0	0	0	0	-12	-8	-70	-541	47
43	0	0	0	0	0	-12	-8	-70	-541	47
43	0	0	0	0	0	-12	-8	-70	-541	47
43	0	0	0	0	0	-12	-8	-70	-541	47
43	0	0	0	0	0	-13	-7	-67	-541	47
43	0	0	0	0	0	-13	-7	-67	-541	47
43	0	0	0	0	0	-13	-7	-67	-541	47
43	0	0	0	0	0	-14	-7	-64	-541	47
43	0	0	0	0	0	-14	-7	-64	-541	47
43	0	0	0	0	0	-14	-7	-64	-541	47
43	0	0	0	0	0	-16	-8	-61	-541	47
43	0	0	0	0	0	-16	-8	-61	-541	47
43	0	0	0	0	0	-16	-8	-61	-541	47
43	0	0	0	0	0	-18	-9	-60	-541	47
43	0	0	0	0	0	-18	-9	-60	-541	47
43	0	0	0	0	0	-18	-9	-60	-541	47
43	0	0	0	0	0	-18	-9	-60	-541	47
43	0	0	0	0	0	-17	-8	-59	-541	47
43	0	0	0	0	0	-17	-8	-59	-541	47
43	0	0	0	0	0	-17	-8	-59	-541	47
43	0	0	0	0	0	-14	-8	-60	-541	47
43	0	0	0	0	0	-14	-8	-60	-541	47
43	0	0	0	0	0	-14	-8	-60	-541	47
43	0	0	0	0	0	-12	-10	-60	-541	47
43	0	0	0	0	0	-12	-10	-60	-541	47
43	0	0	0	0	0	-12	-10	-60	-541	47
43	0	0	0	0	0	-10	-10	-59	-541	47
43	0	0	0	0	0	-10	-10	-59	-541	47
43	0	0	0	0	0	-10	-10	-59	-541	47
43	0	0	0	0	0	-10	-10	-59	-541	47
43	0	0	0	0	0	-8	-9	-59	-541	47
43	0	0	0	0	0	-8	-9	-59	-541	47
43	0	0	0	0	0	-8	-9	-59	-541	47
43	0	0	0	0	0	-6	-10	-58	-541	47
43	0	0	0	0	0	-6	-10	-58	-541	47
43	0	0	0	0	0	-6	-10	-58	-541	47
43	0	0	0	0	0	-6	-11	-55	-541	47
43	0	0	0	0	0	-6	-11	-55	-541	47
43	0	0	0	0	0	-6	-11	-55	-541	47
43	0	0	0	0	0	-6	-12	-51	-541	47
43	0	0	0	0	0	-6	-12	-51	-541	47
43	0	0	0	0	0	-6	-12	-51	-541	47
43	0	0	0	0	0	-6	-12	-51	-541	47
43	0	0	0	0	0	-6	-12	-45	-541	47
43	0	0	0	0	0	-6	-12	-45	-541	47
43	0	0	0	0	0	-6	-12	-45	-541	47
43	0	0	0	0	0	-6	-12	-39	-541	47
43	0	0	0	0	0	-6	-12	-39	-541	47
43	0	0	0	0	0	-6	-12	-39	-541	47
43	0	0	0	0	0	-8	-12	-33	-541	47
43	0	0	0	0	0	-8	-12	-33	-541	47
43	0	0	0	0	0	-8	-12	-33	-541	47
43	0	0	0	0	0	-10	-11	-28	-541	47
43	0	0	0	0	0	-10	-11	-28	-541	47
43	0	0	0	0	0	-10	-11	-28	-541	47
43	0	0	0	0	0	-10	-11	-28	-541	47
43	0	0	0	0	0	-12	-11	-24	-541	47
43	0	0	0	0	0	-12	-11	-24	-541	47
43	0	0	0	0	0	-12	-11	-24	-541	47
43	0	0	0	0	0	-13	-10	-21	-541	47
43	0	0	0	0	0	-13	-10	-21	-541	47
43	0	0	0	0	0	-13	-10	-21	-541	47
43	0	0	0	0	0	-15	-9	-17	-541	47
43	0	0	0	0	0	-15	-9	-17	-541	47
43	0	0	0	0	0	-15	-9	-17	-541	47
43	0	0	0	0	0	-16	-8	-15	-541	47
43	0	0	0	0	0	-16	-8	-15	-541	47
43	0	0	0	0	0	-16	-8	-15	-541	47
43	0	0	0	0	0	-16	-8	-15	-541	47
43	0	0	0	0	0	-17	-7	-12	-541	47
43	0	0	0	0	0	-17	-7	-12	-541	47
43	0	0	0	0	0	-17	-7	-12	-541	47
43	0	0	0	0	0	-18	-8	-11	-541	47
43	0	0	0	0	0	-18	-8	-11	-541	47
43	0	0	0	0	0	-18	-8	-11	-541	47
43	0	0	0	0	0	-19	-8	-10	-541	47
43	0	0	0	0	0	-19	-8	-10	-541	47
43	0	0	0	0	0	-19	-8	-10	-541	47
43	0	0	0	0	0	-16	-9	-6	-541	47
43	0	0	0	0	0	-16	-9	-6	-541	47
43	0	0	0	0	0	-16	-9	-6	-541	47
43	0	0	0	0	0	-16	-9	-6	-541	47
43	0	0	0	0	0	-14	-11	-2	-541	47
43	0	0	0	0	0	-14	-11	-2	-541	47
43	0	0	0	0	0	-14	-11	-2	-541	47
43	0	0	0	0	0	-12	-10	0	-541	47
43	0	0	0	0	0	-12	-10	0	-541	47
43	0	0	0	0	0	-12	-10	0	-541	47
43	0	0	0	0	0	-9	-8	1	-541	47
43	0	0	0	0	0	-9	-8	1	-541	47
43	0	0	0	0	0	-9	-8	1	-541	47
43	0	0	0	0	0	-7	-6	1	-541	47
43	0	0	0	0	0	-7	-6	1	-541	47
43	0	0	0	0	0	-7	-6	1	-541	47
43	0	0	0	0	0	-7	-6	1	-541	47
43	0	0	0	0	0	-5	-6	4	-541	47
43	0	0	0	0	0	-5	-6	4	-541	47
43	0	0	0	0	0	-5	-6	4	-541	47
43	0	0	0	0	0	-2	-6	8	-541	47
43	0	0	0	0	0	-2	-6	8	-541	47
43	0	0	0	0	0	-2	-6	8	-541	47
43	0	0	0	0	0	0	-1	8	-541	47
43	0	0	0	0	0	0	-1	8	-541	47
43	0	0	0	0	0	0	-1	8	-541	47
43	0	0	0	0	0	0	-1	8	-541	47
43	0	0	0	0	0	0	0	8	-541	47
43	0	0	0	0	0	0	0	8	-541	47
43	0	0	0	0	0	0	0	8	-541	47
43	0	0	0	0	0	0	-1	8	-541	47
43	0	0	0	0	0	0	-1	8	-541	47
43	0	0	0	0	0	0	-1	8	-541	47
43	0	0	0	0	0	0	0	6	-541	47
43	0	0	0	0	0	0	0	6	-541	47
43	0	0	0	0	0	0	0	6	-541	47
43	0	0	0	0	0	1	0	4	-541	47
43	0	0	0	0	0	1	0	4	-541	47
43	0	0	0	0	0	1	0	4	-541	47
43	0	0	0	0	0	1	1	2	-541	47
43	0	0	0	0	0	1	1	2	-541	47
43	0	0	0	0	0	1	1	2	-541	47
43	0	0	0	0	0	1	1	2	-541	47
43	0	0	0	0	0	2	1	1	-541	47
43	0	0	0	0	0	2	1	1	-541	47
43	0	0	0	0	0	2	1	1	-541	47
43	0	0	0	0	0	4	3	1	-541	47
43	0	0	0	0	0	4	3	1	-541	47
43	0	0	0	0	0	4	3	1	-541	47
43	0	0	0	0	0	4	3	2	-541	47
43	0	0	0	0	0	4	3	2	-541	47
43	0	0	0	0	0	4	3	2	-541	47
43	0	0	0	0	0	4	3	2	-541	47
43	0	0	0	0	0	4	2	3	-541	47
43	0	0	0	0	0	4	2	3	-541	47
43	0	0	0	0	0	4	2	3	-541	47
43	0	0	0	0	0	4	1	2	-541	47
43	0	0	0	0	0	4	1	2	-541	47
43	0	0	0	0	0	4	1	2	-541	47
43	0	0	0	0	0	5	0	1	-541	47
43	0	0	0	0	0	5	0	1	-541	47
43	0	0	0	0	0	5	0	1	-541	47
43	0	0	0	0	0	5	0	3	-541	47
43	0	0	0	0	0	5	0	3	-541	47
43	0	0	0	0	0	5	0	3	-541	47
43	0	0	0	0	0	5	0	3	-541	47
43	0	0	0	0	0	6	0	4	-541	47
43	0	0	0	0	0	6	0	4	-541	47
43	0	0	0	0	0	6	0	4	-541	47
43	0	0	0	0	0	6	0	4	-541	47
43	0	0	0	0	0	6	0	4	-541	47
43	0	0	0	0	0	6	0	4	-541	47
43	0	0	0	0	0	5	-1	3	-541	47
43	0	0	0	0	0	5	-1	3	-541	47
43	0	0	0	0	0	5	-1	3	-541	47
43	0	0	0	0	0	3	-2	1	-541	47
43	0	0	0	0	0	3	-2	1	-541	47
43	0	0	0	0	0	3	-2	1	-541	47
43	0	0	0	0	0	3	-2	1	-541	47
43	0	0	0	0	0	2	-2	1	-541	47
43	0	0	0	0	0	2	-2	1	-541	47
43	0	0	0	0	0	2	-2	1	-541	47
43	0	0	0	0	0	2	-2	2	-541	47
43	0	0	0	0	0	2	-2	2	-541	47
43	0	0	0	0	0	2	-2	2	-541	47
43	0	0	0	0	0	2	-2	2	-541	47
43	0	0	0	0	0	2	-2	2	-541	47
43	0	0	0	0	0	2	-2	2	-541	47
43	0	0	0	0	0	2	-2	2	-541	47
43	0	0	0	0	0	2	-2	2	-541	47
43	0	0	0	0	0	2	-2	2	-541	47
43	0	0	0	0	0	2	-2	2	-541	47
43	0	0	0	0	0	2	-2	2	-541	47
43	0	0	0	0	0	2	-2	2	-541	47
43	0	0	0	0	0	2	-2	2	-541	47
43	0	0	0	0	0	2	-2	2	-541	47
43	0	0	0	0	0	2	-2	2	-541	47
43	0	0	0	0	0	2	-2	2	-541	47
43	0	0	0	0	0	2	-2	2	-541	47
43	0	0	0	0	0	2	-2	2	-541	47
43	0	0	0	0	0	2	-2	2	-541	47
43	0	0	0	0	0	2	-2	2	-541	47
43	0	0	0	0	0	2	-2	2	-541	47
43	0	0	0	0	0	2	-2	2	-541	47
43	0	0	0	0	0	2	-2	2	-541	47
43	0	0	0	0	0	2	-2	2	-541	47
43	0	0	0	0	0	2	-2	2	-541	47
43	0	0	0	0	0	2	-2	2	-541	47
43	0	0	0	0	0	2	-2	2	-541	47
43	0	0	0	0	0	2	-2	2	-541	47
43	0	0	0	0	0	2	-2	2	-541	47
43	0	0	0	0	0	2	-2	2	-541	47
43	0	0	0	0	0	2	-2	2	-541	47
43	0	0	0	0	0	2	-2	2	-541	47
43	0	0	0	0	0	2	-2	2	-541	47
43	0	0	0	0	0	2	-2	2	-541	47
43	0	0	0	0	0	2	-2	2	-541	47
43	0	0	0	0	0	2	-2	2	-541	47
43	0	0	0	0	0	1	-2	2	-541	47
43	0	0	0	0	0	1	-2	2	-541	47
43	0	0	0	0	0	1	-2	2	-541	47
43	0	0	0	0	0	1	-2	2	-541	47
43	0	0	0	0	0	1	-2	2	-541	47
43	0	0	0	0	0	1	-2	2	-541	47
43	0	0	0	0	0	1	-2	2	-541	47
43	0	0	0	0	0	1	-2	2	-541	47
43	0	0	0	0	0	1	-2	2	-541	47
43	0	0	0	0	0	1	-2	2	-541	47
43	0	0	0	0	0	1	-2	2	-541	47
43	0	0	0	0	0	1	-2	2	-541	47
43	0	0	0	0	0	1	-2	2	-541	47
43	0	0	0	0	0	1	-2	2	-541	47
43	0	0	0	0	0	1	-2	2	-541	47
43	0	0	0	0	0	1	-2	2	-541	47
43	0	0	0	0	0	1	-2	2	-541	47
43	0	0	0	0	0	1	-2	2	-541	47
43	0	0	0	0	0	1	-2	2	-541	47
43	0	0	0	0	0	1	-1	2	-541	47
43	0	0	0	0	0	1	-1	2	-541	47
43	0	0	0	0	0	1	-1	2	-541	47
43	0	0	0	0	0	1	-1	2	-541	47
43	0	0	0	0	0	1	-1	2	-541	47
43	0	0	0	0	0	1	-1	2	-541	47
43	0	0	0	0	0	1	-1	2	-541	47
43	0	0	0	0	0	1	-1	2	-541	47
43	0	0	0	0	0	1	-1	2	-541	47
43	0	0	0	0	0	1	-1	2	-541	47
43	0	0	0	0	0	1	-1	2	-541	47
43	0	0	0	0	0	1	-1	2	-541	47
43	0	0	0	0	0	1	-1	2	-541	47
43	0	0	0	0	0	1	-1	2	-541	47
43	0	0	0	0	0	1	-1	2	-541	47
43	0	0	0	0	0	1	-1	2	-541	47
43	0	0	0	0	0	1	-1	2	-541	47
43	0	0	0	0	0	1	-1	2	-541	47
43	0	0	0	0	0	1	-1	2	-541	47
43	0	0	0	0	0	1	-1	2	-541	47
43	0	0	0	0	0	1	-1	2	-541	47
43	0	0	0	0	0	1	-1	2	-541	47
43	0	0	0	0	0	1	-1	2	-541	47
43	0	0	0	0	0	1	-1	2	-541	47
43	0	0	0	0	0	1	-1	2	-541	47
43	0	0	0	0	0	1	-1	2	-541	47
43	0	0	0	0	0	1	-1	2	-541	47
43	0	0	0	0	0	1	-1	2	-541	47
43	0	0	0	0	0	1	-1	2	-541	47
43	0	0	0	0	0	1	-1	2	-541	47
43	0	0	0	0	0	1	-1	2	-541	47
43	0	0	0	0	0	1	-1	2	-541	47
43	0	0	0	0	0	1	-1	2	-541	47
43	0	0	0	0	0	1	-1	2	-541	47
43	0	0	0	0	0	1	-1	2	-541	47
43	0	0	0	0	0	1	-1	2	-541	47
43	0	0	0	0	0	1	-1	2	-541	47
43	0	0	0	0	0	1	-1	2	-541	47
43	0	0	0	0	0	1	-1	2	-541	47
43	0	0	0	0	0	1	-1	2	-541	47
43	0	0	0	0	0	1	-1	2	-541	47
43	0	0	0	0	0	1	-1	2	-541	47
43	0	0	0	0	0	1	-1	2	-541	47
43	0	0	0	0	0	1	-1	2	-541	47
43	0	0	0	0	0	1	-1	2	-541	47
43	0	0	0	0	0	1	-1	2	-541	47
43	0	0	0	0	0	0	-1	2	-541	47
43	0	0	0	0	0	0	-1	2	-541	47
43	0	0	0	0	0	0	-1	2	-541	47
43	0	0	0	0	0	0	-1	2	-541	47
43	0	0	0	0	0	0	-1	2	-541	47
43	0	0	0	0	0	0	-1	2	-541	47
43	0	0	0	0	0	0	-1	2	-541	47
43	0	0	0	0	0	0	-1	2	-541	47
43	0	0	0	0	0	0	-1	2	-541	47
43	0	0	0	0	0	0	-1	2	-541	47
43	0	0	0	0	0	0	-1	2	-541	47
43	0	0	0	0	0	0	-1	2	-541	47
43	0	0	0	0	0	0	-1	2	-541	47
43	0	0	0	0	0	0	-1	2	-541	47
43	0	0	0	0	0	0	-1	2	-541	47
43	0	0	0	0	0	0	-1	2	-541	47
43	0	0	0	0	0	0	-1	2	-541	47
43	0	0	0	0	0	0	-1	2	-541	47
43	0	0	0	0	0	0	-1	2	-541	47
43	0	0	0	0	0	0	-1	2	-541	47
43	0	0	0	0	0	0	-1	2	-541	47
0	0	0	0	0	0	0	0	0	-541	47
0	0	0	0	0	0	0	0	0	-541	47
0	0	0	0	0	0	0	0	0	-541	47
43	0	0	0	0	0	0	0	2	-541	47
43	0	0	0	0	0	0	0	2	-541	47
43	0	0	0	0	0	0	0	2	-541	47
43	0	0	0	0	0	0	0	2	-541	47
43	0	0	0	0	0	0	0	2	-541	47
43	0	0	0	0	0	0	0	2	-541	47
43	0	0	0	0	0	0	0	2	-541	47
43	0	0	0	0	0	0	0	2	-541	47
43	0	0	0	0	0	0	0	2	-541	47
43	0	0	0	0	0	0	0	2	-541	47
43	0	0	0	0	0	0	0	2	-541	47
43	0	0	0	0	0	0	0	2	-541	47
43	0	0	0	0	0	0	0	2	-541	47
43	0	0	0	0	0	0	0	2	-541	47
43	0	0	0	0	0	0	0	2	-541	47
43	0	0	0	0	0	0	0	2	-541	47
43	0	0	0	0	0	0	0	2	-541	47
43	0	0	0	0	0	0	0	2	-541	47
43	0	0	0	0	0	0	0	2	-541	47
43	0	0	0	0	0	0	0	2	-541	47
43	0	0	0	0	0	0	0	2	-541	47
43	0	0	0	0	0	0	0	2	-541	47
43	0	0	0	0	0	0	0	2	-541	47
43	0	0	0	0	0	0	0	2	-541	47
43	0	0	0	0	0	0	0	2	-541	47
43	0	0	0	0	0	0	0	2	-541	47
43	0	0	0	0	0	0	0	2	-541	47
43	0	0	0	0	0	0	0	2	-541	48
43	0	0	0	0	0	0	0	2	-541	48
43	0	0	0	0	0	0	0	2	-541	48
43	0	0	0	0	0	0	0	2	-541	48
43	0	0	0	0	0	0	0	2	-541	48
43	0	0	0	0	0	0	0	2	-541	48
43	0	0	0	0	0	0	0	2	-541	48
43	0	0	0	0	0	0	0	2	-541	48
43	0	0	0	0	0	0	0	2	-541	48
43	0	0	0	0	0	0	0	2	-541	48
43	0	0	0	0	0	0	0	2	-541	48
43	0	0	0	0	0	0	0	2	-541	47
43	0	0	0	0	0	0	0	2	-541	47
43	0	0	0	0	0	0	0	2	-541	47
43	0	0	0	0	0	0	0	2	-541	47
43	0	0	0	0	0	0	0	2	-541	47
43	0	0	0	0	0	0	0	2	-541	47
43	0	0	0	0	0	0	0	2	-541	47
43	0	0	0	0	0	0	0	2	-541	47
43	0	0	0	0	0	0	0	2	-541	47
43	0	0	0	0	0	0	0	2	-541	47
43	0	0	0	0	0	0	0	2	-541	47
43	0	0	0	0	0	0	0	2	-541	47
43	0	0	0	0	0	0	0	2	-541	47
43	0	0	0	0	0	0	0	2	-541	47
43	0	0	0	0	0	0	0	2	-541	47
43	0	0	0	0	0	0	0	2	-541	47
43	0	0	0	0	0	0	0	2	-541	47
43	0	0	0	0	0	0	0	2	-541	47
43	0	0	0	0	0	0	0	2	-541	47
43	0	0	0	0	0	0	0	2	-541	47
43	0	0	0	0	0	0	0	2	-541	47
43	0	0	0	1	0	0	0	2	-541	47
43	0	0	0	1	0	0	0	2	-541	47
43	0	0	0	1	0	0	0	2	-541	47
43	0	0	0	0	0	0	0	2	-541	47
43	0	0	0	0	0	0	0	2	-541	47
43	0	0	0	0	0	0	0	2	-541	47
43	0	0	0	0	0	0	0	2	-541	47
43	0	0	0	0	0	0	0	2	-541	47
43	0	0	0	0	0	0	0	2	-541	47
43	0	0	0	0	0	0	0	2	-541	47
43	0	0	0	1	0	0	0	2	-541	47
43	0	0	0	1	0	0	0	2	-541	47
43	0	0	0	1	0	0	0	2	-541	47
43	0	0	0	-1	0	0	0	2	-541	47
43	0	0	0	-1	0	0	0	2	-541	47
43	0	0	0	-1	0	0	0	2	-541	47
43	0	0	0	0	0	0	0	2	-541	47
43	0	0	0	0	0	0	0	2	-541	47
43	0	0	0	0	0	0	0	2	-541	47
43	0	0	0	0	0	0	0	2	-541	47
43	0	0	0	0	0	0	0	2	-541	47
43	0	0	0	0	0	0	0	2	-541	47
43	0	0	0	0	0	0	0	2	-541	47
43	0	0	0	0	0	0	0	2	-541	47
43	0	0	0	0	0	0	0	2	-541	47
43	0	0	0	0	0	0	0	2	-541	47
43	0	0	0	0	0	0	0	2	-541	47
43	0	0	0	0	0	0	0	2	-541	47
43	0	0	0	0	0	0	0	2	-541	47
43	0	0	0	0	0	0	0	2	-541	47
43	0	0	0	0	0	0	0	2	-541	47
43	0	0	0	0	0	0	0	2	-541	47
43	0	0	0	0	0	0	0	2	-541	47
43	0	0	0	0	0	0	0	2	-541	47
43	0	0	0	0	0	0	0	2	-541	47
43	0	0	0	0	0	0	0	2	-541	47
43	0	0	0	0	0	0	0	2	-541	47
43	0	0	0	0	0	0	0	2	-541	47
43	0	0	0	0	0	0	0	2	-541	47
43	0	0	-1	-1	0	0	0	2	-541	47
43	0	0	-1	-1	0	0	0	2	-541	47
43	0	0	-1	-1	0	0	0	2	-541	47
43	0	0	-1	0	0	0	0	2	-541	47
43	0	0	-1	0	0	0	0	2	-541	47
43	0	0	-1	0	0	0	0	2	-541	47
43	0	0	0	0	0	0	0	2	-541	47
43	0	0	0	0	0	0	0	2	-541	47
43	0	0	0	0	0	0	0	2	-541	47
43	0	0	0	0	0	0	0	2	-541	47
43	0	0	0	0	0	0	0	2	-541	47
43	0	0	0	0	0	0	0	2	-541	47
43	0	0	0	0	0	0	0	2	-541	47
43	0	0	-1	-1	0	0	0	2	-541	47
43	0	0	-1	-1	0	0	0	2	-541	47
43	0	0	-1	-1	0	0	0	2	-541	47
43	0	0	-1	-2	0	0	0	2	-541	47
43	0	0	-1	-2	0	0	0	2	-541	47
43	0	0	-1	-2	0	0	0	2	-541	47
43	0	0	-2	-1	0	0	0	2	-541	47
43	0	0	-2	-1	0	0	0	2	-541	47
43	0	0	-2	-1	0	0	0	2	-541	47
43	0	0	-2	-1	0	0	0	2	-541	47
43	0	0	-2	0	0	0	0	2	-541	47
43	0	0	-2	0	0	0	0	2	-541	47
43	0	0	-2	0	0	0	0	2	-541	47
43	0	0	-1	0	0	0	0	2	-541	47
43	0	0	-1	0	0	0	0	2	-541	47
43	0	0	-1	0	0	0	0	2	-541	47
43	0	0	-1	0	0	0	0	2	-541	47
43	0	0	-1	0	0	0	0	2	-541	47
43	0	0	-1	0	0	0	0	2	-541	47
43	0	0	0	0	0	0	0	2	-541	47
43	0	0	0	0	0	0	0	2	-542	47
43	0	0	0	0	0	0	0	2	-542	47
43	0	0	0	0	0	0	0	2	-542	47
43	0	0	-2	0	0	0	0	2	-542	47
43	0	0	-2	0	0	0	0	2	-542	47
43	0	0	-2	0	0	0	0	2	-542	47
43	0	0	-2	2	0	0	0	2	-542	47
43	0	0	-2	2	0	0	0	2	-542	47
43	0	0	-2	2	0	0	0	2	-542	47
43	0	0	0	2	0	0	0	2	-542	47
43	0	0	0	2	0	0	0	2	-542	47
43	0	0	0	2	0	0	0	2	-542	47
43	0	0	0	2	0	0	0	2	-542	47
43	0	0	6	6	0	-1	1	2	-542	48
43	0	0	6	6	0	-1	1	2	-542	48
43	0	0	6	6	0	-1	1	2	-541	48
43	0	0	12	12	0	-2	2	1	-541	48
43	0	0	12	12	0	-2	2	1	-541	48
43	0	0	12	12	0	-2	2	1	-541	48
43	0	0	18	24	0	-3	3	1	-541	49
43	0	0	18	24	0	-3	3	1	-540	49
43	0	0	18	24	0	-3	3	1	-540	50
43	0	0	22	26	0	-3	3	1	-539	50
43	0	0	22	26	0	-3	3	1	-539	51
43	0	0	22	26	0	-3	3	1	-539	51
43	0	0	29	25	0	-3	3	1	-538	52
43	0	0	29	25	0	-3	3	1	-538	52
43	0	0	29	25	0	-3	3	1	-537	53
43	0	0	29	25	0	-3	3	1	-536	53
43	0	0	39	24	0	-4	2	2	-536	54
43	0	0	39	24	0	-4	2	2	-535	54
43	0	0	39	24	0	-4	2	2	-534	55
43	0	0	36	21	0	-3	2	2	-533	55
43	0	0	36	21	0	-3	2	2	-533	56
43	0	0	36	21	0	-3	2	2	-532	56
43	0	0	35	20	0	-3	2	2	-531	56
43	0	0	35	20	0	-3	2	2	-531	57
43	0	0	35	20	0	-3	2	2	-530	57
43	0	0	35	20	0	-3	2	2	-529	58
43	0	0	30	21	0	-3	2	2	-528	58
43	0	0	30	21	0	-3	2	2	-528	59
43	0	0	30	21	0	-3	2	2	-527	59
43	0	0	25	20	0	-2	2	2	-527	59
43	0	0	25	20	0	-2	2	2	-526	60
43	0	0	25	20	0	-2	2	2	-526	60
43	0	0	11	18	0	0	2	2	-525	61
43	0	0	11	18	0	0	2	2	-525	61
43	0	0	11	18	0	0	2	2	-525	61
42	0	0	4	17	0	0	2	2	-524	62
42	0	0	4	17	0	0	2	2	-524	62
42	0	0	4	17	0	0	2	2	-524	62
42	0	0	4	17	0	0	2	2	-524	63
42	0	0	0	29	0	0	2	2	-524	63
42	0	0	0	29	0	0	2	2	-524	64
42	0	0	0	29	0	0	2	2	-524	64
42	0	0	-1	19	0	0	2	2	-524	65
42	0	0	-1	19	0	0	2	2	-524	65
42	0	0	-1	19	0	0	2	2	-524	66
42	0	0	-4	21	0	0	2	2	-524	66
42	0	0	-4	21	0	0	2	2	-524	66
42	0	0	-4	21	0	0	2	2	-524	67
42	0	0	-10	35	0	0	1	2	-524	67
42	0	0	-10	35	0	0	1	2	-525	68
42	0	0	-10	35	0	0	1	2	-525	69
42	0	0	-10	35	0	0	1	2	-525	69
42	0	242	-12	45	0	0	1	-7	-525	70
42	0	242	-12	45	0	0	1	-7	-525	71
42	0	242	-12	45	0	0	1	-7	-526	72
42	0	242	-4	-2	0	0	1	-7	-526	73
42	0	242	-4	-2	0	0	1	-7	-526	73
42	0	242	-4	-2	0	0	1	-7	-526	73
42	0	274	13	-35	0	0	2	-8	-526	73
42	0	274	13	-35	0	0	2	-8	-526	72
42	0	274	13	-35	0	0	2	-8	-526	71
42	0	254	11	-24	0	0	4	-8	-525	71
42	0	254	11	-24	0	0	4	-8	-525	70
42	0	254	11	-24	0	0	4	-8	-525	70
42	0	254	11	-24	0	0	4	-8	-525	69
42	0	264	17	37	0	0	4	-8	-524	69
42	0	264	17	37	0	0	4	-8	-524	69
42	0	264	17	37	0	0	4	-8	-524	70
42	0	289	35	76	0	-1	3	-8	-523	71
42	0	289	35	76	0	-1	3	-8	-523	72
42	0	289	35	76	0	-1	3	-8	-522	74
42	0	310	64	70	0	-2	1	-8	-521	75
42	0	310	64	70	0	-2	1	-8	-520	77
42	0	310	64	70	0	-2	1	-8	-519	78
42	0	350	108	23	0	-2	-1	-9	-517	80
42	0	350	108	23	0	-2	-1	-9	-515	80
42	0	350	108	23	0	-2	-1	-9	-513	81
42	0	350	108	23	0	-2	-1	-9	-511	81
42	0	381	149	-44	0	-3	-3	-9	-509	82
42	0	381	149	-44	0	-3	-3	-9	-506	81
42	0	381	149	-44	0	-3	-3	-9	-503	80
42	0	418	182	-121	0	-3	-4	-9	-500	79
42	0	418	182	-121	0	-3	-4	-9	-496	76
42	0	418	182	-121	0	-3	-4	-9	-492	74
42	0	467	192	-220	0	-2	-6	-9	-489	72
42	0	467	192	-220	0	-2	-6	-9	-485	67
42	0	467	192	-220	0	-2	-6	-9	-481	63
40	0	498	187	-312	0	-1	-8	-9	-477	58
40	0	498	187	-312	0	-1	-8	-9	-474	52
40	0	498	187	-312	0	-1	-8	-9	-470	46
40	0	498	187	-312	0	-1	-8	-9	-466	40
40	0	525	177	-399	0	0	-8	-9	-462	33
40	0	525	177	-399	0	0	-8	-9	-459	25
40	0	525	177	-399	0	0	-8	-9	-455	17
40	0	555	166	-489	0	0	-9	-9	-452	9
40	0	555	166	-489	0	0	-9	-9	-448	0
40	0	555	166	-489	0	0	-9	-9	-445	-9
40	0	574	151	-563	0	0	-9	-9	-442	-19
40	0	574	151	-563	0	0	-9	-9	-439	-30
40	0	574	151	-563	0	0	-9	-9	-436	-42
40	0	592	135	-637	0	0	-8	-9	-433	-53
40	0	592	135	-637	0	0	-8	-9	-430	-66
40	0	592	135	-637	0	0	-8	-9	-427	-78
40	0	592	135	-637	0	0	-8	-9	-424	-91
40	0	598	116	-699	0	0	-8	-9	-422	-104
40	0	598	116	-699	0	0	-8	-9	-419	-118
40	0	598	116	-699	0	0	-8	-9	-417	-132
40	0	602	95	-748	0	1	-6	-9	-415	-146
40	0	602	95	-748	0	1	-6	-9	-413	-161
40	0	602	95	-748	0	1	-6	-9	-411	-176
40	0	612	62	-707	0	2	1	-9	-409	-191
40	0	612	62	-707	0	2	1	-9	-407	-211
40	0	612	62	-707	0	2	1	-9	-406	-219
40	0	612	26	-595	0	2	9	-8	-405	-233
40	0	612	26	-595	0	2	9	-8	-405	-245
40	0	612	26	-595	0	2	9	-8	-404	-257
40	0	612	26	-595	0	2	9	-8	-404	-269
40	0	615	-16	-64	0	3	12	-8	-403	-281
40	0	615	-16	-64	0	3	12	-8	-403	-282
40	0	615	-16	-64	0	3	12	-8	-404	-283
40	0	620	123	-12	0	3	8	-8	-404	-285
40	0	620	123	-12	0	3	8	-8	-402	-285
40	0	620	123	-12	0	3	8	-8	-399	-285
40	0	622	190	121	0	3	1	-8	-397	-285
40	0	622	190	121	0	3	1	-8	-393	-283
40	0	622	190	121	0	3	1	-8	-389	-280
40	0	627	159	100	0	2	-3	-8	-385	-278
40	0	627	159	100	0	2	-3	-8	-382	-276
40	0	627	159	100	0	2	-3	-8	-379	-274
40	0	627	159	100	0	2	-3	-8	-376	-272
40	0	629	149	31	0	1	-6	-8	-372	-270
40	0	629	149	31	0	1	-6	-8	-369	-269
40	0	629	149	31	0	1	-6	-8	-366	-269
40	0	630	179	-19	0	0	-8	-8	-363	-268
40	0	630	179	-19	0	0	-8	-8	-360	-268
40	0	630	179	-19	0	0	-8	-8	-356	-269
37	0	636	195	-83	0	0	-8	-8	-353	-269
37	0	636	195	-83	0	0	-8	-8	-349	-271
37	0	636	195	-83	0	0	-8	-8	-345	-273
37	0	643	204	-175	0	0	-8	-8	-341	-274
37	0	643	204	-175	0	0	-8	-8	-337	-278
37	0	643	204	-175	0	0	-8	-8	-333	-281
37	0	643	204	-175	0	0	-8	-8	-329	-285
37	0	649	214	-258	0	0	-8	-8	-325	-288
37	0	649	214	-258	0	0	-8	-8	-320	-293
37	0	649	214	-258	0	0	-8	-8	-316	-299
37	0	657	218	-321	0	0	-7	-8	-312	-304
37	0	657	218	-321	0	0	-7	-8	-307	-310
37	0	657	218	-321	0	0	-7	-8	-303	-317
37	0	661	222	-366	0	0	-7	-9	-299	-323
37	0	661	222	-366	0	0	-7	-9	-294	-330
37	0	661	222	-366	0	0	-7	-9	-290	-338
37	0	661	222	-366	0	0	-7	-9	-277	-359
37	0	664	215	-427	0	0	-6	-9	-273	-366
37	0	670	210	-482	0	0	-6	-9	-268	-374
37	0	670	210	-482	0	0	-6	-9	-264	-384
37	0	672	200	-525	0	0	-6	-9	-260	-393
37	0	672	200	-525	0	0	-6	-9	-246	-430
37	0	676	203	-559	0	0	-5	-9	-242	-441
37	0	676	203	-559	0	0	-5	-9	-238	-452
37	0	676	203	-559	0	0	-5	-9	-234	-463
37	0	680	203	-558	0	0	-3	-9	-230	-474
37	0	680	203	-558	0	0	-3	-9	-226	-485
37	0	680	203	-558	0	0	-3	-9	-222	-497
37	0	685	190	-558	0	0	-1	-8	-218	-508
37	0	685	190	-558	0	0	-1	-8	-214	-519
37	0	685	190	-558	0	0	-1	-8	-210	-530
37	0	685	190	-558	0	0	-1	-8	-206	-541
37	0	693	180	-528	0	0	0	-8	-202	-552
37	0	693	180	-528	0	0	0	-8	-199	-563
37	0	693	180	-528	0	0	0	-8	-195	-574
37	0	708	167	-482	0	0	1	-8	-192	-584
37	0	708	167	-482	0	0	1	-8	-188	-594
37	0	708	167	-482	0	0	1	-8	-185	-603
37	0	722	157	-419	0	0	2	-8	-181	-613
37	0	722	157	-419	0	0	2	-8	-178	-622
37	0	722	157	-419	0	0	2	-8	-175	-630
37	0	732	150	-347	0	0	3	-8	-172	-638
37	0	732	150	-347	0	0	3	-8	-169	-645
37	0	732	150	-347	0	0	3	-8	-166	-652
37	0	732	150	-347	0	0	3	-8	-163	-660
37	0	747	141	-274	0	0	4	-8	-160	-666
37	0	747	141	-274	0	0	4	-8	-157	-672
37	0	747	141	-274	0	0	4	-8	-154	-677
33	0	758	135	-203	0	0	4	-8	-151	-683
33	0	758	135	-203	0	0	4	-8	-149	-687
33	0	758	135	-203	0	0	4	-8	-146	-691
33	0	771	132	-138	0	0	4	-8	-143	-695
33	0	771	132	-138	0	0	4	-8	-141	-698
33	0	771	132	-138	0	0	4	-8	-138	-700
33	0	771	132	-138	0	0	4	-8	-135	-703
33	0	784	131	-82	0	0	3	-8	-133	-706
33	0	784	131	-82	0	0	3	-8	-130	-707
33	0	784	131	-82	0	0	3	-8	-127	-709
33	0	794	130	-32	0	0	3	-8	-125	-711
33	0	794	130	-32	0	0	3	-8	-122	-711
33	0	794	130	-32	0	0	3	-8	-120	-712
33	0	807	130	11	0	0	2	-8	-117	-713
33	0	807	130	11	0	0	2	-8	-114	-712
33	0	807	130	11	0	0	2	-8	-112	-712
33	0	819	131	49	0	0	2	-8	-109	-712
33	0	829	132	81	0	0	2	-8	-107	-711
33	0	840	126	109	0	0	1	-8	-94	-703
33	0	840	126	109	0	0	1	-8	-85	-695
33	0	852	109	132	0	0	1	-8	-82	-693
33	0	852	109	132	0	0	1	-8	-80	-690
33	0	852	109	132	0	0	1	-8	-78	-688
33	0	866	95	153	0	0	1	-8	-76	-685
33	0	866	95	153	0	0	1	-8	-74	-682
33	0	866	95	153	0	0	1	-8	-72	-679
33	0	883	84	173	0	0	1	-8	-70	-676
33	0	883	84	173	0	0	1	-8	-68	-672
33	0	883	84	173	0	0	1	-8	-67	-669
33	0	899	74	189	0	0	1	-8	-65	-665
33	0	899	74	189	0	0	1	-8	-63	-662
33	0	899	74	189	0	0	1	-8	-62	-658
33	0	899	74	189	0	0	1	-8	-60	-654
33	0	914	69	201	0	0	1	-8	-59	-650
33	0	914	69	201	0	0	1	-8	-58	-646
33	0	914	69	201	0	0	1	-8	-56	-642
33	0	930	67	210	0	0	0	-8	-55	-638
33	0	930	67	210	0	0	0	-8	-53	-634
33	0	930	67	210	0	0	0	-8	-52	-630
33	0	945	66	216	0	0	0	-8	-51	-626
33	0	945	66	216	0	0	0	-8	-49	-621
33	0	945	66	216	0	0	0	-8	-48	-617
30	0	963	66	217	0	0	0	-8	-47	-613
30	0	963	66	217	0	0	0	-8	-45	-608
30	0	963	66	217	0	0	0	-8	-44	-604
30	0	963	66	217	0	0	0	-8	-43	-600
30	0	982	70	218	0	0	0	-8	-41	-595
30	0	982	70	218	0	0	0	-8	-40	-591
30	0	1000	73	218	0	0	0	-8	-39	-586
30	0	1000	73	218	0	0	0	-8	-34	-572
30	0	1018	77	214	0	0	0	-8	-32	-568
30	0	1018	77	214	0	0	0	-8	-31	-563
30	0	1018	77	214	0	0	0	-8	-29	-559
30	0	1036	80	207	0	0	0	-8	-28	-555
30	0	1036	80	207	0	0	0	-8	-26	-551
30	0	1036	80	207	0	0	0	-8	-24	-547
30	0	1056	79	194	0	0	0	-8	-23	-542
30	0	1056	79	194	0	0	0	-8	-21	-539
30	0	1056	79	194	0	0	0	-8	-20	-535
30	0	1056	79	194	0	0	0	-8	-18	-531
30	0	1082	75	186	0	0	0	-8	-16	-527
30	0	1082	75	186	0	0	0	-8	-15	-523
30	0	1082	75	186	0	0	0	-8	-13	-519
30	0	1110	67	195	0	0	0	-8	-12	-516
30	0	1110	67	195	0	0	0	-8	-11	-512
30	0	1110	67	195	0	0	0	-8	-9	-508
30	0	1141	55	208	0	0	1	-8	-8	-503
30	0	1141	55	208	0	0	1	-8	-7	-500
30	0	1141	55	208	0	0	1	-8	-6	-496
30	0	1141	55	208	0	0	1	-8	-4	-491
30	0	1175	41	222	0	0	1	-8	-3	-487
30	0	1175	41	222	0	0	1	-8	-3	-483
30	0	1175	41	222	0	0	1	-8	-2	-478
30	0	1210	29	231	0	0	1	-8	-1	-474
30	0	1210	29	231	0	0	1	-8	0	-469
30	0	1210	29	231	0	0	1	-8	0	-464
30	0	1248	28	228	0	0	0	-8	0	-460
30	0	1248	28	228	0	0	0	-8	0	-455
30	0	1248	28	228	0	0	0	-8	1	-451
30	0	1291	38	218	0	0	0	-8	2	-446
30	0	1291	38	218	0	0	0	-8	2	-442
30	0	1291	38	218	0	0	0	-8	3	-437
30	0	1350	50	205	0	0	0	-8	4	-433
30	0	1350	50	205	0	0	0	-8	5	-429
30	0	1350	50	205	0	0	0	-8	6	-425
30	0	1350	50	205	0	0	0	-8	7	-421
30	0	1397	63	192	0	-1	0	-8	8	-417
30	0	1397	63	192	0	-1	0	-8	9	-413
30	0	1397	63	192	0	-1	0	-8	10	-409
30	0	1438	74	178	0	-1	0	-8	12	-405
30	0	1438	74	178	0	-1	0	-8	13	-401
30	0	1438	74	178	0	-1	0	-8	15	-398
26	0	1474	85	161	0	-1	-1	-8	16	-394
26	0	1474	85	161	0	-1	-1	-8	18	-391
26	0	1474	85	161	0	-1	-1	-8	20	-388
26	0	1514	94	143	0	-1	-1	-8	21	-385
26	0	1514	94	143	0	-1	-1	-8	23	-382
26	0	1514	94	143	0	-1	-1	-8	25	-379
26	0	1514	94	143	0	-1	-1	-8	27	-376
26	0	1514	94	143	0	-1	-1	-8	29	-373
26	0	1549	100	128	0	0	-1	-8	31	-370
26	0	1549	100	128	0	0	-1	-8	33	-368
26	0	1586	103	114	0	0	0	-8	35	-365
26	0	1586	103	114	0	0	0	-8	37	-363
26	0	1586	103	114	0	0	0	-8	39	-361
26	0	1626	108	102	0	0	0	-8	41	-358
26	0	1626	108	102	0	0	0	-8	43	-356
26	0	1626	108	102	0	0	0	-8	45	-354
26	0	1662	112	93	0	0	0	-8	47	-352
26	0	1662	112	93	0	0	0	-8	50	-350
26	0	1662	112	93	0	0	0	-8	52	-348
26	0	1662	112	93	0	0	0	-8	54	-347
26	0	1701	117	81	0	0	0	-8	56	-345
26	0	1701	117	81	0	0	0	-8	59	-343
26	0	1701	117	81	0	0	0	-8	61	-341
26	0	1739	120	71	0	0	0	-8	64	-340
26	0	1739	120	71	0	0	0	-8	66	-338
26	0	1739	120	71	0	0	0	-8	68	-337
26	0	1775	124	61	0	0	0	-8	71	-335
26	0	1775	124	61	0	0	0	-8	73	-334
26	0	1775	124	61	0	0	0	-8	76	-333
26	0	1814	128	51	0	0	0	-8	78	-332
26	0	1814	128	51	0	0	0	-8	81	-331
26	0	1814	128	51	0	0	0	-8	83	-330
26	0	1814	128	51	0	0	0	-8	86	-329
26	0	1849	129	42	0	0	0	-8	89	-328
26	0	1849	129	42	0	0	0	-8	91	-327
26	0	1849	129	42	0	0	0	-8	94	-326
26	0	1885	127	33	0	0	0	-8	96	-325
26	0	1922	125	37	0	0	0	-8	99	-324
26	0	1998	181	87	0	0	0	-8	121	-318
26	0	1998	181	87	0	0	0	-8	124	-316
26	0	1998	181	87	0	0	0	-8	128	-315
24	0	2035	129	59	0	0	0	-8	131	-313
24	0	2035	129	59	0	0	0	-8	134	-312
24	0	2035	129	59	0	0	0	-8	137	-310
24	0	2035	129	59	0	0	0	-8	139	-309
24	0	2081	120	61	0	0	0	-8	142	-308
24	0	2081	120	61	0	0	0	-8	144	-307
24	0	2081	120	61	0	0	0	-8	147	-306
24	0	2116	126	72	0	0	0	-8	149	-304
24	0	2116	126	72	0	0	0	-8	151	-303
24	0	2116	126	72	0	0	0	-8	154	-301
24	0	2151	136	93	0	0	0	-8	156	-300
24	0	2151	136	93	0	0	0	-8	159	-298
24	0	2151	136	93	0	0	0	-8	162	-296
24	0	2193	144	117	0	0	0	-8	165	-294
24	0	2193	144	117	0	0	0	-8	172	-288
24	0	2228	145	145	0	0	0	-8	175	-286
24	0	2228	145	145	0	0	0	-8	178	-283
24	0	2228	145	145	0	0	0	-8	181	-280
24	0	2228	145	145	0	0	0	-8	184	-277
24	0	2262	145	163	0	0	0	-8	187	-274
24	0	2262	145	163	0	0	0	-8	190	-271
24	0	2262	145	163	0	0	0	-8	193	-268
24	0	2331	168	179	0	0	0	-8	195	-265
24	0	2331	168	179	0	0	0	-8	210	-249
24	0	2358	161	186	0	0	0	-8	214	-245
24	0	2377	137	182	0	0	-1	-8	226	-231
24	0	2377	137	182	0	0	-1	-8	228	-228
24	0	2377	137	182	0	0	-1	-8	231	-224
24	0	2394	99	190	0	1	-1	-8	234	-221
24	0	2394	99	190	0	1	-1	-8	236	-217
24	0	2394	99	190	0	1	-1	-8	238	-213
24	0	2394	99	190	0	1	-1	-8	240	-209
24	0	2404	65	209	0	4	-1	-8	242	-205
24	0	2404	65	209	0	4	-1	-8	243	-201
24	0	2404	65	209	0	4	-1	-8	244	-197
24	0	2409	20	191	0	6	-1	-8	246	-193
24	0	2409	20	191	0	6	-1	-8	246	-189
24	0	2409	20	191	0	6	-1	-8	246	-185
24	0	2424	-59	191	0	8	0	-8	247	-181
24	0	2424	-59	191	0	8	0	-8	246	-178
24	0	2424	-59	191	0	8	0	-8	244	-174
24	0	2425	-144	197	0	9	0	-8	243	-170
24	0	2425	-144	197	0	9	0	-8	240	-166
24	0	2425	-144	197	0	9	0	-8	237	-162
24	0	2425	-144	197	0	9	0	-8	235	-158
24	0	2437	-254	196	0	10	0	-8	232	-154
24	0	2437	-254	196	0	10	0	-8	227	-150
24	0	2437	-254	196	0	10	0	-8	222	-146
24	0	2440	-362	178	0	10	0	-8	216	-142
24	0	2440	-362	178	0	10	0	-8	197	-132
24	0	2435	-468	148	0	10	0	-8	190	-129
24	0	2435	-468	148	0	10	0	-8	181	-126
24	0	2435	-468	148	0	10	0	-8	171	-123
24	0	2438	-485	83	0	7	0	-8	162	-120
24	0	2438	-485	83	0	7	0	-8	152	-119
24	0	2438	-485	83	0	7	0	-8	143	-117
24	0	2430	-574	53	0	3	0	-8	133	-115
24	0	2430	-574	53	0	3	0	-8	121	-114
24	0	2430	-574	53	0	3	0	-8	110	-113
24	0	2421	-601	28	0	0	0	-8	98	-112
24	0	2421	-601	28	0	0	0	-8	86	-112
24	0	2421	-601	28	0	0	0	-8	62	-110
24	0	2410	-563	-5	0	-3	0	-8	50	-110
24	0	2410	-563	-5	0	-3	0	-8	38	-110
24	0	2410	-563	-5	0	-3	0	-8	27	-110
24	0	2400	-497	0	0	-6	0	-8	16	-110
24	0	2400	-497	0	0	-6	0	-8	6	-110
24	0	2400	-497	0	0	-6	0	-8	-3	-110
24	0	2406	-390	0	0	-6	-3	-8	-62	-110
24	0	2402	-353	-62	0	-4	-7	-8	-106	-110
24	0	2402	-353	-62	0	-4	-7	-8	-113	-111
24	0	2402	-353	-62	0	-4	-7	-8	-120	-113
24	0	2396	-341	-163	0	-3	-8	-8	-127	-114
24	0	2396	-341	-163	0	-3	-8	-8	-134	-117
24	0	2396	-341	-163	0	-3	-8	-8	-140	-120
24	0	2390	-310	-233	0	-2	-9	-8	-147	-124
24	0	2390	-310	-233	0	-2	-9	-8	-153	-128
24	0	2390	-310	-233	0	-2	-9	-8	-160	-133
24	0	2393	-271	-297	0	-1	-10	-8	-166	-138
24	0	2393	-271	-297	0	-1	-10	-8	-171	-144
24	0	2393	-271	-297	0	-1	-10	-8	-177	-150
23	0	2390	-228	-373	0	-1	-10	-8	-182	-156
23	0	2390	-228	-373	0	-1	-10	-8	-187	-163
23	0	2390	-228	-373	0	-1	-10	-8	-191	-171
23	0	2390	-228	-373	0	-1	-10	-8	-196	-178
23	0	2389	-202	-449	0	0	-10	-8	-200	-186
23	0	2389	-202	-449	0	0	-10	-8	-204	-194
23	0	2389	-202	-449	0	0	-10	-8	-208	-203
23	0	2382	-174	-517	0	0	-9	-8	-213	-212
23	0	2379	-156	-601	0	0	-9	-8	-216	-223
23	0	2379	-156	-601	0	0	-9	-8	-229	-271
23	0	2380	-111	-715	0	0	-7	-8	-232	-283
23	0	2380	-111	-715	0	0	-7	-8	-234	-297
23	0	2380	-111	-715	0	0	-7	-8	-236	-312
23	0	2380	-111	-715	0	0	-7	-8	-239	-327
23	0	2370	-57	-716	0	0	-4	-8	-241	-342
23	0	2370	-57	-716	0	0	-4	-8	-242	-356
23	0	2370	-57	-716	0	0	-4	-8	-243	-370
23	0	2360	1	-707	0	0	-1	-8	-244	-385
23	0	2360	1	-707	0	0	-1	-8	-244	-407
23	0	2352	120	-715	0	0	1	-8	-244	-421
23	0	2352	120	-715	0	0	1	-8	-242	-436
23	0	2352	120	-715	0	0	1	-8	-239	-450
23	0	2352	120	-715	0	0	1	-8	-237	-464
23	0	2346	165	-653	0	0	4	-8	-235	-479
23	0	2346	165	-653	0	0	4	-8	-231	-492
23	0	2346	165	-653	0	0	4	-8	-228	-505
23	0	2345	171	-561	0	0	6	-8	-224	-518
23	0	2345	171	-561	0	0	6	-8	-221	-530
23	0	2345	171	-561	0	0	6	-8	-218	-541
23	0	2339	175	-450	0	0	8	-8	-214	-552
23	0	2339	175	-450	0	0	8	-8	-211	-561
23	0	2339	175	-450	0	0	8	-8	-207	-570
23	0	2335	177	-325	0	0	9	-8	-204	-579
23	0	2335	177	-325	0	0	9	-8	-200	-586
23	0	2335	177	-325	0	0	9	-8	-197	-592
23	0	2335	177	-325	0	0	9	-8	-192	-601
23	0	2348	172	-197	0	1	8	-7	-188	-608
23	0	2348	172	-197	0	1	8	-7	-185	-612
23	0	2348	172	-197	0	1	8	-7	-181	-616
23	0	2348	144	-88	0	3	7	-7	-178	-620
23	0	2348	144	-88	0	3	7	-7	-175	-621
23	0	2348	144	-88	0	3	7	-7	-172	-623
23	0	2342	104	-7	0	3	4	-7	-169	-625
23	0	2342	104	-7	0	3	4	-7	-167	-625
23	0	2342	104	-7	0	3	4	-7	-165	-625
22	0	2335	62	42	0	3	2	-7	-163	-625
22	0	2335	62	42	0	3	2	-7	-161	-624
22	0	2335	62	42	0	3	2	-7	-160	-624
22	0	2331	25	64	0	2	0	-7	-159	-623
22	0	2331	25	64	0	2	0	-7	-158	-621
22	0	2331	25	64	0	2	0	-7	-158	-620
22	0	2331	25	64	0	2	0	-7	-157	-619
22	0	2337	-1	65	0	1	0	-7	-157	-618
22	0	2337	-1	65	0	1	0	-7	-157	-616
22	0	2337	-1	65	0	1	0	-7	-157	-615
22	0	2336	-18	53	0	1	-1	-7	-157	-614
22	0	2336	-18	53	0	1	-1	-7	-157	-613
22	0	2336	-18	53	0	1	-1	-7	-158	-612
22	0	2336	-24	35	0	0	-1	-7	-158	-610
22	0	2336	-24	35	0	0	-1	-7	-159	-610
22	0	2336	-24	35	0	0	-1	-7	-159	-609
22	0	2337	-24	15	0	0	-1	-7	-160	-608
22	0	2337	-24	15	0	0	-1	-7	-160	-608
22	0	2337	-24	15	0	0	-1	-7	-161	-608
22	0	2335	-20	-1	0	0	-1	-7	-161	-607
22	0	2335	-20	-1	0	0	-1	-7	-161	-607
22	0	2335	-20	-1	0	0	-1	-7	-162	-607
22	0	2335	-20	-1	0	0	-1	-7	-162	-607
22	0	2331	-12	-15	0	0	-1	-7	-163	-607
22	0	2331	-12	-15	0	0	-1	-7	-163	-608
22	0	2331	-12	-15	0	0	-1	-7	-163	-608
22	0	2331	-4	-26	0	0	-1	-7	-163	-608
22	0	2331	-4	-26	0	0	-1	-7	-163	-609
22	0	2331	-4	-26	0	0	-1	-7	-164	-609
22	0	2329	0	-32	0	0	0	-7	-164	-610
22	0	2329	0	-32	0	0	0	-7	-164	-611
22	0	2329	0	-32	0	0	0	-7	-164	-611
22	0	2329	0	-32	0	0	0	-7	-164	-612
22	0	2324	3	-36	0	0	0	-7	-164	-613
22	0	2324	3	-36	0	0	0	-7	-164	-613
22	0	2324	3	-36	0	0	0	-7	-163	-614
22	0	2327	7	-39	0	0	0	-7	-163	-615
22	0	2327	7	-39	0	0	0	-7	-163	-616
22	0	2327	7	-39	0	0	0	-7	-163	-616
22	0	2324	6	-40	0	0	0	-7	-163	-617
22	0	2324	6	-40	0	0	0	-7	-163	-618
22	0	2324	6	-40	0	0	0	-7	-163	-619
22	0	2320	2	-41	0	0	0	-8	-163	-620
22	0	2320	2	-41	0	0	0	-8	-163	-620
22	0	2320	2	-41	0	0	0	-8	-163	-621
22	0	2320	2	-41	0	0	0	-8	-162	-622
22	0	2316	0	-42	0	0	0	-8	-162	-623
22	0	2316	0	-42	0	0	0	-8	-162	-624
22	0	2316	0	-42	0	0	0	-8	-162	-625
22	0	2312	-1	-44	0	0	0	-8	-162	-625
22	0	2312	-1	-44	0	0	0	-8	-162	-626
22	0	2312	-1	-44	0	0	0	-8	-163	-627
21	0	2313	-4	-44	0	0	0	-7	-163	-628
21	0	2313	-4	-44	0	0	0	-7	-163	-629
21	0	2313	-4	-44	0	0	0	-7	-163	-630
21	0	2312	-6	-45	0	0	0	-7	-163	-631
21	0	2312	-6	-45	0	0	0	-7	-163	-632
21	0	2312	-6	-45	0	0	0	-7	-163	-633
21	0	2320	-6	-45	0	0	0	-7	-163	-634
21	0	2320	-6	-45	0	0	0	-7	-163	-635
21	0	2320	-6	-45	0	0	0	-7	-164	-636
21	0	2320	-6	-45	0	0	0	-7	-164	-639
21	0	2326	0	-50	0	0	0	-7	-164	-640
21	0	2326	0	-50	0	0	0	-7	-164	-641
21	0	2326	0	-50	0	0	0	-7	-164	-642
21	0	2330	1	-53	0	0	0	-7	-164	-643
21	0	2330	1	-53	0	0	0	-7	-164	-644
21	0	2330	1	-53	0	0	0	-7	-164	-646
21	0	2335	1	-57	0	0	0	-7	-164	-647
21	0	2335	1	-57	0	0	0	-7	-164	-648
21	0	2335	1	-57	0	0	0	-7	-164	-649
21	0	2335	1	-60	0	0	0	-7	-164	-650
21	0	2335	1	-60	0	0	0	-7	-164	-651
21	0	2335	1	-60	0	0	0	-7	-164	-653
21	0	2335	1	-60	0	0	0	-7	-164	-654
21	0	2336	1	-62	0	0	0	-7	-164	-655
21	0	2336	1	-62	0	0	0	-7	-164	-656
21	0	2336	1	-62	0	0	0	-7	-164	-657
21	0	2337	1	-64	0	0	0	-7	-164	-659
21	0	2337	1	-64	0	0	0	-7	-164	-660
21	0	2337	1	-64	0	0	0	-7	-164	-661
21	0	2356	0	-65	0	0	0	-7	-164	-663
21	0	2356	0	-65	0	0	0	-7	-164	-664
21	0	2356	0	-65	0	0	0	-7	-164	-665
21	0	2360	0	-63	0	0	0	-7	-164	-667
21	0	2360	0	-63	0	0	0	-7	-164	-668
21	0	2360	0	-63	0	0	0	-7	-164	-669
21	0	2360	0	-63	0	0	0	-7	-164	-670
21	0	2361	0	-62	0	0	0	-7	-164	-672
21	0	2361	0	-62	0	0	0	-7	-164	-673
21	0	2361	0	-62	0	0	0	-7	-164	-674
21	0	2360	0	-58	0	0	0	-7	-164	-675
21	0	2360	0	-58	0	0	0	-7	-164	-677
21	0	2360	0	-58	0	0	0	-7	-164	-678
21	0	2361	-3	-53	0	0	0	-8	-164	-679
21	0	2361	-3	-53	0	0	0	-8	-164	-680
21	0	2361	-3	-53	0	0	0	-8	-164	-681
21	0	2358	-6	-48	0	0	0	-8	-164	-682
21	0	2358	-6	-48	0	0	0	-8	-164	-683
21	0	2358	-6	-48	0	0	0	-8	-164	-684
21	0	2358	-6	-48	0	0	0	-8	-164	-685
21	0	2357	-8	-42	0	0	0	-8	-164	-686
21	0	2357	-8	-42	0	0	0	-8	-164	-687
21	0	2357	-8	-42	0	0	0	-8	-165	-688
21	0	2351	-11	-36	0	0	0	-8	-165	-689
21	0	2351	-11	-36	0	0	0	-8	-165	-689
21	0	2351	-11	-36	0	0	0	-8	-165	-690
21	0	2355	-15	-30	0	0	0	-8	-165	-691
21	0	2355	-15	-30	0	0	0	-8	-166	-691
21	0	2355	-15	-30	0	0	0	-8	-166	-692
21	0	2352	-19	-26	0	0	0	-8	-166	-693
21	0	2352	-19	-26	0	0	0	-8	-167	-693
21	0	2352	-19	-26	0	0	0	-8	-167	-694
21	0	2352	-19	-26	0	0	0	-8	-168	-694
21	0	2348	-22	-25	0	0	0	-8	-168	-695
21	0	2348	-22	-25	0	0	0	-8	-168	-695
21	0	2348	-22	-25	0	0	0	-8	-169	-696
21	0	2345	-24	-23	0	0	0	-8	-169	-696
21	0	2345	-24	-23	0	0	0	-8	-170	-697
21	0	2345	-24	-23	0	0	0	-8	-170	-697
21	0	2343	-27	-21	0	0	0	-8	-171	-698
21	0	2343	-27	-21	0	0	0	-8	-171	-698
21	0	2343	-27	-21	0	0	0	-8	-172	-699
21	0	2340	-31	-18	0	0	0	-8	-172	-699
21	0	2340	-31	-18	0	0	0	-8	-173	-699
21	0	2340	-31	-18	0	0	0	-8	-174	-700
21	0	2340	-31	-18	0	0	0	-8	-174	-700
21	0	2336	-33	-16	0	0	0	-8	-175	-700
21	0	2336	-33	-16	0	0	0	-8	-176	-701
21	0	2336	-33	-16	0	0	0	-8	-176	-701
21	0	2331	-32	-15	0	0	0	-8	-177	-701
21	0	2331	-32	-15	0	0	0	-8	-178	-702
21	0	2331	-32	-15	0	0	0	-8	-178	-702
21	0	2326	-29	-14	0	0	0	-8	-179	-702
21	0	2326	-29	-14	0	0	0	-8	-180	-703
21	0	2326	-29	-14	0	0	0	-8	-180	-703
21	0	2319	-24	-13	0	0	0	-8	-181	-703
21	0	2319	-24	-13	0	0	0	-8	-181	-703
21	0	2319	-24	-13	0	0	0	-8	-182	-704
21	0	2319	-24	-13	0	0	0	-8	-182	-704
21	0	2311	-20	-11	0	0	0	-8	-183	-704
21	0	2311	-20	-11	0	0	0	-8	-183	-704
21	0	2311	-20	-11	0	0	0	-8	-184	-705
21	0	2314	-16	-8	0	0	0	-8	-184	-705
21	0	2314	-16	-8	0	0	0	-8	-184	-705
21	0	2314	-16	-8	0	0	0	-8	-185	-705
21	0	2317	-12	-4	0	0	0	-8	-185	-705
21	0	2317	-12	-4	0	0	0	-8	-185	-706
21	0	2317	-12	-4	0	0	0	-8	-185	-706
21	0	2314	-10	0	0	0	0	-8	-186	-706
21	0	2314	-10	0	0	0	0	-8	-186	-706
21	0	2314	-10	0	0	0	0	-8	-186	-706
21	0	2314	-10	0	0	0	0	-8	-186	-706
21	0	2313	-8	6	0	0	0	-8	-187	-706
21	0	2313	-8	6	0	0	0	-8	-187	-706
21	0	2313	-8	6	0	0	0	-8	-187	-705
21	0	2310	-5	12	0	0	0	-8	-187	-705
21	0	2310	-5	12	0	0	0	-8	-187	-705
21	0	2310	-5	12	0	0	0	-8	-187	-705
21	0	2308	-2	19	0	0	0	-8	-187	-705
21	0	2308	-2	19	0	0	0	-8	-187	-704
21	0	2308	-2	19	0	0	0	-8	-187	-704
21	0	2308	-10	27	0	0	0	-9	-187	-703
21	0	2308	-10	27	0	0	0	-9	-188	-703
21	0	2308	-10	27	0	0	0	-9	-188	-702
21	0	2308	-10	27	0	0	0	-9	-188	-702
21	0	2306	-23	18	0	1	-1	-9	-188	-701
21	0	2306	-23	18	0	1	-1	-9	-189	-701
21	0	2306	-23	18	0	1	-1	-9	-189	-700
21	0	2303	-39	-14	0	1	-4	-9	-190	-700
21	0	2303	-39	-14	0	1	-4	-9	-191	-700
21	0	2303	-39	-14	0	1	-4	-9	-191	-701
21	0	2302	-47	-125	0	1	-6	-9	-192	-701
21	0	2302	-47	-125	0	1	-6	-9	-193	-703
21	0	2302	-47	-125	0	1	-6	-9	-194	-706
21	0	2297	-61	-551	0	0	-8	-9	-195	-708
21	0	2297	-61	-551	0	0	-8	-9	-196	-720
21	0	2297	-61	-551	0	0	-8	-9	-197	-731
21	0	2297	-61	-551	0	0	-8	-9	-199	-742
21	0	2307	-112	-580	0	0	-10	-9	-200	-753
21	0	2307	-112	-580	0	0	-10	-9	-202	-764
21	0	2307	-112	-580	0	0	-10	-9	-204	-776
21	0	2307	-135	-584	0	0	-10	-9	-207	-787
21	0	2307	-135	-584	0	0	-10	-9	-209	-799
21	0	2307	-135	-584	0	0	-10	-9	-212	-811
21	0	2310	-138	-612	0	0	-9	-9	-215	-823
21	0	2310	-138	-612	0	0	-9	-9	-218	-835
21	0	2310	-138	-612	0	0	-9	-9	-220	-847
21	0	2310	-138	-632	0	0	-7	-8	-223	-860
21	0	2304	-36	-632	0	0	-7	-8	-226	-872
21	0	2304	-36	-632	0	0	-7	-8	-227	-885
21	0	2304	-36	-632	0	0	-7	-8	-227	-897
21	0	2303	150	-589	0	0	-4	-8	-228	-910
21	0	2303	150	-589	0	0	-4	-8	-225	-922
21	0	2303	150	-589	0	0	-4	-8	-222	-933
21	0	2306	175	-585	0	-1	-1	-8	-219	-945
21	0	2306	175	-585	0	-1	-1	-8	-215	-957
21	0	2306	175	-585	0	-1	-1	-8	-212	-969
21	0	2290	186	-554	0	-1	1	-8	-208	-980
21	0	2290	186	-554	0	-1	1	-8	-205	-991
21	0	2290	186	-554	0	-1	1	-8	-201	-1002
21	0	2283	262	-482	0	-1	5	-8	-197	-1014
21	0	2283	262	-482	0	-1	5	-8	-192	-1023
21	0	2283	262	-482	0	-1	5	-8	-187	-1033
21	0	2283	262	-482	0	-1	5	-8	-182	-1043
21	0	2279	244	-363	0	-1	8	-9	-176	-1052
21	0	2279	244	-363	0	-1	8	-9	-171	-1059
21	0	2279	244	-363	0	-1	8	-9	-167	-1067
21	0	2275	167	-232	0	0	10	-9	-162	-1074
21	0	2275	167	-232	0	0	10	-9	-158	-1079
21	0	2275	167	-232	0	0	10	-9	-155	-1083
21	0	2275	103	-85	0	0	9	-9	-152	-1088
21	0	2275	103	-85	0	0	9	-9	-150	-1090
21	0	2275	103	-85	0	0	9	-9	-147	-1091
21	0	2276	34	-21	0	1	7	-9	-145	-1093
21	0	2276	34	-21	0	1	7	-9	-145	-1093
21	0	2276	34	-21	0	1	7	-9	-144	-1094
21	0	2276	34	-21	0	1	7	-9	-143	-1094
21	0	2270	-16	25	0	2	4	-9	-143	-1095
21	0	2270	-16	25	0	2	4	-9	-143	-1094
21	0	2270	-16	25	0	2	4	-9	-143	-1094
21	0	2269	-56	54	0	2	2	-9	-144	-1093
21	0	2269	-56	54	0	2	2	-9	-145	-1092
21	0	2269	-56	54	0	2	2	-9	-146	-1091
21	0	2262	-85	61	0	2	0	-9	-147	-1090
21	0	2262	-85	61	0	2	0	-9	-149	-1089
21	0	2262	-85	61	0	2	0	-9	-150	-1087
21	0	2262	-85	61	0	2	0	-9	-152	-1086
21	0	2261	-112	36	0	2	-3	-9	-154	-1085
21	0	2261	-112	36	0	2	-3	-9	-156	-1084
21	0	2261	-112	36	0	2	-3	-9	-158	-1084
21	0	2259	-132	-21	0	1	-6	-9	-161	-1083
21	0	2259	-132	-21	0	1	-6	-9	-163	-1083
21	0	2259	-132	-21	0	1	-6	-9	-166	-1084
21	0	2256	-146	-102	0	1	-8	-9	-168	-1084
21	0	2256	-146	-102	0	1	-8	-9	-171	-1086
21	0	2256	-146	-102	0	1	-8	-9	-174	-1088
21	0	2267	-154	-207	0	0	-9	-9	-177	-1090
21	0	2267	-154	-207	0	0	-9	-9	-180	-1094
21	0	2267	-154	-207	0	0	-9	-9	-183	-1099
21	0	2267	-154	-207	0	0	-9	-9	-187	-1103
21	0	2270	-155	-302	0	0	-8	-9	-190	-1107
21	0	2270	-155	-302	0	0	-8	-9	-193	-1113
21	0	2270	-155	-302	0	0	-8	-9	-196	-1119
21	0	2275	-148	-374	0	0	-6	-9	-199	-1125
21	0	2275	-148	-374	0	0	-6	-9	-202	-1132
21	0	2275	-148	-374	0	0	-6	-9	-205	-1140
21	0	2287	-137	-412	0	0	-4	-9	-208	-1148
21	0	2287	-137	-412	0	0	-4	-9	-211	-1156
21	0	2287	-137	-412	0	0	-4	-9	-213	-1164
20	0	2283	10	-335	0	0	-1	-9	-216	-1172
20	0	2283	10	-335	0	0	-1	-9	-216	-1179
20	0	2283	10	-335	0	0	-1	-9	-216	-1186
20	0	2283	10	-335	0	0	-1	-9	-215	-1192
20	0	2272	157	-237	0	-1	0	-9	-215	-1199
20	0	2272	157	-237	0	-1	0	-9	-212	-1204
20	0	2272	157	-237	0	-1	0	-9	-209	-1208
20	0	2264	295	-169	0	-1	3	-9	-206	-1213
20	0	2264	295	-169	0	-1	3	-9	-200	-1217
20	0	2264	295	-169	0	-1	3	-9	-194	-1220
20	0	2261	301	-101	0	-1	5	-9	-188	-1224
20	0	2261	301	-101	0	-1	5	-9	-182	-1226
20	0	2261	301	-101	0	-1	5	-9	-176	-1228
20	0	2256	219	1	0	1	5	-9	-170	-1230
20	0	2256	219	1	0	1	5	-9	-165	-1230
20	0	2256	219	1	0	1	5	-9	-161	-1230
20	0	2256	219	1	0	1	4	-9	-156	-1230
20	0	2258	53	3	0	4	4	-9	-152	-1230
20	0	2258	53	3	0	4	4	-9	-151	-1229
20	0	2258	53	3	0	4	4	-9	-150	-1229
20	0	2261	-72	-3	0	4	2	-9	-149	-1229
20	0	2261	-72	-3	0	4	2	-9	-150	-1229
20	0	2261	-72	-3	0	4	2	-9	-152	-1229
20	0	2265	-134	-89	0	2	1	-9	-153	-1230
20	0	2265	-134	-89	0	2	1	-9	-156	-1231
20	0	2265	-134	-89	0	2	1	-9	-159	-1233
20	0	2269	-179	-142	0	0	1	-9	-162	-1235
20	0	2269	-179	-142	0	0	1	-9	-165	-1238
20	0	2269	-179	-142	0	0	1	-9	-169	-1241
20	0	2271	-183	-112	0	-1	1	-9	-172	-1243
20	0	2271	-183	-112	0	-1	1	-9	-176	-1246
20	0	2271	-183	-112	0	-1	1	-9	-180	-1248
20	0	2271	-183	-112	0	-1	1	-9	-183	-1250
20	0	2273	-78	-51	0	-2	1	-9	-187	-1252
20	0	2273	-78	-51	0	-2	1	-9	-189	-1253
20	0	2273	-78	-51	0	-2	1	-9	-190	-1255
20	0	2284	-114	25	0	0	0	-9	-192	-1256
20	0	2284	-114	25	0	0	0	-9	-194	-1255
20	0	2284	-114	25	0	0	0	-9	-196	-1255
20	0	2278	-243	-28	0	1	-3	-9	-199	-1254
20	0	2278	-243	-28	0	1	-3	-9	-203	-1255
20	0	2278	-243	-28	0	1	-3	-9	-208	-1255
20	0	2278	-243	-28	0	1	-3	-9	-213	-1256
20	0	2277	-361	-111	0	2	-6	-9	-218	-1256
20	0	2277	-361	-111	0	2	-6	-9	-225	-1259
20	0	2277	-361	-111	0	2	-6	-9	-232	-1261
20	0	2280	-418	-229	0	1	-8	-9	-240	-1263
20	0	2280	-418	-229	0	1	-8	-9	-248	-1268
20	0	2280	-418	-229	0	1	-8	-9	-256	-1272
19	0	2284	-453	-308	0	0	-9	-9	-265	-1277
19	0	2284	-453	-308	0	0	-9	-9	-274	-1283
19	0	2284	-453	-308	0	0	-9	-9	-283	-1289
19	0	2285	-434	-401	0	-2	-8	-8	-292	-1295
19	0	2285	-434	-401	0	-2	-8	-8	-301	-1303
19	0	2285	-434	-401	0	-2	-8	-8	-309	-1311
19	0	2285	-434	-401	0	-2	-8	-8	-318	-1319
19	0	2285	-276	-398	0	-4	-6	-8	-327	-1327
19	0	2285	-276	-398	0	-4	-6	-8	-332	-1335
19	0	2285	-276	-398	0	-4	-6	-8	-338	-1343
19	0	2285	-33	-225	0	-5	-5	-8	-343	-1351
19	0	2285	-33	-225	0	-5	-5	-8	-344	-1356
19	0	2285	-33	-225	0	-5	-5	-8	-345	-1360
19	0	2293	160	-179	0	-5	-3	-8	-345	-1365
19	0	2293	160	-179	0	-5	-3	-8	-342	-1369
19	0	2293	160	-179	0	-5	-3	-8	-339	-1372
19	0	2291	254	-269	0	-2	0	-8	-336	-1376
19	0	2291	254	-269	0	-2	0	-8	-331	-1381
19	0	2291	254	-269	0	-2	0	-8	-326	-1386
19	0	2291	254	-269	0	-2	0	-8	-320	-1392
19	0	2291	221	-235	0	0	2	-8	-315	-1397
19	0	2291	221	-235	0	0	2	-8	-311	-1402
19	0	2291	221	-235	0	0	2	-8	-306	-1407
19	0	2291	61	-165	0	2	4	-8	-302	-1411
19	0	2291	61	-165	0	2	4	-8	-301	-1415
19	0	2291	61	-165	0	2	4	-8	-300	-1418
19	0	2291	-69	-137	0	0	4	-8	-298	-1421
19	0	2291	-69	-137	0	0	4	-8	-300	-1424
19	0	2291	-69	-137	0	0	4	-8	-301	-1427
19	0	2292	-86	-265	0	-2	2	-8	-303	-1430
19	0	2292	-86	-265	0	-2	2	-8	-304	-1435
19	0	2292	-86	-265	0	-2	2	-8	-306	-1440
19	0	2292	-86	-265	0	-2	2	-8	-308	-1445
19	0	2288	-11	-364	0	-6	0	-9	-309	-1451
19	0	2288	-11	-364	0	-6	0	-9	-310	-1458
19	0	2288	-11	-364	0	-6	0	-9	-310	-1465
19	0	2280	75	-376	0	-9	0	-9	-310	-1473
19	0	2280	75	-376	0	-9	0	-9	-309	-1480
19	0	2280	75	-376	0	-9	0	-9	-307	-1488
19	0	2276	189	-361	0	-10	0	-8	-306	-1495
19	0	2276	189	-361	0	-10	0	-8	-302	-1502
19	0	2276	189	-361	0	-10	0	-8	-298	-1510
19	0	2271	308	-306	0	-11	0	-8	-294	-1517
19	0	2271	308	-306	0	-11	0	-8	-288	-1523
19	0	2271	308	-306	0	-11	0	-8	-282	-1529
19	0	2271	308	-306	0	-11	0	-8	-276	-1535
19	0	2266	456	-274	0	-11	0	-8	-270	-1541
19	0	2266	456	-274	0	-11	0	-8	-260	-1547
19	0	2266	456	-274	0	-11	0	-8	-251	-1552
19	0	2260	591	-240	0	-11	0	-8	-242	-1558
19	0	2260	591	-240	0	-11	0	-8	-230	-1563
19	0	2260	591	-240	0	-11	0	-8	-219	-1567
17	0	2259	708	-209	0	-10	0	-8	-207	-1572
17	0	2259	708	-209	0	-10	0	-8	-193	-1576
17	0	2259	708	-209	0	-10	0	-8	-178	-1581
17	0	2259	818	-184	0	-9	0	-8	-164	-1585
17	0	2259	818	-184	0	-9	0	-8	-148	-1588
17	0	2259	818	-184	0	-9	0	-8	-131	-1592
17	0	2259	818	-184	0	-9	0	-8	-115	-1596
17	0	2259	902	-158	0	-8	0	-8	-99	-1600
17	0	2259	902	-158	0	-8	0	-8	-81	-1603
17	0	2259	902	-158	0	-8	0	-8	-63	-1606
17	0	2260	966	-116	0	-7	0	-8	-45	-1609
17	0	2260	966	-116	0	-7	0	-8	-25	-1611
17	0	2260	966	-116	0	-7	0	-8	-6	-1614
17	0	2262	993	-17	0	-4	0	-8	12	-1616
17	0	2262	993	-17	0	-4	0	-8	32	-1616
17	0	2262	993	-17	0	-4	0	-8	52	-1617
17	0	2265	912	8	0	0	0	-8	72	-1617
17	0	2265	912	8	0	0	0	-8	90	-1617
17	0	2265	912	8	0	0	0	-8	109	-1617
17	0	2265	912	8	0	0	0	-8	127	-1617
17	0	2262	810	-15	0	3	0	-8	145	-1616
17	0	2262	810	-15	0	3	0	-8	161	-1617
17	0	2262	810	-15	0	3	0	-8	178	-1617
17	0	2266	822	-17	0	6	0	-8	194	-1617
17	0	2266	822	-17	0	6	0	-8	210	-1618
17	0	2266	822	-17	0	6	0	-8	227	-1618
17	0	2279	786	-18	0	9	0	-8	243	-1618
17	0	2279	786	-18	0	9	0	-8	259	-1619
17	0	2279	786	-18	0	9	0	-8	275	-1619
17	0	2283	722	-14	0	11	0	-8	290	-1619
17	0	2283	722	-14	0	11	0	-8	305	-1620
17	0	2283	722	-14	0	11	0	-8	319	-1620
17	0	2283	722	-14	0	11	0	-8	334	-1620
17	0	2290	613	-22	0	12	0	-8	348	-1621
17	0	2290	613	-22	0	12	0	-8	360	-1621
17	0	2290	613	-22	0	12	0	-8	373	-1621
17	0	2302	479	-40	0	11	1	-8	385	-1622
17	0	2302	479	-40	0	11	1	-8	394	-1623
17	0	2302	479	-40	0	11	1	-8	404	-1624
17	0	2311	363	-28	0	9	3	-8	414	-1624
17	0	2311	363	-28	0	9	3	-8	421	-1625
17	0	2311	363	-28	0	9	3	-8	428	-1626
17	0	2315	267	26	0	8	3	-9	435	-1626
17	0	2315	267	26	0	8	3	-9	441	-1626
17	0	2315	267	26	0	8	3	-9	446	-1625
17	0	2315	267	26	0	8	3	-9	452	-1624
17	0	2318	183	0	0	6	3	-9	457	-1624
17	0	2318	183	0	0	6	3	-9	461	-1624
17	0	2318	183	0	0	6	3	-9	464	-1624
16	0	2321	106	12	0	4	1	-9	468	-1624
16	0	2321	106	12	0	4	1	-9	470	-1624
16	0	2321	106	12	0	4	1	-9	472	-1623
16	0	2322	50	-14	0	3	0	-9	474	-1623
16	0	2322	50	-14	0	3	0	-9	475	-1623
16	0	2322	50	-14	0	3	0	-9	476	-1624
16	0	2322	12	-20	0	1	0	-9	477	-1624
16	0	2322	12	-20	0	1	0	-9	478	-1624
16	0	2322	12	-20	0	1	0	-9	478	-1625
16	0	2322	12	-20	0	1	0	-9	478	-1625
16	0	2321	14	-7	0	0	0	-9	478	-1626
16	0	2321	14	-7	0	0	0	-9	479	-1626
16	0	2321	14	-7	0	0	0	-9	479	-1626
16	0	2322	15	0	0	0	0	-9	479	-1626
16	0	2322	15	0	0	0	0	-9	480	-1626
16	0	2322	15	0	0	0	0	-9	480	-1626
16	0	2321	19	19	0	-1	0	-9	480	-1626
16	0	2321	19	19	0	-1	0	-9	481	-1626
16	0	2321	19	19	0	-1	0	-9	481	-1625
16	0	2328	29	35	0	0	0	-9	481	-1625
16	0	2328	29	35	0	0	0	-9	482	-1624
16	0	2328	29	35	0	0	0	-9	483	-1624
16	0	2341	13	101	0	0	2	-9	483	-1623
16	0	2341	13	101	0	0	2	-9	483	-1621
16	0	2341	13	101	0	0	2	-9	484	-1619
16	0	2341	13	101	0	0	2	-9	484	-1617
16	0	2343	2	180	0	0	2	-9	484	-1615
16	0	2343	2	180	0	0	2	-9	484	-1611
16	0	2343	2	180	0	0	2	-9	484	-1607
16	0	2340	-18	130	0	0	0	-9	484	-1604
16	0	2340	-18	130	0	0	0	-9	484	-1601
16	0	2340	-18	130	0	0	0	-9	484	-1599
16	0	2338	-34	82	0	-1	-1	-9	483	-1596
16	0	2338	-34	82	0	-1	-1	-9	483	-1594
16	0	2338	-34	82	0	-1	-1	-9	482	-1593
16	0	2336	-32	10	0	-2	-2	-9	481	-1591
16	0	2336	-32	10	0	-2	-2	-9	481	-1591
16	0	2336	-32	10	0	-2	-2	-9	480	-1591
16	0	2336	-32	10	0	-2	-2	-9	479	-1590
16	0	2333	-25	9	0	-2	-2	-9	479	-1590
16	0	2333	-25	9	0	-2	-2	-9	478	-1590
16	0	2333	-25	9	0	-2	-2	-9	478	-1590
16	0	2332	-27	17	0	-2	-1	-9	477	-1590
16	0	2332	-27	17	0	-2	-1	-9	477	-1589
16	0	2332	-27	17	0	-2	-1	-9	476	-1589
16	0	2332	-12	13	0	-2	-1	-9	476	-1589
16	0	2332	-12	13	0	-2	-1	-9	475	-1588
16	0	2332	-12	13	0	-2	-1	-9	475	-1588
16	0	2332	-12	13	0	-2	-1	-9	475	-1588
16	0	2337	-3	20	0	-2	-1	-9	474	-1587
16	0	2337	-3	20	0	-2	-1	-9	474	-1587
16	0	2337	-3	20	0	-2	-1	-9	474	-1587
16	0	2335	2	10	0	-1	-1	-9	474	-1586
16	0	2335	2	10	0	-1	-1	-9	474	-1586
16	0	2335	2	10	0	-1	-1	-9	474	-1586
16	0	2335	18	16	0	-1	-1	-9	474	-1586
16	0	2335	18	16	0	-1	-1	-9	475	-1585
16	0	2335	18	16	0	-1	-1	-9	475	-1585
16	0	2336	25	5	0	-1	-1	-9	475	-1585
16	0	2336	25	5	0	-1	-1	-9	476	-1585
16	0	2336	25	5	0	-1	-1	-9	477	-1584
16	0	2336	24	12	0	0	0	-9	477	-1584
16	0	2336	24	12	0	0	0	-9	478	-1584
16	0	2336	24	12	0	0	0	-9	478	-1584
16	0	2336	24	12	0	0	0	-9	478	-1584
16	0	2334	26	52	0	0	2	-9	479	-1583
16	0	2334	26	52	0	0	2	-9	479	-1582
16	0	2334	26	52	0	0	2	-9	480	-1581
16	0	2331	39	93	0	0	5	-8	481	-1580
16	0	2331	39	93	0	0	5	-8	481	-1578
16	0	2331	39	93	0	0	5	-8	482	-1576
16	0	2328	34	171	0	0	7	-8	483	-1575
16	0	2328	34	171	0	0	7	-8	484	-1571
16	0	2328	34	171	0	0	7	-8	484	-1568
16	0	2328	34	171	0	0	7	-8	485	-1564
16	0	2327	23	259	0	0	6	-8	486	-1561
16	0	2327	23	259	0	0	6	-8	486	-1556
16	0	2327	23	259	0	0	6	-8	487	-1550
16	0	2316	8	248	0	0	2	-8	487	-1545
16	0	2316	8	248	0	0	2	-8	487	-1540
16	0	2316	8	248	0	0	2	-8	487	-1535
16	0	2323	8	181	0	0	-1	-9	488	-1530
16	0	2323	8	181	0	0	-1	-9	488	-1527
16	0	2323	8	181	0	0	-1	-9	488	-1523
16	0	2325	3	111	0	0	-4	-8	488	-1519
16	0	2325	3	111	0	0	-4	-8	488	-1517
16	0	2325	3	111	0	0	-4	-8	488	-1515
16	0	2328	-38	51	0	0	-5	-8	488	-1513
16	0	2328	-38	51	0	0	-5	-8	488	-1512
16	0	2328	-38	51	0	0	-5	-8	487	-1511
16	0	2328	-38	51	0	0	-5	-8	486	-1510
16	0	2335	-38	-11	0	0	-4	-8	485	-1509
16	0	2335	-38	-11	0	0	-4	-8	485	-1509
16	0	2335	-38	-11	0	0	-4	-8	484	-1509
16	0	2355	-37	-62	0	0	-3	-8	483	-1509
16	0	2355	-37	-62	0	0	-3	-8	482	-1511
16	0	2355	-37	-62	0	0	-3	-8	481	-1512
16	0	2360	-35	-57	0	0	-1	-8	481	-1513
16	0	2360	-35	-57	0	0	-1	-8	480	-1514
16	0	2360	-35	-57	0	0	-1	-8	479	-1515
16	0	2360	-35	-57	0	0	-1	-8	479	-1517
16	0	2359	-31	-4	0	0	1	-8	478	-1518
16	0	2359	-31	-4	0	0	1	-8	477	-1518
16	0	2359	-31	-4	0	0	1	-8	477	-1518
16	0	2360	-26	61	0	0	4	-7	476	-1518
16	0	2360	-26	61	0	0	4	-7	476	-1517
16	0	2360	-26	61	0	0	4	-7	475	-1515
16	0	2355	-27	140	0	0	7	-7	474	-1514
16	0	2355	-27	140	0	0	7	-7	474	-1511
16	0	2355	-27	140	0	0	7	-7	473	-1509
16	0	2356	-36	234	0	0	8	-7	473	-1506
16	0	2356	-36	234	0	0	8	-7	472	-1501
16	0	2356	-36	234	0	0	8	-7	471	-1496
16	0	2356	-36	234	0	0	8	-7	471	-1492
16	0	2353	-49	331	0	0	8	-7	470	-1487
16	0	2353	-49	331	0	0	8	-7	469	-1480
16	0	2353	-49	331	0	0	8	-7	468	-1474
16	0	2349	-69	365	0	1	6	-7	467	-1467
16	0	2349	-69	365	0	1	6	-7	466	-1460
16	0	2349	-69	365	0	1	6	-7	464	-1453
16	0	2348	-76	348	0	0	3	-7	463	-1445
16	0	2348	-76	348	0	0	3	-7	461	-1438
16	0	2348	-76	348	0	0	3	-7	460	-1431
16	0	2349	-86	326	0	0	0	-7	458	-1424
16	0	2349	-86	326	0	0	0	-7	456	-1418
16	0	2349	-86	326	0	0	0	-7	455	-1411
16	0	2349	-86	326	0	0	0	-7	453	-1405
16	0	2350	-95	300	0	0	-2	-7	451	-1398
16	0	2350	-95	300	0	0	-2	-7	449	-1392
16	0	2350	-95	300	0	0	-2	-7	447	-1386
16	0	2358	-88	236	0	0	-4	-7	445	-1380
16	0	2358	-88	236	0	0	-4	-7	444	-1376
16	0	2358	-88	236	0	0	-4	-7	442	-1371
16	0	2360	-11	74	0	0	-6	-7	440	-1366
16	0	2360	-11	74	0	0	-6	-7	440	-1365
16	0	2360	-11	74	0	0	-6	-7	440	-1363
16	0	2354	64	-40	0	0	-6	-7	439	-1362
16	0	2354	64	-40	0	0	-6	-7	441	-1362
16	0	2354	64	-40	0	0	-6	-7	442	-1363
16	0	2354	64	-40	0	0	-6	-7	443	-1364
16	0	2323	65	-84	0	0	-5	-7	445	-1365
16	0	2323	65	-84	0	0	-5	-7	446	-1367
16	0	2323	65	-84	0	0	-5	-7	447	-1368
16	0	2299	69	-149	0	0	-3	-7	449	-1370
16	0	2299	69	-149	0	0	-3	-7	450	-1373
16	0	2299	69	-149	0	0	-3	-7	451	-1376
16	0	2261	68	-197	0	0	-1	-7	453	-1379
16	0	2261	68	-197	0	0	-1	-7	454	-1383
16	0	2261	68	-197	0	0	-1	-7	455	-1387
16	0	2228	60	-221	0	1	0	-7	457	-1391
16	0	2228	60	-221	0	1	0	-7	458	-1395
16	0	2228	60	-221	0	1	0	-7	459	-1400
16	0	2228	60	-221	0	1	0	-7	460	-1404
16	0	2187	46	-222	0	1	1	-7	462	-1409
16	0	2187	46	-222	0	1	1	-7	462	-1413
16	0	2187	46	-222	0	1	1	-7	463	-1417
16	0	2138	29	-207	0	1	1	-7	464	-1422
16	0	2138	29	-207	0	1	1	-7	465	-1426
16	0	2138	29	-207	0	1	1	-7	466	-1430
16	0	2090	13	-187	0	0	2	-7	466	-1434
16	0	2090	13	-187	0	0	2	-7	466	-1438
16	0	2090	13	-187	0	0	2	-7	467	-1442
16	0	2090	13	-187	0	0	1	-7	467	-1446
16	0	2036	4	-152	0	0	1	-7	467	-1449
16	0	2036	4	-152	0	0	1	-7	467	-1452
16	0	2036	4	-152	0	0	1	-7	467	-1455
16	0	1981	-3	-110	0	0	-1	-7	467	-1458
16	0	1981	-3	-110	0	0	-1	-7	467	-1461
16	0	1981	-3	-110	0	0	-1	-7	467	-1463
16	0	1927	-7	-96	0	0	-5	-7	467	-1465
16	0	1927	-7	-96	0	0	-5	-7	467	-1467
16	0	1927	-7	-96	0	0	-5	-7	467	-1469
16	0	1872	-6	-145	0	0	-7	-7	467	-1471
16	0	1872	-6	-145	0	0	-7	-7	467	-1474
16	0	1872	-6	-145	0	0	-7	-7	467	-1477
16	0	1821	1	-245	0	0	-4	-7	466	-1480
16	0	1821	1	-245	0	0	-4	-7	466	-1485
16	0	1821	1	-245	0	0	-4	-7	466	-1489
16	0	1821	1	-245	0	0	-4	-7	466	-1494
16	0	1768	8	-326	0	0	0	-7	467	-1499
16	0	1768	8	-326	0	0	0	-7	467	-1506
16	0	1768	8	-326	0	0	0	-7	467	-1512
16	0	1714	13	-348	0	0	2	-7	467	-1519
16	0	1714	13	-348	0	0	2	-7	467	-1526
16	0	1714	13	-348	0	0	2	-7	468	-1533
16	0	1658	14	-289	0	0	1	-7	468	-1540
16	0	1658	14	-289	0	0	1	-7	468	-1546
16	0	1658	14	-289	0	0	1	-7	468	-1551
16	0	1658	14	-289	0	0	1	-7	469	-1557
16	0	1601	2	-243	0	-1	0	-7	469	-1563
16	0	1601	2	-243	0	-1	0	-7	469	-1568
16	0	1601	2	-243	0	-1	0	-7	469	-1573
16	0	1545	0	-229	0	-4	-2	-7	469	-1578
16	0	1545	0	-229	0	-4	-2	-7	469	-1582
16	0	1545	0	-229	0	-4	-2	-7	469	-1587
16	0	1486	26	-251	0	-6	-2	-7	469	-1591
16	0	1486	26	-251	0	-6	-2	-7	470	-1597
16	0	1486	26	-251	0	-6	-2	-7	470	-1602
16	0	1430	103	-289	0	-6	-1	-7	471	-1607
16	0	1430	103	-289	0	-6	-1	-7	473	-1612
16	0	1430	103	-289	0	-6	-1	-7	475	-1618
16	0	1375	175	-288	0	-6	-1	-7	477	-1624
16	0	1375	175	-288	0	-6	-1	-7	480	-1630
16	0	1375	175	-288	0	-6	-1	-7	484	-1635
16	0	1375	175	-288	0	-6	-1	-7	488	-1641
16	0	1322	246	-280	0	-5	-2	-7	491	-1647
16	0	1322	246	-280	0	-5	-2	-7	496	-1653
16	0	1322	246	-280	0	-5	-2	-7	501	-1658
16	0	1269	320	-310	0	-2	-1	-7	506	-1664
16	0	1269	320	-310	0	-2	-1	-7	512	-1670
16	0	1269	320	-310	0	-2	-1	-7	519	-1676
16	0	1220	361	-327	0	0	0	-7	525	-1682
16	0	1220	361	-327	0	0	0	-7	532	-1689
16	0	1220	361	-327	0	0	0	-7	539	-1695
16	0	1170	357	-319	0	3	2	-7	547	-1702
16	0	1170	357	-319	0	3	2	-7	554	-1708
16	0	1170	357	-319	0	3	2	-7	561	-1715
16	0	1170	357	-319	0	3	2	-7	568	-1721
16	0	1118	319	-289	0	4	3	-7	575	-1728
16	0	1118	319	-289	0	4	3	-7	582	-1733
16	0	1118	319	-289	0	4	3	-7	588	-1739
16	0	1069	258	-236	0	5	3	-7	595	-1745
16	0	1069	258	-236	0	5	3	-7	600	-1750
16	0	1069	258	-236	0	5	3	-7	605	-1754
16	0	1019	167	-161	0	2	1	-7	610	-1759
16	0	1019	167	-161	0	2	1	-7	613	-1762
16	0	1019	167	-161	0	2	1	-7	617	-1766
16	0	1019	167	-161	0	2	1	-7	620	-1769
16	0	967	95	-121	0	-2	-1	-8	623	-1772
16	0	967	95	-121	0	-2	-1	-8	625	-1774
16	0	967	95	-121	0	-2	-1	-8	627	-1777
16	0	915	77	-120	0	-6	-2	-8	629	-1779
16	0	915	77	-120	0	-6	-2	-8	631	-1782
16	0	915	77	-120	0	-6	-2	-8	632	-1784
16	0	861	115	-145	0	-9	-2	-8	634	-1786
16	0	861	115	-145	0	-9	-2	-8	636	-1789
16	0	861	115	-145	0	-9	-2	-8	638	-1792
16	0	808	216	-177	0	-8	-1	-8	641	-1795
16	0	808	216	-177	0	-8	-1	-8	645	-1799
16	0	808	216	-177	0	-8	-1	-8	650	-1803
16	0	755	334	-196	0	-4	0	-8	654	-1806
16	0	755	334	-196	0	-4	0	-8	661	-1810
16	0	755	334	-196	0	-4	0	-8	667	-1814
16	0	755	334	-196	0	-4	0	-8	674	-1818
16	0	701	407	-198	0	0	1	-8	681	-1822
16	0	701	407	-198	0	0	1	-8	689	-1826
16	0	701	407	-198	0	0	1	-8	697	-1830
16	0	649	420	-180	0	3	2	-8	705	-1834
16	0	649	420	-180	0	3	2	-8	714	-1838
16	0	649	420	-180	0	3	2	-8	722	-1841
16	0	595	384	-149	0	5	2	-9	731	-1845
16	0	595	384	-149	0	5	2	-9	738	-1848
16	0	595	384	-149	0	5	2	-9	746	-1851
16	0	595	384	-149	0	5	2	-9	754	-1854
16	0	543	315	-115	0	6	2	-9	761	-1857
16	0	543	315	-115	0	6	2	-9	768	-1859
16	0	543	315	-115	0	6	2	-9	774	-1861
16	0	491	231	-85	0	5	1	-9	780	-1864
16	0	491	231	-85	0	5	1	-9	785	-1865
16	0	491	231	-85	0	5	1	-9	790	-1867
16	0	438	152	-62	0	4	0	-9	794	-1869
16	0	438	152	-62	0	4	0	-9	797	-1870
16	0	438	152	-62	0	4	0	-9	800	-1871
16	0	385	110	-9	0	3	0	-10	803	-1872
16	0	385	110	-9	0	3	0	-10	806	-1873
16	0	385	110	-9	0	3	0	-10	808	-1873
16	0	334	52	81	0	0	0	-10	810	-1873
16	0	334	52	81	0	0	0	-10	811	-1871
16	0	334	52	81	0	0	0	-10	812	-1870
16	0	334	52	81	0	0	0	-10	813	-1868
16	0	282	12	69	0	-3	1	-10	814	-1866
16	0	282	12	69	0	-3	1	-10	815	-1865
16	0	282	12	69	0	-3	1	-10	815	-1864
16	0	240	112	-54	0	-6	3	-10	815	-1862
16	0	240	112	-54	0	-6	3	-10	817	-1863
16	0	240	112	-54	0	-6	3	-10	820	-1864
16	0	196	184	-21	0	-6	3	-11	822	-1866
16	0	196	184	-21	0	-6	3	-11	826	-1866
16	0	196	184	-21	0	-6	3	-11	829	-1866
16	0	175	236	82	0	-4	1	-10	833	-1867
16	0	175	236	82	0	-4	1	-10	838	-1865
16	0	175	236	82	0	-4	1	-10	842	-1864
16	0	175	236	82	0	-4	1	-10	847	-1862
16	0	152	389	237	0	-1	0	-10	852	-1860
16	0	152	389	237	0	-1	0	-10	860	-1855
16	0	152	389	237	0	-1	0	-10	867	-1851
16	0	0	0	0	0	0	0	-10	875	-1846
16	0	0	0	0	0	0	0	-10	875	-1846
16	0	0	0	0	0	0	0	-10	875	-1846
16	0	0	0	0	0	0	0	-11	875	-1846
16	0	0	0	0	0	0	0	-11	875	-1846
16	0	0	0	0	0	0	0	-11	875	-1846
16	0	0	0	0	0	0	0	-10	875	-1846
16	0	0	0	0	0	0	0	-10	875	-1846
16	0	0	0	0	0	0	0	-10	875	-1846
16	0	0	0	0	0	0	0	-10	875	-1846
16	0	0	0	0	0	0	0	-10	875	-1846
16	0	0	0	0	0	0	0	-10	875	-1846
16	0	0	0	0	0	0	0	-10	875	-1846
16	0	0	0	0	0	0	0	-11	875	-1846
16	0	0	0	0	0	0	0	-11	875	-1846
16	0	0	0	0	0	0	0	-11	875	-1846
16	0	0	0	0	0	0	0	-10	875	-1846
16	0	0	0	0	0	0	0	-10	875	-1846
16	0	0	0	0	0	0	0	-10	875	-1846
16	0	0	0	0	0	0	0	-10	875	-1846
16	0	0	0	0	0	0	0	-10	875	-1846
16	0	0	0	0	0	0	0	-10	875	-1846
16	0	0	0	0	0	0	0	-10	875	-1846
16	0	0	0	0	0	0	0	-10	875	-1846
16	0	0	0	0	0	0	0	-10	875	-1846
16	0	0	0	0	0	0	0	-10	875	-1846
16	0	0	0	0	0	0	0	-10	875	-1846
16	0	0	0	0	0	0	0	-10	875	-1846
16	0	0	0	0	0	0	0	-10	875	-1846
16	0	0	0	0	0	0	0	-10	875	-1846
16	0	0	0	0	0	0	0	-10	875	-1846
16	0	0	0	0	0	0	0	-10	875	-1846
16	0	0	0	0	0	0	0	-10	875	-1846
16	0	0	0	0	0	0	0	-10	875	-1846
16	0	0	0	0	0	0	0	-10	875	-1846
16	0	0	0	0	0	0	0	-10	875	-1846
16	0	0	0	0	0	0	0	-10	875	-1846
16	0	0	0	0	0	0	0	-10	875	-1846
16	0	0	0	0	0	0	0	-10	875	-1846
16	0	0	0	0	0	0	0	-10	875	-1846
16	0	0	0	0	0	0	0	-10	875	-1846
16	0	0	0	0	0	0	0	-10	875	-1846
16	0	0	0	0	0	0	0	-10	875	-1846
16	0	0	0	0	0	0	0	-10	875	-1846
16	0	0	0	0	0	0	0	-10	875	-1846
16	0	0	0	0	0	0	0	-10	875	-1846
16	0	0	0	0	0	0	0	-10	875	-1846
16	0	0	0	0	0	0	0	-10	875	-1846
16	0	0	0	0	0	0	0	-10	875	-1846
16	0	0	0	0	0	0	0	-10	875	-1846
16	0	0	0	0	0	0	0	-10	875	-1846
16	0	0	0	0	0	0	0	-10	875	-1846
16	0	0	0	0	0	0	0	-10	875	-1846
16	0	0	0	0	0	0	0	-10	875	-1846
16	0	0	0	0	0	0	0	-10	875	-1846
16	0	0	0	0	0	0	0	-10	875	-1846
16	0	0	0	0	0	0	0	-10	875	-1846
16	0	0	0	0	0	0	0	-10	875	-1846
16	0	0	0	0	0	0	0	-10	875	-1846
16	0	0	0	0	0	0	0	-10	875	-1846
16	0	0	0	0	0	0	0	-10	875	-1846
16	0	0	0	0	0	0	0	-10	875	-1846
16	0	0	0	0	0	0	0	-10	875	-1846
16	0	0	0	0	0	0	0	-10	875	-1846
16	0	0	0	0	0	0	0	-10	875	-1846
16	0	0	0	0	0	0	0	-10	875	-1846
16	0	0	0	0	0	0	0	-10	875	-1846
16	0	0	0	0	0	0	0	-10	875	-1846
16	0	0	0	0	0	0	0	-10	875	-1846
16	0	0	0	0	0	0	0	-10	875	-1846
16	0	0	0	0	0	0	0	-10	875	-1846
16	0	0	0	0	0	0	0	-10	875	-1846
16	0	0	0	0	0	0	0	-10	875	-1846
16	0	0	0	0	0	0	0	-10	875	-1846
16	0	0	0	0	0	0	0	-10	875	-1846
16	0	0	0	0	0	0	0	-10	875	-1846
16	0	0	0	0	0	0	0	-10	875	-1846
16	0	0	0	0	0	0	0	-10	875	-1846
16	0	0	0	0	0	0	0	-10	875	-1846
16	0	0	0	0	0	0	0	-10	875	-1846
16	0	0	0	0	0	0	0	-10	875	-1846
16	0	0	0	0	0	0	0	-10	875	-1846
16	0	0	0	0	0	0	0	-10	875	-1846
16	0	0	0	0	0	0	0	-10	875	-1846
16	0	0	0	0	0	0	0	-10	875	-1846
16	0	0	0	0	0	0	0	-10	875	-1846
16	0	0	0	0	0	0	0	-10	875	-1846
16	0	0	0	0	0	0	0	-10	875	-1846
16	0	0	0	0	0	0	0	-10	875	-1846
16	0	0	0	0	0	0	0	-10	875	-1846
16	0	0	0	0	0	0	0	-10	875	-1846
16	0	0	0	0	0	0	0	-10	875	-1846
16	0	0	0	0	0	0	0	-10	875	-1846
16	0	0	0	0	0	0	0	-10	875	-1846
16	0	0	0	0	0	0	0	-10	875	-1846
16	0	0	0	0	0	0	0	-10	875	-1846
16	0	0	0	0	0	0	0	-10	875	-1846
16	0	0	0	0	0	0	0	-10	875	-1846
16	0	0	0	0	0	0	0	-10	875	-1846
16	0	0	0	0	0	0	0	-10	875	-1846
16	0	0	0	0	0	0	0	-10	875	-1846
16	0	0	0	0	0	0	0	-10	875	-1846
16	0	0	0	0	0	0	0	-10	875	-1846
16	0	0	0	0	0	0	0	-10	875	-1846
16	0	0	0	0	0	0	0	-10	875	-1846
16	0	0	0	0	0	0	0	-10	875	-1846
16	0	0	0	0	0	0	0	-10	875	-1846
16	0	0	0	0	0	0	0	-10	875	-1846
16	0	0	0	0	0	0	0	-10	875	-1846
16	0	0	0	0	0	0	0	-10	875	-1846
16	0	0	0	0	0	0	0	-10	875	-1846
16	0	0	0	0	0	0	0	-10	875	-1846
16	0	0	0	0	0	0	0	-10	875	-1846
16	0	0	0	0	0	0	0	-10	875	-1846
16	0	0	0	0	0	0	0	-10	875	-1846
16	0	0	0	0	0	0	0	-10	875	-1846
16	0	0	0	0	0	0	0	-10	875	-1846
16	0	0	0	0	0	0	0	-10	875	-1846
16	0	0	0	0	0	0	0	-10	875	-1846
16	0	0	0	0	0	0	0	-10	875	-1846
16	0	0	0	0	0	0	0	-10	875	-1846
16	0	0	0	0	0	0	0	-10	875	-1846
16	0	0	0	0	0	0	0	-10	875	-1846
16	0	0	0	0	0	0	0	-10	875	-1846
16	0	0	0	0	0	0	0	-10	875	-1846
16	0	0	0	0	0	0	0	-10	875	-1846
16	0	0	0	0	0	0	0	-10	875	-1846
16	0	0	0	0	0	0	0	-10	875	-1846
16	0	0	0	0	0	0	0	-10	875	-1846
16	0	0	0	0	0	0	0	-10	875	-1846
16	0	0	0	0	0	0	0	-10	875	-1846
16	0	0	0	0	0	0	0	-10	875	-1846
16	0	0	0	0	0	0	0	-10	875	-1846
16	0	0	0	0	0	0	0	-10	875	-1846
16	0	0	0	0	0	0	0	-10	875	-1846
16	0	0	0	0	0	0	0	-10	875	-1846
16	0	0	0	0	0	0	0	-10	875	-1846
16	0	0	0	0	0	0	0	-10	875	-1846
16	0	0	0	0	0	0	0	-10	875	-1846
16	0	0	0	0	0	0	0	-10	875	-1846
16	0	0	0	0	0	0	0	-10	875	-1846
16	0	0	0	0	0	0	0	-10	875	-1846
16	0	0	0	0	0	0	0	-10	875	-1846
16	0	0	0	0	0	0	0	-10	875	-1846
16	0	0	0	0	0	0	0	-10	875	-1846
16	0	0	0	0	0	0	0	-10	875	-1846
16	0	0	0	0	0	0	0	-10	875	-1846
16	0	0	0	0	0	0	0	-10	875	-1846
16	0	0	0	0	0	0	0	-10	875	-1846
16	0	0	0	0	0	0	0	-10	875	-1846
16	0	0	0	0	0	0	0	-10	875	-1846
16	0	0	0	0	0	0	0	-10	875	-1846
16	0	0	0	0	0	0	0	-10	875	-1846
16	0	0	0	0	0	0	0	-10	875	-1846
16	0	0	0	0	0	0	0	-10	875	-1846
16	0	0	0	0	0	0	0	-10	875	-1846
16	0	0	0	0	0	0	0	-10	875	-1846
16	0	0	0	0	0	0	0	-10	875	-1846
16	0	0	0	0	0	0	0	-10	875	-1846
16	0	0	0	0	0	0	0	-10	875	-1846
16	0	0	0	0	0	0	0	-10	875	-1846
16	0	0	0	0	0	0	0	-10	875	-1846
16	0	0	0	0	0	0	0	-10	875	-1846
16	0	0	0	0	0	0	0	-10	875	-1846
16	0	0	0	0	0	0	0	-10	875	-1846
16	0	0	0	0	0	0	0	-10	875	-1846
16	0	0	0	0	0	0	0	-10	875	-1846
16	0	0	0	0	0	0	0	-10	875	-1846
16	0	0	0	0	0	0	0	-10	875	-1846
16	0	0	0	0	0	0	0	-10	875	-1846
16	0	0	0	0	0	0	0	-10	875	-1846
16	0	0	0	0	0	0	0	-10	875	-1846
16	0	0	0	0	0	0	0	-10	875	-1846
16	0	0	0	0	0	0	0	-10	875	-1846
16	0	0	0	0	0	0	0	-10	875	-1846
16	0	0	0	0	0	0	0	-10	875	-1846
16	0	0	0	0	0	0	0	-10	875	-1846
16	0	0	0	0	0	0	0	-10	875	-1846
16	0	0	0	0	0	0	0	-10	875	-1846
16	0	0	0	0	0	0	0	-10	875	-1846
16	0	0	0	0	0	0	0	-10	875	-1846
16	0	0	0	0	0	0	0	-10	875	-1846
16	0	0	0	0	0	0	0	-10	875	-1846
16	0	0	0	0	0	0	0	-10	875	-1846
16	0	0	0	0	0	0	0	-10	875	-1846
16	0	0	0	0	0	0	0	-10	875	-1846
16	0	0	0	0	0	0	0	-10	875	-1846
16	0	0	0	0	0	0	0	-10	875	-1846
16	0	0	0	0	0	0	0	-10	875	-1846
16	0	0	0	0	0	0	0	-10	875	-1846
16	0	0	0	0	0	0	0	-10	875	-1846
16	0	0	0	0	0	0	0	-10	875	-1846
16	0	0	0	0	0	0	0	-10	875	-1846
16	0	0	0	0	0	0	0	-10	875	-1846
16	0	0	0	0	0	0	0	-10	875	-1846
16	0	0	0	0	0	0	0	-10	875	-1846
16	0	0	0	0	0	0	0	-10	875	-1846
16	0	0	0	0	0	0	0	-10	875	-1846
16	0	0	0	0	0	0	0	-10	875	-1846
16	0	0	0	0	0	0	0	-10	875	-1846
16	0	0	0	0	0	0	0	-10	875	-1846
16	0	0	0	0	0	0	0	-10	875	-1846
16	0	0	0	0	0	0	0	-10	875	-1846
16	0	0	0	0	0	0	0	-10	875	-1846
16	0	0	0	0	0	0	0	-10	875	-1846
16	0	0	0	0	0	0	0	-10	875	-1846
16	0	0	0	0	0	0	0	-10	875	-1846
16	0	0	0	0	0	0	0	-10	875	-1846
16	0	0	0	0	0	0	0	-10	875	-1846
16	0	0	0	0	0	0	0	-10	875	-1846
16	0	0	0	0	0	0	0	-10	875	-1846
16	0	0	0	0	0	0	0	-10	875	-1846
16	0	0	0	0	0	0	0	-10	875	-1846
16	0	0	0	0	0	0	0	-10	875	-1846
16	0	0	0	0	0	0	0	-10	875	-1846
16	0	0	0	0	0	0	0	-10	875	-1846
16	0	0	0	0	0	0	0	-10	875	-1846
16	0	0	0	0	0	0	0	-10	875	-1846
16	0	0	0	0	0	0	0	-10	875	-1846
16	0	0	0	0	0	0	0	-10	875	-1846
16	0	0	0	0	0	0	0	-10	875	-1846
16	0	0	0	0	0	0	0	-10	875	-1846
16	0	0	0	0	0	0	0	-10	875	-1846
16	0	0	0	0	0	0	0	-10	875	-1846
16	0	0	0	0	0	0	0	-10	875	-1846
16	0	0	0	0	0	0	0	-10	875	-1846
16	0	0	0	0	0	0	0	-10	875	-1846
16	0	0	0	0	0	0	0	-10	875	-1846
16	0	0	0	0	0	0	0	-10	875	-1846
16	0	0	0	0	0	0	0	-10	875	-1846
16	0	0	0	0	0	0	0	-10	875	-1846
16	0	0	0	0	0	0	0	-10	875	-1846
16	0	0	0	0	0	0	0	-10	875	-1846
16	0	0	0	0	0	0	0	-10	875	-1846
16	0	0	0	0	0	0	0	-10	875	-1846
16	0	0	0	0	0	0	0	-10	875	-1846
16	0	0	0	0	0	0	0	-10	875	-1846
16	0	0	0	0	0	0	0	-10	875	-1846
16	0	0	0	0	0	0	0	-10	875	-1846
16	0	0	0	0	0	0	0	-10	875	-1846
16	0	0	0	0	0	0	0	-10	875	-1846
16	0	0	0	0	0	0	0	-10	875	-1846
16	0	0	0	0	0	0	0	-10	875	-1846
16	0	0	0	0	0	0	0	-10	875	-1846
16	0	0	0	0	0	0	0	-10	875	-1846
16	0	0	0	0	0	0	0	-10	875	-1846
16	0	0	0	0	0	0	0	-10	875	-1846
16	0	0	0	0	0	0	0	-10	875	-1846
16	0	0	0	0	0	0	0	-10	875	-1846
16	0	0	0	0	0	0	0	-10	875	-1846
16	0	0	0	0	0	0	0	-10	875	-1846
16	0	0	0	0	0	0	0	-10	875	-1846
16	0	0	0	0	0	0	0	-10	875	-1846
16	0	0	0	0	0	0	0	-10	875	-1846
16	0	0	0	0	0	0	0	-10	875	-1846
16	0	0	0	0	0	0	0	-10	875	-1846
16	0	0	0	0	0	0	0	-10	875	-1846
16	0	0	0	0	0	0	0	-10	875	-1846
16	0	0	0	0	0	0	0	-10	875	-1846
16	0	0	0	0	0	0	0	-10	875	-1846
16	0	0	0	0	0	0	0	-10	875	-1846
16	0	0	0	0	0	0	0	-10	875	-1846
16	0	0	0	0	0	0	0	-10	875	-1846
16	0	0	0	0	0	0	0	-10	875	-1846
16	0	0	0	0	0	0	0	-10	875	-1846
16	0	0	0	0	0	0	0	-10	875	-1846
16	0	0	0	0	0	0	0	-10	875	-1846
16	0	0	0	0	0	0	0	-10	875	-1846
16	0	0	0	0	0	0	0	-10	875	-1846
16	0	0	0	0	0	0	0	-10	875	-1846
16	0	0	0	0	0	0	0	-10	875	-1846
16	0	0	0	0	0	0	0	-10	875	-1846
16	0	0	0	0	0	0	0	-10	875	-1846
16	0	0	0	0	0	0	0	-10	875	-1846
16	0	0	0	0	0	0	0	-10	875	-1846
16	0	0	0	0	0	0	0	-10	875	-1846
16	0	0	0	0	0	0	0	-10	875	-1846
16	0	0	0	0	0	0	0	-10	875	-1846
16	0	0	0	0	0	0	0	-10	875	-1846
16	0	0	0	0	0	0	0	-10	875	-1846
16	0	0	0	0	0	0	0	-10	875	-1846
16	0	0	0	0	0	0	0	-10	875	-1846
16	0	0	0	0	0	0	0	-10	875	-1846
16	0	0	0	0	0	0	0	-10	875	-1846
16	0	0	0	0	0	0	0	-10	875	-1846
16	0	0	0	0	0	0	0	-10	875	-1846
16	0	0	0	0	0	0	0	-10	875	-1846
16	0	0	0	0	0	0	0	-10	875	-1846
16	0	0	0	0	0	0	0	-10	875	-1846
16	0	0	0	0	0	0	0	-10	875	-1846
16	0	0	0	0	0	0	0	-10	875	-1846
16	0	0	0	0	0	0	0	-10	875	-1846
16	0	0	0	0	0	0	0	-10	875	-1846
16	0	0	0	0	0	0	0	-10	875	-1846
16	0	0	0	0	0	0	0	-10	875	-1846
16	0	0	0	0	0	0	0	-10	875	-1846
16	0	0	0	0	0	0	0	-10	875	-1846
16	0	0	0	0	0	0	0	-10	875	-1846
16	0	0	0	0	0	0	0	-10	875	-1846
16	0	0	0	0	0	0	0	-10	875	-1846
16	0	0	0	0	0	0	0	-10	875	-1846
16	0	0	0	0	0	0	0	-10	875	-1846
16	0	0	0	0	0	0	0	-10	875	-1846
16	0	0	0	0	0	0	0	-10	875	-1846
16	0	0	0	0	0	0	0	-10	875	-1846
16	0	0	0	0	0	0	0	-10	875	-1846
16	0	0	0	0	0	0	0	-10	875	-1846
16	0	0	0	0	0	0	0	-10	875	-1846
16	0	0	0	0	0	0	0	-10	875	-1846
16	0	0	0	0	0	0	0	-10	875	-1846
16	0	0	0	0	0	0	0	-10	875	-1846
16	0	0	0	0	0	0	0	-10	875	-1846
16	0	0	0	0	0	0	0	-10	875	-1846
16	0	0	0	0	0	0	0	-10	875	-1846
16	0	0	0	0	0	0	0	-10	875	-1846
16	0	0	0	0	0	0	0	-10	875	-1846
16	0	0	0	0	0	0	0	-10	875	-1846
16	0	0	0	0	0	0	0	-10	875	-1846
16	0	0	0	0	0	0	0	-10	875	-1846
16	0	0	0	0	0	0	0	-10	875	-1846
16	0	0	0	0	0	0	0	-10	875	-1846
16	0	0	0	0	0	0	0	-10	875	-1846
16	0	0	0	0	0	0	0	-10	875	-1846
16	0	0	0	0	0	0	0	-10	875	-1846
