bat	flyst.	alt	vx	vy	vz	theta	phi	psi	px	py
0	0	0	0	0	0	0	0	0	0	0
0	0	0	0	0	0	0	0	0	0	0
0	0	0	0	0	0	0	0	0	0	0
0	0	0	0	0	0	0	0	0	0	0
0	0	0	0	0	0	0	0	0	0	0
0	0	0	0	0	0	0	0	0	0	0
0	0	0	0	0	0	0	0	0	0	0
0	0	0	0	0	0	0	0	0	0	0
0	0	0	0	0	0	0	0	0	0	0
0	0	0	0	0	0	0	0	0	0	0
48	0	0	0	0	0	-1	0	13	0	0
48	0	0	0	0	0	-1	0	13	0	0
48	0	0	0	0	0	-1	0	13	0	0
48	0	0	0	0	0	-1	0	13	0	0
48	0	0	0	0	0	-1	0	13	0	0
48	0	0	0	0	0	-1	0	13	0	0
48	0	0	0	0	0	-1	0	13	0	0
48	0	0	0	0	0	-1	0	13	0	0
48	0	0	0	0	0	-1	0	13	0	0
48	0	0	0	0	0	-1	0	13	0	0
48	0	0	0	0	0	-1	0	13	0	0
48	0	0	0	0	0	-1	0	13	0	0
48	0	0	0	0	0	-1	0	13	0	0
48	0	0	0	0	0	-1	0	13	0	0
48	0	0	0	0	0	-1	0	13	0	0
48	0	0	0	0	0	-1	0	13	0	0
48	0	0	0	0	0	-1	0	13	0	0
48	0	0	0	0	0	-1	0	13	0	0
48	0	0	0	0	0	-1	0	13	0	0
48	0	0	0	0	0	-1	0	13	0	0
48	0	0	0	0	0	-1	0	13	0	0
48	0	0	0	0	0	-1	0	13	0	0
48	0	0	0	0	0	-1	0	13	0	0
48	0	0	0	0	0	-1	0	13	0	0
48	0	0	0	0	0	-1	0	13	0	0
48	0	0	0	0	0	-1	0	13	0	0
48	0	0	0	0	0	-1	0	13	0	0
48	0	0	0	0	0	-1	0	13	0	0
48	0	0	0	0	0	-1	0	13	0	0
48	0	0	0	0	0	-1	0	13	0	0
48	0	0	0	0	0	-1	0	13	0	0
48	0	0	0	0	0	-1	0	13	0	0
48	0	0	0	0	0	-1	0	13	0	0
48	0	0	0	0	0	-1	0	13	0	0
48	0	0	0	0	0	-1	0	13	0	0
48	0	0	0	0	0	-1	0	13	0	0
48	0	0	0	0	0	-1	0	13	0	0
48	0	0	0	0	0	-1	0	13	0	0
48	0	0	0	0	0	-1	0	13	0	0
48	0	0	0	0	0	-1	0	13	0	0
48	0	0	0	0	0	-1	0	13	0	0
48	0	0	0	0	0	-1	0	13	0	0
48	0	0	0	0	0	-1	0	13	0	0
48	0	0	0	0	0	-1	0	13	0	0
48	0	0	0	0	0	-1	0	13	0	0
48	0	0	0	0	0	-1	0	13	0	0
48	0	0	0	0	0	-1	0	13	0	0
48	0	0	0	0	0	-1	0	13	0	0
48	0	0	0	0	0	-1	0	13	0	0
48	0	0	0	0	0	-1	0	13	0	0
48	0	0	0	0	0	-1	0	13	0	0
48	0	0	0	0	0	-1	0	13	0	0
48	0	0	0	0	0	-1	0	13	0	0
48	0	0	0	0	0	-1	0	13	0	0
48	0	0	0	0	0	-1	0	13	0	0
48	0	0	0	0	0	-1	0	13	0	0
48	0	0	0	0	0	-1	0	13	0	0
48	0	0	0	0	0	-1	0	13	0	0
48	0	0	0	0	0	-1	0	13	0	0
48	0	0	0	0	0	-1	0	13	0	0
48	0	0	0	0	0	-1	0	13	0	0
48	0	0	0	0	0	-1	0	13	0	0
48	0	0	0	0	0	-1	0	13	0	0
48	0	0	0	0	0	-1	0	13	0	0
48	0	0	0	0	0	-1	0	13	0	0
48	0	0	0	0	0	-1	0	13	0	0
48	0	0	0	0	0	-1	0	13	0	0
48	0	0	0	0	0	-1	0	13	0	0
48	0	0	0	0	0	-1	0	13	0	0
48	0	0	0	0	0	-1	0	13	0	0
48	0	0	0	0	0	-1	0	13	0	0
48	0	0	0	0	0	-1	0	13	0	0
48	0	0	0	0	0	-1	0	13	0	0
48	0	0	0	0	0	-1	0	13	0	0
48	0	0	0	0	0	-1	0	13	0	0
48	0	0	0	0	0	-1	0	13	0	0
48	0	0	0	0	0	-1	0	13	0	0
48	0	0	0	0	0	-1	0	13	0	0
48	0	0	0	0	0	-1	0	13	0	0
48	0	0	0	0	0	-1	0	13	0	0
48	0	0	0	0	0	-1	0	13	0	0
48	0	0	0	0	0	-1	0	13	0	0
48	0	0	0	0	0	-1	0	13	0	0
48	0	0	0	0	0	-1	0	13	0	0
48	0	0	0	0	0	-1	0	13	0	0
48	0	0	0	0	0	-1	0	13	0	0
48	0	0	0	0	0	-1	0	13	0	0
48	0	0	0	0	0	-1	0	13	0	0
48	0	0	0	0	0	-1	0	13	0	0
48	0	0	0	0	0	-1	0	13	0	0
48	0	0	0	0	0	-1	0	13	0	0
48	0	0	0	0	0	-1	0	13	0	0
48	0	0	0	0	0	-1	0	13	0	0
48	0	0	0	0	0	-1	0	13	0	0
48	0	0	0	0	0	-1	0	13	0	0
48	0	0	0	0	0	-1	0	13	0	0
48	0	0	0	0	0	-1	0	13	0	0
48	0	0	0	0	0	-1	0	13	0	0
48	0	0	0	0	0	-1	0	13	0	0
48	0	0	0	0	0	-1	0	13	0	0
48	0	0	0	0	0	-1	0	13	0	0
48	0	0	0	0	0	-1	0	13	0	0
48	0	0	0	0	0	-1	0	13	0	0
48	0	0	0	0	0	-1	0	13	0	0
48	0	0	0	0	0	-1	0	13	0	0
48	0	0	0	0	0	-1	0	13	0	0
0	0	0	0	0	0	0	0	0	0	0
0	0	0	0	0	0	0	0	0	0	0
0	0	0	0	0	0	0	0	0	0	0
48	0	0	0	0	0	0	0	13	0	0
48	0	0	0	0	0	0	0	13	0	0
48	0	0	0	0	0	0	0	13	0	0
48	0	0	0	0	0	0	0	13	0	0
48	0	0	0	0	0	0	0	13	0	0
48	0	0	0	0	0	0	0	13	0	0
48	0	0	0	0	0	0	0	13	0	0
48	0	0	0	0	0	0	0	13	0	0
48	0	0	0	0	0	0	0	13	0	0
48	0	0	0	0	0	0	0	13	0	0
48	0	0	0	0	0	0	0	13	0	0
48	0	0	0	0	0	0	0	13	0	0
48	0	0	0	0	0	0	0	13	0	0
48	0	0	0	0	0	0	0	13	0	0
48	0	0	0	0	0	0	0	13	0	0
48	0	0	0	0	0	0	0	13	0	0
48	0	0	0	0	0	0	0	13	0	0
48	0	0	0	0	0	0	0	13	0	0
48	0	0	0	0	0	0	0	13	0	0
48	0	0	0	0	0	0	0	13	0	0
48	0	0	0	-1	0	0	0	13	0	0
48	0	0	0	-1	0	0	0	13	0	0
48	0	0	0	-1	0	0	0	13	0	0
48	0	0	0	0	0	0	0	13	0	0
48	0	0	0	0	0	0	0	13	0	0
48	0	0	0	0	0	0	0	13	0	0
48	0	0	0	0	0	0	0	13	0	0
48	0	0	0	0	0	0	0	13	0	0
48	0	0	0	0	0	0	0	13	0	0
48	0	0	0	0	0	0	0	13	0	0
48	0	0	1	0	0	0	0	13	0	0
48	0	0	1	0	0	0	0	13	0	0
48	0	0	1	0	0	0	0	13	0	0
48	0	0	0	0	0	0	0	13	0	0
48	0	0	0	0	0	0	0	13	0	0
48	0	0	0	0	0	0	0	13	0	0
48	0	0	0	0	0	0	0	13	0	0
48	0	0	0	0	0	0	0	13	0	0
48	0	0	0	0	0	0	0	13	0	0
48	0	0	0	0	0	0	0	13	0	0
48	0	0	0	0	0	0	0	13	0	0
48	0	0	0	0	0	0	0	13	0	0
48	0	0	0	0	0	0	0	13	0	0
48	0	0	0	0	0	0	0	13	0	0
48	0	0	0	0	0	0	0	13	0	0
48	0	0	0	0	0	0	0	13	0	0
49	0	0	0	-1	0	0	0	13	0	0
49	0	0	0	-1	0	0	0	13	0	0
49	0	0	0	-1	0	0	0	13	0	0
49	0	0	0	-1	0	0	0	13	0	0
49	0	0	0	-1	0	0	0	13	0	0
49	0	0	0	-1	0	0	0	13	0	0
49	0	0	0	-1	0	0	0	13	0	0
49	0	0	0	0	0	0	0	13	0	0
49	0	0	0	0	0	0	0	13	0	0
49	0	0	0	0	0	0	0	13	0	0
49	0	0	0	0	0	0	0	13	0	0
49	0	0	0	0	0	0	0	13	0	0
49	0	0	0	0	0	0	0	13	0	0
49	0	0	0	0	0	0	0	13	0	0
49	0	0	0	0	0	0	0	13	0	0
49	0	0	0	0	0	0	0	13	0	0
49	0	0	0	-1	0	0	0	13	0	0
49	0	0	0	-1	0	0	0	13	0	0
49	0	0	0	-1	0	0	0	13	0	0
49	0	0	0	-1	0	0	0	13	0	0
49	0	0	0	0	0	0	0	13	0	0
49	0	0	0	0	0	0	0	13	0	0
49	0	0	0	0	0	0	0	13	0	0
49	0	0	0	-1	0	0	0	13	0	0
49	0	0	0	-1	0	0	0	13	0	0
49	0	0	0	-1	0	0	0	13	0	0
49	0	0	0	0	0	0	0	13	0	0
49	0	0	0	0	0	0	0	13	0	0
49	0	0	0	0	0	0	0	13	0	0
49	0	0	0	0	0	0	0	13	0	0
49	0	0	0	0	0	0	0	13	0	0
49	0	0	0	0	0	0	0	13	0	0
49	0	0	0	0	0	0	0	13	0	0
49	0	0	-1	-1	0	0	0	13	0	0
49	0	0	-1	-1	0	0	0	13	0	0
49	0	0	-1	-1	0	0	0	13	0	0
49	0	0	0	0	0	0	0	13	0	0
49	0	0	0	0	0	0	0	13	0	0
49	0	0	0	0	0	0	0	13	0	0
49	0	0	0	-1	0	0	0	13	0	0
49	0	0	0	-1	0	0	0	13	0	0
49	0	0	0	-1	0	0	0	13	0	0
49	0	0	0	0	0	0	0	13	0	0
49	0	0	0	0	0	0	0	13	0	0
49	0	0	0	0	0	0	0	13	0	0
49	0	0	0	0	0	0	0	13	0	0
49	0	0	0	0	0	0	0	13	0	0
49	0	0	0	0	0	0	0	13	0	0
49	0	0	0	0	0	0	0	13	0	0
49	0	0	0	-1	0	0	0	13	0	0
49	0	0	0	-1	0	0	0	13	0	0
49	0	0	0	-1	0	0	0	13	0	0
53	0	0	-1	-1	0	0	0	13	0	0
53	0	0	-1	-1	0	0	0	13	0	-1
53	0	0	-1	-1	0	0	0	13	0	-1
53	0	0	-1	-1	0	0	0	13	0	-1
53	0	0	-2	-2	0	0	0	13	0	-1
53	0	0	-2	-2	0	0	0	13	0	-1
53	0	0	-2	-2	0	0	0	13	0	-1
53	0	0	-1	-2	0	0	0	13	0	-1
53	0	0	-1	-2	0	0	0	13	0	-1
53	0	0	-1	-2	0	0	0	13	0	-1
53	0	0	0	-1	0	0	0	13	0	-1
53	0	0	0	-1	0	0	0	13	0	-1
53	0	0	0	-1	0	0	0	13	0	-1
53	0	0	0	-1	0	0	0	13	0	-1
53	0	0	0	-1	0	0	0	13	0	-1
53	0	0	0	-1	0	0	0	13	0	-1
53	0	0	0	-1	0	0	0	13	0	-1
53	0	0	-2	0	0	0	0	13	0	-1
53	0	0	-2	0	0	0	0	13	0	-1
53	0	0	-2	0	0	0	0	13	0	-1
53	0	0	-2	0	0	0	0	13	0	-1
53	0	0	-2	0	0	0	0	13	0	-1
53	0	0	-2	0	0	0	0	13	0	-1
53	0	0	-2	-2	0	0	0	13	0	-1
53	0	0	-2	-2	0	0	0	13	0	-1
53	0	0	-2	-2	0	0	0	13	0	-1
53	0	0	0	-2	0	0	0	13	0	-1
53	0	0	0	-2	0	0	0	13	0	-1
53	0	0	0	-2	0	0	0	13	0	-1
53	0	0	0	0	0	0	0	13	0	-1
53	0	0	0	0	0	0	0	13	0	-1
53	0	0	0	0	0	0	0	13	0	-1
53	0	0	0	0	0	0	0	13	0	-1
53	0	0	-2	-1	0	0	0	12	0	-1
53	0	0	-2	-1	0	0	0	12	0	-2
53	0	0	-2	-1	0	0	0	12	0	-2
53	0	0	-3	-1	0	0	0	12	0	-2
53	0	0	-3	-1	0	0	0	12	0	-2
53	0	0	-3	-1	0	0	0	12	0	-2
53	0	0	2	0	0	0	0	12	0	-2
53	0	0	2	0	0	0	0	12	0	-2
53	0	0	2	0	0	0	0	12	0	-2
53	0	0	2	0	0	0	0	12	0	-2
53	0	0	-2	2	0	0	0	12	0	-2
53	0	0	-2	2	0	0	0	12	0	-2
53	0	0	-2	2	0	0	0	12	0	-2
53	0	0	-1	2	0	0	1	12	0	-2
53	0	0	-1	2	0	0	1	12	0	-1
53	0	0	-1	2	0	0	1	12	0	-1
53	0	0	2	5	0	-1	1	0	0	-1
53	0	0	2	5	0	-1	1	0	0	-1
53	0	0	2	5	0	-1	1	0	0	-1
53	0	248	25	25	0	-2	1	0	0	-1
53	0	248	25	25	0	-2	1	0	0	-1
53	0	248	25	25	0	-2	1	0	0	0
53	0	248	25	25	0	-2	1	0	0	0
53	0	243	59	49	0	-4	2	0	1	0
53	0	243	59	49	0	-4	2	0	2	1
53	0	243	59	49	0	-4	2	0	3	2
53	0	258	52	48	0	-5	3	0	4	3
53	0	258	52	48	0	-5	3	0	5	4
53	0	258	52	48	0	-5	3	0	6	5
53	0	258	52	48	0	-5	3	0	7	6
53	0	286	-172	-91	0	-6	4	0	9	7
53	0	286	-172	-91	0	-6	4	0	5	5
53	0	329	-116	-125	0	-7	6	0	2	3
53	0	329	-116	-125	0	-7	6	0	0	1
53	0	329	-116	-125	0	-7	6	0	-2	-1
53	0	329	-116	-125	0	-7	6	0	-4	-3
53	0	384	-68	64	0	-7	7	0	-7	-6
53	0	384	-68	64	0	-7	7	0	-8	-5
53	0	384	-68	64	0	-7	7	0	-9	-3
53	0	254	49	108	0	-6	7	0	-11	-2
53	0	254	49	108	0	-6	7	0	-10	0
53	0	254	49	108	0	-6	7	0	-9	1
53	0	280	93	55	0	-5	5	0	-8	4
53	0	280	93	55	0	-5	5	0	-6	5
53	0	280	93	55	0	-5	5	0	-4	6
53	0	300	54	8	0	-4	4	0	-2	7
53	0	300	54	8	0	-4	4	0	-1	7
53	0	300	54	8	0	-4	4	0	0	7
53	0	300	54	8	0	-4	4	0	0	7
53	0	319	83	-6	0	-3	3	0	1	8
53	0	319	83	-6	0	-3	3	0	3	7
53	0	319	83	-6	0	-3	3	0	4	7
53	0	357	92	20	0	-1	3	0	6	7
53	0	357	92	20	0	-1	3	0	8	8
53	0	357	92	20	0	-1	3	0	10	8
53	0	386	81	31	0	0	2	0	12	8
53	0	386	81	31	0	0	2	0	13	9
53	0	386	81	31	0	0	2	0	15	10
53	0	386	81	31	0	0	2	0	17	10
53	0	420	59	31	0	0	1	0	18	11
53	0	420	59	31	0	0	1	0	19	12
53	0	464	26	29	0	1	1	0	20	12
53	0	464	26	29	0	1	1	0	21	13
53	0	464	26	29	0	1	1	0	22	13
53	0	464	26	29	0	1	1	0	22	14
49	0	495	-1	22	0	1	0	0	23	15
49	0	495	-1	22	0	1	0	0	23	15
49	0	495	-1	22	0	1	0	0	23	15
49	0	533	-27	17	0	1	0	0	23	16
49	0	533	-27	17	0	1	0	0	22	16
49	0	533	-27	17	0	1	0	0	21	17
49	0	554	-47	11	0	1	0	0	21	17
49	0	554	-47	11	0	1	0	0	20	17
49	0	554	-47	11	0	1	0	0	19	17
49	0	566	-65	4	0	1	0	0	18	18
49	0	566	-65	4	0	1	0	0	17	18
49	0	566	-65	4	0	1	0	0	15	18
49	0	566	-65	4	0	1	0	0	14	18
49	0	585	-79	0	0	0	0	0	13	18
49	0	585	-79	0	0	0	0	0	11	18
49	0	585	-79	0	0	0	0	0	10	18
49	0	590	-89	-5	0	0	0	0	8	18
49	0	590	-89	-5	0	0	0	0	6	18
49	0	590	-89	-5	0	0	0	0	4	18
49	0	598	-96	-10	0	0	0	0	3	18
49	0	598	-96	-10	0	0	0	0	1	17
49	0	598	-96	-10	0	0	0	0	0	17
49	0	611	-102	-15	0	0	0	0	-2	17
49	0	611	-102	-15	0	0	0	0	-4	17
49	0	611	-102	-15	0	0	0	0	-6	16
49	0	611	-102	-15	0	0	0	0	-8	16
49	0	619	-106	-21	0	0	0	0	-10	16
49	0	619	-106	-21	0	0	0	0	-12	15
49	0	619	-106	-21	0	0	0	0	-15	15
49	0	631	-105	-23	0	0	0	0	-17	15
49	0	631	-105	-23	0	0	0	0	-19	14
49	0	631	-105	-23	0	0	0	0	-21	14
49	0	639	-103	-24	0	0	0	0	-23	13
49	0	639	-103	-24	0	0	0	0	-25	13
49	0	639	-103	-24	0	0	0	0	-27	12
49	0	649	-99	-24	0	0	1	0	-29	12
49	0	649	-99	-24	0	0	1	0	-31	11
49	0	649	-99	-24	0	0	1	0	-33	11
49	0	649	-99	-24	0	0	1	0	-35	10
49	0	660	-94	-22	0	0	1	0	-37	10
49	0	660	-94	-22	0	0	1	0	-39	9
49	0	660	-94	-22	0	0	1	0	-41	9
49	0	666	-91	-19	0	0	1	0	-43	8
49	0	666	-91	-19	0	0	1	0	-45	8
49	0	666	-91	-19	0	0	1	0	-46	8
49	0	673	-95	-17	0	0	1	0	-48	7
49	0	673	-95	-17	0	0	1	0	-50	7
49	0	673	-95	-17	0	0	1	0	-52	6
49	0	673	-95	-17	0	0	1	0	-54	6
49	0	681	-124	-14	0	2	1	0	-56	6
49	0	681	-124	-14	0	2	1	0	-58	5
49	0	681	-124	-14	0	2	1	0	-61	5
44	0	690	-180	-10	0	5	1	0	-63	5
44	0	690	-180	-10	0	5	1	0	-67	5
44	0	690	-180	-10	0	5	1	0	-71	4
44	0	697	-263	-9	0	7	1	0	-74	4
44	0	697	-263	-9	0	7	1	0	-79	4
44	0	697	-263	-9	0	7	1	0	-85	4
44	0	697	-263	-9	0	7	1	0	-90	4
44	0	705	-366	-6	0	9	1	0	-95	3
44	0	705	-366	-6	0	9	1	0	-103	3
44	0	705	-366	-6	0	9	1	0	-110	3
44	0	710	-178	1	0	11	1	0	-117	3
44	0	710	-178	1	0	11	1	0	-121	3
44	0	710	-178	1	0	11	1	0	-124	3
44	0	711	-141	1	0	9	0	0	-128	3
44	0	711	-141	1	0	9	0	0	-131	3
44	0	711	-141	1	0	9	0	0	-134	3
44	0	706	-208	1	0	5	0	0	-136	3
44	0	706	-208	1	0	5	0	0	-141	3
44	0	706	-208	1	0	5	0	0	-145	3
44	0	698	-225	0	0	0	0	0	-149	3
44	0	698	-225	0	0	0	0	0	-154	3
44	0	698	-225	0	0	0	0	0	-158	3
44	0	698	-225	0	0	0	0	0	-163	3
44	0	693	-203	1	0	-2	1	0	-167	3
44	0	693	-203	1	0	-2	1	0	-171	3
44	0	693	-203	1	0	-2	1	0	-175	3
44	0	687	-157	3	0	-4	1	0	-179	3
44	0	687	-157	3	0	-4	1	0	-182	3
44	0	687	-157	3	0	-4	1	0	-186	3
44	0	687	-97	7	0	-4	1	0	-189	4
44	0	687	-97	7	0	-4	1	0	-191	4
44	0	687	-97	7	0	-4	1	0	-193	4
44	0	687	-97	7	0	-4	1	0	-195	4
44	0	689	-40	10	0	-4	1	0	-197	4
44	0	689	-40	10	0	-4	1	0	-197	4
44	0	687	7	14	0	-3	1	1	-198	5
44	0	687	7	14	0	-3	1	1	-198	5
44	0	687	7	14	0	-3	1	1	-198	5
44	0	687	7	14	0	-3	1	1	-198	5
44	0	688	43	17	0	-2	1	1	-198	6
44	0	688	43	17	0	-2	1	1	-197	6
44	0	688	43	17	0	-2	1	1	-196	6
44	0	692	65	19	0	-1	0	1	-195	7
44	0	692	65	19	0	-1	0	1	-194	7
44	0	692	65	19	0	-1	0	1	-192	8
44	0	692	65	19	0	-1	0	1	-191	8
44	0	694	64	20	0	1	0	1	-190	8
44	0	694	64	20	0	1	0	1	-188	9
44	0	694	64	20	0	1	0	1	-187	9
37	0	696	25	7	0	4	-1	0	-186	10
37	0	696	25	7	0	4	-1	0	-185	10
37	0	696	25	7	0	4	-1	0	-185	10
37	0	700	-26	-26	0	5	-3	0	-184	10
37	0	700	-26	-26	0	5	-3	0	-185	9
37	0	700	-26	-26	0	5	-3	0	-185	9
37	0	699	-75	-83	0	4	-5	0	-186	8
37	0	699	-75	-83	0	4	-5	0	-187	7
37	0	699	-75	-83	0	4	-5	0	-189	5
37	0	699	-75	-83	0	4	-5	0	-190	3
37	0	693	-109	-157	0	3	-7	1	-192	2
37	0	693	-109	-157	0	3	-7	1	-194	0
37	0	693	-109	-157	0	3	-7	1	-196	-4
37	0	687	-129	-247	0	1	-8	1	-199	-7
37	0	687	-129	-247	0	1	-8	1	-201	-12
37	0	687	-129	-247	0	1	-8	1	-204	-17
37	0	678	-132	-344	0	0	-9	1	-206	-22
37	0	678	-132	-344	0	0	-9	1	-209	-28
37	0	678	-132	-344	0	0	-9	1	-212	-35
37	0	675	-124	-445	0	0	-9	1	-214	-42
37	0	675	-124	-445	0	0	-9	1	-217	-51
37	0	675	-124	-445	0	0	-9	1	-219	-60
37	0	672	-104	-543	0	-1	-9	1	-222	-69
37	0	672	-104	-543	0	-1	-9	1	-224	-80
37	0	672	-104	-543	0	-1	-9	1	-226	-91
37	0	672	-104	-543	0	-1	-9	1	-228	-102
37	0	666	-79	-632	0	-1	-9	1	-230	-112
37	0	666	-79	-632	0	-1	-9	1	-232	-125
37	0	666	-79	-632	0	-1	-9	1	-233	-138
37	0	659	-52	-715	0	-1	-9	1	-235	-150
37	0	659	-52	-715	0	-1	-9	1	-236	-165
37	0	659	-52	-715	0	-1	-9	1	-237	-179
37	0	653	-26	-790	0	-1	-9	1	-238	-193
37	0	653	-26	-790	0	-1	-9	1	-239	-209
37	0	653	-26	-790	0	-1	-9	1	-239	-225
37	0	653	-26	-790	0	-1	-9	1	-240	-241
37	0	645	-3	-858	0	-1	-8	1	-240	-256
37	0	645	-3	-858	0	-1	-8	1	-240	-274
37	0	645	-3	-858	0	-1	-8	1	-240	-291
37	0	634	15	-914	0	-1	-8	1	-240	-308
37	0	634	15	-914	0	-1	-8	1	-240	-326
37	0	634	15	-914	0	-1	-8	1	-240	-345
37	0	629	30	-967	0	-1	-7	1	-239	-363
37	0	629	30	-967	0	-1	-7	1	-239	-382
37	0	629	30	-967	0	-1	-7	1	-238	-402
37	0	626	41	-1016	0	0	-7	1	-238	-421
37	0	626	41	-1016	0	0	-7	1	-237	-441
37	0	626	41	-1016	0	0	-7	1	-236	-462
37	0	626	41	-1016	0	0	-7	1	-235	-482
37	0	625	47	-1057	0	0	-7	1	-234	-502
37	0	625	47	-1057	0	0	-7	1	-233	-523
37	0	625	47	-1057	0	0	-7	1	-232	-545
32	0	624	48	-1070	0	0	-4	1	-231	-566
32	0	624	48	-1070	0	0	-4	1	-231	-587
32	0	624	48	-1070	0	0	-4	1	-230	-608
32	0	623	44	-1053	0	0	-1	1	-229	-630
32	0	623	44	-1053	0	0	-1	1	-228	-651
32	0	623	44	-1053	0	0	-1	1	-227	-672
32	0	624	41	-1001	0	0	1	1	-226	-693
32	0	624	41	-1001	0	0	1	1	-225	-713
32	0	624	41	-1001	0	0	1	1	-224	-733
32	0	624	41	-1001	0	0	1	1	-223	-753
32	0	623	35	-923	0	0	3	1	-223	-773
32	0	623	35	-923	0	0	3	1	-222	-792
32	0	623	35	-923	0	0	3	1	-221	-810
32	0	614	31	-828	0	0	4	1	-220	-829
32	0	614	31	-828	0	0	4	1	-220	-845
32	0	614	31	-828	0	0	4	1	-219	-862
32	0	618	150	-693	0	0	3	1	-219	-878
32	0	618	150	-693	0	0	3	1	-216	-892
32	0	618	150	-693	0	0	3	1	-213	-906
32	0	619	174	-634	0	0	0	1	-210	-920
32	0	619	174	-634	0	0	0	1	-206	-933
32	0	619	174	-634	0	0	0	1	-203	-945
32	0	619	174	-634	0	0	0	1	-199	-958
32	0	617	174	-587	0	0	-3	1	-196	-971
32	0	617	174	-587	0	0	-3	1	-192	-982
32	0	617	174	-587	0	0	-3	1	-189	-994
32	0	619	159	-577	0	0	-4	1	-185	-1006
32	0	619	159	-577	0	0	-4	1	-182	-1017
32	0	619	159	-577	0	0	-4	1	-179	-1029
32	0	622	149	-585	0	0	-3	1	-176	-1041
32	0	622	149	-585	0	0	-3	1	-173	-1052
32	0	622	149	-585	0	0	-3	1	-170	-1064
32	0	624	137	-573	0	0	-1	1	-167	-1076
32	0	624	137	-573	0	0	-1	1	-164	-1087
32	0	624	137	-573	0	0	-1	1	-161	-1099
32	0	624	125	-542	0	0	0	1	-158	-1112
32	0	631	125	-542	0	0	0	1	-155	-1123
32	0	631	125	-542	0	0	0	1	-153	-1134
32	0	631	125	-542	0	0	0	1	-150	-1144
32	0	632	112	-491	0	1	2	1	-148	-1155
32	0	632	112	-491	0	1	2	1	-146	-1165
32	0	632	112	-491	0	1	2	1	-143	-1175
32	0	639	96	-419	0	1	4	1	-141	-1185
32	0	639	96	-419	0	1	4	1	-139	-1193
32	0	639	96	-419	0	1	4	1	-137	-1201
32	0	642	79	-331	0	1	6	1	-135	-1210
32	0	642	79	-331	0	1	6	1	-134	-1217
32	0	642	79	-331	0	1	6	1	-132	-1223
32	0	642	79	-331	0	1	6	1	-131	-1230
28	0	645	55	-237	0	2	6	1	-129	-1236
28	0	645	55	-237	0	2	6	1	-128	-1241
28	0	645	55	-237	0	2	6	1	-127	-1246
28	0	649	11	-150	0	4	5	1	-126	-1251
28	0	649	11	-150	0	4	5	1	-125	-1254
28	0	649	11	-150	0	4	5	1	-125	-1257
28	0	656	-52	-78	0	5	4	1	-125	-1260
28	0	656	-52	-78	0	5	4	1	-126	-1261
28	0	656	-52	-78	0	5	4	1	-127	-1263
28	0	663	-56	-173	0	5	4	1	-128	-1264
28	0	663	-56	-173	0	5	4	1	-129	-1268
28	0	663	-56	-173	0	5	4	1	-130	-1271
28	0	670	-90	-212	0	3	4	1	-132	-1275
28	0	670	-90	-212	0	3	4	1	-133	-1279
28	0	670	-90	-212	0	3	4	1	-135	-1283
28	0	670	-90	-212	0	3	4	1	-137	-1288
28	0	675	-106	-225	0	0	3	1	-139	-1292
28	0	675	-106	-225	0	0	3	1	-141	-1296
28	0	675	-106	-225	0	0	3	1	-143	-1301
28	0	679	-101	-192	0	-1	2	1	-145	-1305
28	0	679	-101	-192	0	-1	2	1	-147	-1309
28	0	679	-101	-192	0	-1	2	1	-149	-1313
28	0	681	-68	-156	0	-2	2	1	-151	-1317
28	0	681	-68	-156	0	-2	2	1	-153	-1320
28	0	681	-68	-156	0	-2	2	1	-154	-1323
28	0	683	-27	-124	0	-3	2	1	-155	-1326
28	0	683	-27	-124	0	-3	2	1	-156	-1329
28	0	683	-27	-124	0	-3	2	1	-156	-1331
28	0	683	-27	-124	0	-3	2	1	-157	-1334
28	0	687	11	-96	0	-2	1	1	-158	-1336
28	0	687	11	-96	0	-2	1	1	-157	-1338
28	0	687	11	-96	0	-2	1	1	-157	-1340
28	0	692	38	-79	0	-1	0	1	-157	-1342
28	0	692	38	-79	0	-1	0	1	-156	-1344
28	0	692	38	-79	0	-1	0	1	-155	-1345
28	0	697	34	-76	0	1	0	1	-155	-1347
28	0	697	34	-76	0	1	0	1	-154	-1348
28	0	697	34	-76	0	1	0	1	-153	-1350
28	0	703	-1	-83	0	4	-1	1	-152	-1351
28	0	703	-1	-83	0	4	-1	1	-152	-1353
28	0	703	-1	-83	0	4	-1	1	-152	-1355
28	0	703	-1	-83	0	4	-1	1	-153	-1356
28	0	709	-68	-96	0	6	-1	1	-153	-1358
28	0	709	-68	-96	0	6	-1	1	-154	-1360
28	0	709	-68	-96	0	6	-1	1	-155	-1362
28	0	714	-164	0	0	8	-1	1	-157	-1364
28	0	714	-164	0	0	8	-1	1	-160	-1364
28	0	714	-164	0	0	8	-1	1	-163	-1364
28	0	721	-266	-18	0	10	-1	1	-166	-1364
28	0	721	-266	-18	0	10	-1	1	-172	-1364
28	0	721	-266	-18	0	10	-1	1	-177	-1365
24	0	728	-374	-33	0	10	-1	1	-182	-1365
24	0	728	-374	-33	0	10	-1	1	-190	-1366
24	0	728	-374	-33	0	10	-1	1	-197	-1366
24	0	728	-374	-33	0	10	-1	1	-205	-1367
24	0	733	-449	-47	0	10	-1	1	-212	-1368
24	0	733	-449	-47	0	10	-1	1	-221	-1368
24	0	733	-449	-47	0	10	-1	1	-230	-1369
24	0	734	-534	-61	0	10	-1	1	-239	-1370
24	0	734	-534	-61	0	10	-1	1	-250	-1372
24	0	734	-534	-61	0	10	-1	1	-262	-1373
24	0	737	-628	-71	0	10	-1	1	-272	-1374
24	0	737	-628	-71	0	10	-1	1	-285	-1376
24	0	737	-628	-71	0	10	-1	1	-297	-1377
24	0	735	-707	-81	0	9	-1	1	-310	-1378
24	0	735	-707	-81	0	9	-1	1	-324	-1380
24	0	735	-707	-81	0	9	-1	1	-339	-1382
24	0	735	-707	-81	0	9	-1	1	-353	-1383
24	0	736	-782	-92	0	8	-1	1	-367	-1385
24	0	736	-782	-92	0	8	-1	1	-383	-1387
24	0	736	-782	-92	0	8	-1	1	-398	-1389
24	0	735	-817	-99	0	5	-1	1	-414	-1391
24	0	735	-817	-99	0	5	-1	1	-430	-1393
24	0	735	-817	-99	0	5	-1	1	-447	-1395
24	0	729	-809	-106	0	1	-1	1	-463	-1397
24	0	729	-809	-106	0	1	-1	1	-479	-1399
24	0	729	-809	-106	0	1	-1	1	-495	-1401
24	0	729	-809	-106	0	1	-1	1	-512	-1403
24	0	720	-766	-115	0	-2	-1	1	-528	-1405
24	0	720	-766	-115	0	-2	-1	1	-543	-1407
24	0	720	-766	-115	0	-2	-1	1	-558	-1410
24	0	719	-687	-120	0	-5	-1	1	-574	-1412
24	0	719	-687	-120	0	-5	-1	1	-587	-1414
24	0	719	-687	-120	0	-5	-1	1	-601	-1417
24	0	717	-583	-131	0	-7	-2	1	-615	-1419
24	0	717	-583	-131	0	-7	-2	1	-627	-1422
24	0	717	-583	-131	0	-7	-2	1	-638	-1424
24	0	715	-468	-154	0	-8	-3	1	-650	-1427
24	0	715	-468	-154	0	-8	-3	1	-659	-1430
24	0	715	-468	-154	0	-8	-3	1	-669	-1433
24	0	714	-351	-195	0	-7	-4	1	-678	-1436
24	0	714	-351	-195	0	-7	-4	1	-685	-1440
24	0	714	-351	-195	0	-7	-4	1	-692	-1444
24	0	714	-351	-195	0	-7	-4	1	-699	-1448
24	0	716	-244	-253	0	-7	-6	0	-706	-1452
24	0	716	-244	-253	0	-7	-6	0	-711	-1457
24	0	716	-244	-253	0	-7	-6	0	-716	-1462
24	0	720	-151	-326	0	-6	-7	0	-721	-1467
24	0	720	-151	-326	0	-6	-7	0	-724	-1474
24	0	720	-151	-326	0	-6	-7	0	-727	-1480
23	0	723	-76	-409	0	-4	-8	0	-730	-1487
23	0	723	-76	-409	0	-4	-8	0	-732	-1495
23	0	723	-76	-409	0	-4	-8	0	-733	-1503
23	0	725	-19	-494	0	-3	-9	0	-735	-1511
23	0	725	-19	-494	0	-3	-9	0	-735	-1521
23	0	725	-19	-494	0	-3	-9	0	-735	-1531
23	0	725	-19	-494	0	-3	-9	0	-736	-1541
23	0	728	23	-582	0	-2	-10	0	-736	-1551
23	0	728	23	-582	0	-2	-10	0	-736	-1563
23	0	728	23	-582	0	-2	-10	0	-735	-1574
23	0	729	51	-666	0	-1	-10	0	-735	-1586
23	0	729	51	-666	0	-1	-10	0	-734	-1599
23	0	729	51	-666	0	-1	-10	0	-733	-1613
23	0	730	66	-749	0	0	-10	0	-732	-1626
23	0	730	66	-749	0	0	-10	0	-730	-1641
23	0	730	66	-749	0	0	-10	0	-729	-1656
23	0	733	72	-830	0	0	-10	0	-728	-1671
23	0	733	72	-830	0	0	-10	0	-726	-1687
23	0	733	72	-830	0	0	-10	0	-725	-1704
23	0	733	72	-830	0	0	-10	0	-723	-1721
23	0	727	69	-890	0	0	-8	0	-722	-1737
23	0	727	69	-890	0	0	-8	0	-720	-1755
23	0	727	69	-890	0	0	-8	0	-719	-1773
23	0	726	60	-926	0	1	-6	0	-718	-1791
23	0	726	60	-926	0	1	-6	0	-716	-1809
23	0	726	60	-926	0	1	-6	0	-715	-1828
23	0	720	50	-929	0	1	-3	0	-714	-1846
23	0	720	50	-929	0	1	-3	0	-713	-1865
23	0	720	50	-929	0	1	-3	0	-712	-1883
23	0	718	36	-903	0	1	0	0	-711	-1902
23	0	718	36	-903	0	1	0	0	-710	-1920
23	0	718	36	-903	0	1	0	0	-710	-1938
23	0	718	36	-903	0	1	0	0	-709	-1956
23	0	718	24	-847	0	1	2	0	-708	-1974
23	0	718	24	-847	0	1	2	0	-708	-1992
23	0	718	24	-847	0	1	2	0	-707	-2009
23	0	718	12	-761	0	1	4	0	-707	-2025
23	0	718	12	-761	0	1	4	0	-706	-2040
23	0	718	12	-761	0	1	4	0	-706	-2056
23	0	721	6	-649	0	1	7	0	-706	-2071
23	0	721	6	-649	0	1	7	0	-706	-2084
23	0	721	6	-649	0	1	7	0	-706	-2097
23	0	721	6	-649	0	1	7	0	-706	-2110
23	0	726	16	-527	0	0	7	0	-705	-2123
23	0	726	16	-527	0	0	7	0	-705	-2133
23	0	726	16	-527	0	0	7	0	-705	-2145
23	0	730	46	-407	0	-1	8	0	-704	-2155
23	0	730	46	-407	0	-1	8	0	-703	-2163
23	0	730	46	-407	0	-1	8	0	-703	-2171
23	0	734	76	-286	0	-2	8	0	-702	-2180
23	0	734	76	-286	0	-2	8	0	-700	-2185
23	0	734	76	-286	0	-2	8	0	-699	-2191
20	0	737	102	-168	0	-1	8	0	-697	-2197
20	0	737	102	-168	0	-1	8	0	-695	-2200
20	0	737	102	-168	0	-1	8	0	-693	-2203
20	0	737	102	-168	0	-1	8	0	-691	-2207
20	0	737	123	-79	0	-1	5	0	-689	-2210
20	0	737	123	-79	0	-1	5	0	-686	-2212
20	0	737	123	-79	0	-1	5	0	-684	-2213
20	0	736	139	-29	0	0	1	0	-681	-2215
20	0	736	139	-29	0	0	1	0	-679	-2216
20	0	736	139	-29	0	0	1	0	-676	-2216
20	0	736	148	-35	0	0	-3	0	-673	-2217
20	0	736	148	-35	0	0	-3	0	-670	-2217
20	0	736	148	-35	0	0	-3	0	-667	-2218
20	0	736	152	-95	0	0	-7	0	-664	-2219
20	0	736	152	-95	0	0	-7	0	-661	-2221
20	0	736	152	-95	0	0	-7	0	-658	-2223
20	0	736	152	-95	0	0	-7	0	-655	-2225
20	0	735	158	-206	0	0	-10	0	-652	-2226
20	0	735	158	-206	0	0	-10	0	-649	-2231
20	0	735	158	-206	0	0	-10	0	-646	-2235
20	0	737	150	-323	0	0	-11	0	-643	-2239
20	0	737	150	-323	0	0	-11	0	-640	-2245
20	0	737	150	-323	0	0	-11	0	-636	-2252
20	0	741	138	-446	0	1	-12	0	-633	-2258
20	0	741	138	-446	0	1	-12	0	-631	-2267
20	0	741	138	-446	0	1	-12	0	-628	-2276
20	0	742	125	-551	0	1	-11	0	-625	-2285
20	0	742	125	-551	0	1	-11	0	-623	-2296
20	0	742	125	-551	0	1	-11	0	-620	-2307
20	0	745	105	-633	0	1	-9	0	-618	-2318
20	0	745	105	-633	0	1	-9	0	-616	-2331
20	0	745	105	-633	0	1	-9	0	-613	-2343
20	0	745	105	-633	0	1	-9	0	-611	-2356
20	0	746	81	-677	0	2	-6	0	-609	-2369
20	0	746	81	-677	0	2	-6	0	-608	-2382
20	0	746	81	-677	0	2	-6	0	-606	-2396
20	0	746	61	-688	0	2	-3	0	-604	-2409
20	0	746	61	-688	0	2	-3	0	-603	-2423
20	0	746	61	-688	0	2	-3	0	-602	-2437
20	0	747	38	-663	0	2	0	0	-601	-2451
20	0	747	38	-663	0	2	0	0	-600	-2464
20	0	747	38	-663	0	2	0	0	-599	-2477
20	0	748	18	-603	0	1	3	0	-598	-2491
20	0	748	18	-603	0	1	3	0	-598	-2503
20	0	748	18	-603	0	1	3	0	-598	-2515
20	0	748	18	-603	0	1	3	0	-597	-2527
20	0	750	0	-510	0	1	6	1	-597	-2539
20	0	750	0	-510	0	1	6	1	-597	-2549
20	0	750	0	-510	0	1	6	1	-597	-2559
17	0	754	-14	-396	0	1	7	0	-597	-2569
17	0	754	-14	-396	0	1	7	0	-597	-2577
17	0	754	-14	-396	0	1	7	0	-597	-2585
17	0	761	-20	-279	0	0	8	0	-598	-2593
17	0	761	-20	-279	0	0	8	0	-598	-2599
17	0	761	-20	-279	0	0	8	0	-598	-2604
17	0	766	-20	-176	0	0	7	0	-599	-2610
17	0	766	-20	-176	0	0	7	0	-599	-2614
17	0	766	-20	-176	0	0	7	0	-600	-2617
17	0	766	-20	-176	0	0	7	0	-600	-2621
17	0	768	-16	-93	0	0	5	0	-600	-2624
17	0	768	-16	-93	0	0	5	0	-601	-2626
17	0	768	-16	-93	0	0	5	0	-601	-2628
17	0	768	-10	-39	0	0	3	0	-601	-2630
17	0	768	-10	-39	0	0	3	0	-602	-2631
17	0	768	-10	-39	0	0	3	0	-602	-2631
17	0	770	-3	-10	0	0	1	0	-602	-2632
17	0	770	-3	-10	0	0	1	0	-602	-2632
17	0	770	-3	-10	0	0	1	0	-602	-2633
17	0	770	0	-2	0	0	0	0	-602	-2633
17	0	770	0	-2	0	0	0	0	-602	-2633
17	0	770	0	-2	0	0	0	0	-602	-2633
17	0	770	0	-2	0	0	0	0	-602	-2633
17	0	770	3	-7	0	0	-1	0	-602	-2633
17	0	770	3	-7	0	0	-1	0	-602	-2633
17	0	770	3	-7	0	0	-1	0	-602	-2633
17	0	770	3	-20	0	0	-1	0	-602	-2633
17	0	770	3	-20	0	0	-1	0	-602	-2634
17	0	770	3	-20	0	0	-1	0	-602	-2634
17	0	769	1	-35	0	0	-1	0	-602	-2635
17	0	769	1	-35	0	0	-1	0	-602	-2635
17	0	769	1	-35	0	0	-1	0	-602	-2636
17	0	769	1	-35	0	0	-1	0	-602	-2637
17	0	771	-3	-50	0	0	-1	0	-602	-2638
17	0	771	-3	-50	0	0	-1	0	-602	-2639
17	0	771	-3	-50	0	0	-1	0	-602	-2640
17	0	770	-10	-59	0	0	0	0	-602	-2641
17	0	770	-10	-59	0	0	0	0	-602	-2642
17	0	770	-10	-59	0	0	0	0	-602	-2643
17	0	772	-16	-66	0	0	0	0	-603	-2644
17	0	772	-16	-66	0	0	0	0	-603	-2646
17	0	772	-16	-66	0	0	0	0	-603	-2647
17	0	772	-23	-68	0	0	0	0	-604	-2648
17	0	772	-23	-68	0	0	0	0	-604	-2650
17	0	772	-23	-68	0	0	0	0	-605	-2651
17	0	772	-23	-68	0	0	0	0	-605	-2652
17	0	776	-28	-68	0	0	0	1	-605	-2654
17	0	776	-28	-68	0	0	0	1	-606	-2655
17	0	776	-28	-68	0	0	0	1	-607	-2656
17	0	782	-32	-66	0	0	0	0	-607	-2658
17	0	782	-32	-66	0	0	0	0	-608	-2659
17	0	782	-32	-66	0	0	0	0	-608	-2660
15	0	783	-37	-61	0	0	0	1	-609	-2662
15	0	783	-37	-61	0	0	0	1	-610	-2663
15	0	783	-37	-61	0	0	0	1	-611	-2664
15	0	785	-42	-66	0	0	-1	1	-611	-2665
15	0	785	-42	-66	0	0	-1	1	-612	-2667
15	0	785	-42	-66	0	0	-1	1	-613	-2668
15	0	785	-42	-66	0	0	-1	1	-614	-2669
15	0	786	-49	-89	0	0	-3	0	-615	-2671
15	0	786	-49	-89	0	0	-3	0	-616	-2673
15	0	786	-49	-89	0	0	-3	0	-617	-2674
15	0	786	-55	-143	0	0	-6	0	-618	-2676
15	0	786	-55	-143	0	0	-6	0	-619	-2679
15	0	786	-55	-143	0	0	-6	0	-620	-2682
15	0	788	-62	-224	0	0	-8	0	-621	-2685
15	0	788	-62	-224	0	0	-8	0	-622	-2689
15	0	788	-62	-224	0	0	-8	0	-624	-2694
15	0	788	-62	-224	0	0	-8	0	-625	-2698
15	0	787	-65	-324	0	0	-10	0	-626	-2703
15	0	787	-65	-324	0	0	-10	0	-627	-2709
15	0	787	-65	-324	0	0	-10	0	-629	-2716
15	0	793	-71	-437	0	0	-11	1	-630	-2722
15	0	793	-71	-437	0	0	-11	1	-631	-2731
15	0	793	-71	-437	0	0	-11	1	-633	-2740
15	0	796	-76	-548	0	0	-11	1	-634	-2748
15	0	796	-76	-548	0	0	-11	1	-636	-2760
15	0	796	-76	-548	0	0	-11	1	-637	-2771
15	0	798	-79	-655	0	0	-11	1	-639	-2782
15	0	798	-79	-655	0	0	-11	1	-640	-2795
15	0	798	-79	-655	0	0	-11	1	-642	-2808
15	0	798	-79	-655	0	0	-11	1	-644	-2822
15	0	801	-82	-745	0	0	-10	1	-645	-2834
15	0	801	-82	-745	0	0	-10	1	-647	-2849
15	0	801	-82	-745	0	0	-10	1	-649	-2864
15	0	802	-83	-805	0	0	-7	1	-650	-2879
15	0	802	-83	-805	0	0	-7	1	-652	-2895
15	0	802	-83	-805	0	0	-7	1	-654	-2911
15	0	799	-82	-830	0	0	-4	1	-655	-2927
15	0	799	-82	-830	0	0	-4	1	-657	-2944
15	0	799	-82	-830	0	0	-4	1	-659	-2961
15	0	794	-78	-825	0	0	-1	1	-660	-2977
15	0	794	-78	-825	0	0	-1	1	-662	-2994
15	0	794	-78	-825	0	0	-1	1	-663	-3010
15	0	794	-78	-825	0	0	-1	1	-665	-3027
15	0	791	-73	-786	0	0	2	1	-666	-3044
15	0	791	-73	-786	0	0	2	1	-668	-3059
15	0	791	-73	-786	0	0	2	1	-669	-3075
15	0	795	-68	-712	0	0	5	1	-671	-3091
15	0	795	-68	-712	0	0	5	1	-672	-3105
15	0	795	-68	-712	0	0	5	1	-674	-3119
14	0	788	-63	-613	0	0	7	1	-675	-3133
14	0	788	-63	-613	0	0	7	1	-676	-3146
14	0	788	-63	-613	0	0	7	1	-678	-3158
14	0	782	-58	-489	0	0	9	1	-679	-3170
14	0	782	-58	-489	0	0	9	1	-680	-3180
14	0	782	-58	-489	0	0	9	1	-681	-3190
14	0	782	-58	-489	0	0	9	1	-682	-3200
14	0	777	-52	-357	0	0	9	1	-684	-3209
14	0	777	-52	-357	0	0	9	1	-685	-3217
14	0	777	-52	-357	0	0	9	1	-686	-3224
14	0	770	-45	-237	0	0	8	0	-687	-3231
14	0	770	-45	-237	0	0	8	0	-688	-3236
14	0	770	-45	-237	0	0	8	0	-689	-3240
14	0	765	-37	-137	0	0	6	0	-689	-3245
14	0	765	-37	-137	0	0	6	0	-690	-3248
14	0	765	-37	-137	0	0	6	0	-691	-3251
14	0	760	-8	-86	0	0	4	0	-692	-3253
14	0	760	-8	-86	0	0	4	0	-692	-3255
14	0	760	-8	-86	0	0	4	0	-692	-3257
14	0	760	-8	-86	0	0	4	0	-692	-3259
14	0	756	-3	-43	0	0	2	0	-692	-3260
14	0	756	-3	-43	0	0	2	0	-692	-3261
14	0	756	-3	-43	0	0	2	0	-692	-3262
14	0	754	-3	-25	0	0	0	0	-693	-3263
14	0	754	-3	-25	0	0	0	0	-693	-3263
14	0	754	-3	-25	0	0	0	0	-693	-3264
14	0	750	-4	-25	0	0	0	0	-693	-3264
14	0	750	-4	-25	0	0	0	0	-693	-3265
14	0	750	-4	-25	0	0	0	0	-693	-3265
14	0	746	-9	-37	0	0	-1	0	-693	-3266
14	0	746	-9	-37	0	0	-1	0	-693	-3267
14	0	746	-9	-37	0	0	-1	0	-693	-3267
14	0	746	-9	-37	0	0	-1	0	-694	-3268
14	0	743	-16	-51	0	0	-1	0	-694	-3269
14	0	743	-16	-51	0	0	-1	0	-694	-3270
14	0	743	-16	-51	0	0	-1	0	-694	-3271
14	0	740	-22	-66	0	0	-1	0	-695	-3272
14	0	740	-22	-66	0	0	-1	0	-695	-3273
14	0	740	-22	-66	0	0	-1	0	-696	-3275
14	0	738	-31	-75	0	0	0	0	-696	-3276
14	0	738	-31	-75	0	0	0	0	-697	-3277
14	0	738	-31	-75	0	0	0	0	-697	-3279
14	0	738	-35	-78	0	0	0	0	-698	-3280
14	0	738	-35	-78	0	0	0	0	-699	-3282
14	0	738	-35	-78	0	0	0	0	-699	-3284
14	0	738	-35	-78	0	0	0	0	-700	-3285
14	0	738	-35	-90	0	0	-1	0	-701	-3287
14	0	738	-35	-90	0	0	-1	0	-702	-3289
14	0	738	-35	-90	0	0	-1	0	-702	-3290
14	0	741	-37	-123	0	0	-4	0	-703	-3292
14	0	741	-37	-123	0	0	-4	0	-704	-3295
14	0	741	-37	-123	0	0	-4	0	-705	-3297
14	0	742	-41	-186	0	0	-6	0	-705	-3300
14	0	742	-41	-186	0	0	-6	0	-706	-3303
14	0	742	-41	-186	0	0	-6	0	-707	-3307
14	0	744	-46	-275	0	0	-9	0	-708	-3311
14	0	744	-46	-275	0	0	-9	0	-709	-3316
14	0	744	-46	-275	0	0	-9	0	-710	-3322
14	0	744	-46	-275	0	0	-9	0	-711	-3327
14	0	746	-50	-383	0	0	-10	0	-711	-3333
14	0	746	-50	-383	0	0	-10	0	-712	-3341
14	0	746	-50	-383	0	0	-10	0	-713	-3348
14	0	753	-55	-497	0	0	-10	0	-715	-3356
14	0	753	-55	-497	0	0	-10	0	-716	-3366
14	0	753	-55	-497	0	0	-10	0	-717	-3376
14	0	754	-57	-584	0	0	-8	0	-718	-3386
14	0	754	-57	-584	0	0	-8	0	-719	-3397
14	0	754	-57	-584	0	0	-8	0	-720	-3409
14	0	758	-61	-641	0	0	-6	0	-721	-3421
14	0	758	-61	-641	0	0	-6	0	-722	-3434
14	0	758	-61	-641	0	0	-6	0	-724	-3447
14	0	758	-61	-641	0	0	-6	0	-725	-3459
14	0	759	-61	-667	0	0	-3	0	-726	-3472
14	0	759	-61	-667	0	0	-3	0	-727	-3485
14	0	759	-61	-667	0	0	-3	0	-729	-3499
14	0	755	-60	-659	0	0	0	0	-730	-3512
14	0	755	-60	-659	0	0	0	0	-731	-3525
14	0	755	-60	-659	0	0	0	0	-732	-3538
14	0	752	-57	-621	0	0	2	0	-733	-3552
14	0	752	-57	-621	0	0	2	0	-735	-3564
14	0	752	-57	-621	0	0	2	0	-736	-3577
14	0	751	-53	-552	0	0	5	0	-737	-3589
14	0	751	-53	-552	0	0	5	0	-738	-3600
14	0	751	-53	-552	0	0	5	0	-739	-3611
14	0	751	-53	-552	0	0	5	0	-740	-3622
14	0	751	-51	-462	0	0	7	0	-741	-3633
14	0	751	-51	-462	0	0	7	0	-742	-3643
14	0	751	-51	-462	0	0	7	0	-743	-3652
14	0	748	-43	-357	0	0	8	0	-744	-3661
14	0	748	-43	-357	0	0	8	0	-745	-3668
14	0	748	-43	-357	0	0	8	0	-746	-3675
14	0	747	-39	-253	0	0	7	0	-747	-3682
14	0	747	-39	-253	0	0	7	0	-748	-3688
14	0	747	-39	-253	0	0	7	0	-748	-3693
14	0	744	-36	-169	0	0	5	0	-749	-3698
14	0	744	-36	-169	0	0	5	0	-750	-3701
14	0	744	-36	-169	0	0	5	0	-751	-3704
14	0	744	-36	-169	0	0	5	0	-751	-3708
14	0	747	-38	-118	0	0	3	0	-752	-3711
14	0	747	-38	-118	0	0	3	0	-753	-3714
14	0	747	-38	-118	0	0	3	0	-754	-3716
13	0	745	-40	-92	0	0	1	0	-754	-3718
13	0	745	-40	-92	0	0	1	0	-755	-3720
13	0	745	-40	-92	0	0	1	0	-756	-3722
13	0	742	-40	-86	0	0	0	0	-757	-3724
13	0	742	-40	-86	0	0	0	0	-758	-3726
13	0	742	-40	-86	0	0	0	0	-759	-3727
13	0	741	-43	-109	0	0	-3	0	-759	-3729
13	0	741	-43	-109	0	0	-3	0	-760	-3731
13	0	741	-43	-109	0	0	-3	0	-761	-3733
13	0	741	-43	-109	0	0	-3	0	-762	-3736
13	0	737	-50	-167	0	0	-6	0	-763	-3738
13	0	737	-50	-167	0	0	-6	0	-764	-3741
13	0	737	-50	-167	0	0	-6	0	-765	-3744
13	0	736	-59	-256	0	0	-8	0	-766	-3748
13	0	736	-59	-256	0	0	-8	0	-767	-3753
13	0	736	-59	-256	0	0	-8	0	-768	-3758
13	0	736	-68	-366	0	0	-10	0	-769	-3763
13	0	736	-68	-366	0	0	-10	0	-771	-3770
13	0	736	-68	-366	0	0	-10	0	-772	-3778
13	0	741	-67	-418	0	0	-11	0	-774	-3785
13	0	741	-67	-418	0	0	-11	0	-775	-3794
13	0	741	-67	-418	0	0	-11	0	-776	-3802
13	0	741	-67	-418	0	0	-11	0	-778	-3810
13	0	745	-75	-539	0	0	-11	0	-779	-3819
13	0	745	-75	-539	0	0	-11	0	-781	-3830
13	0	745	-75	-539	0	0	-11	0	-782	-3840
13	0	746	-84	-633	0	0	-9	0	-784	-3851
13	0	746	-84	-633	0	0	-9	0	-785	-3864
13	0	746	-84	-633	0	0	-9	0	-787	-3876
13	0	747	-92	-696	0	0	-7	0	-789	-3889
13	0	747	-92	-696	0	0	-7	0	-790	-3903
13	0	747	-92	-696	0	0	-7	0	-792	-3917
13	0	748	-99	-726	0	0	-4	1	-794	-3931
13	0	748	-99	-726	0	0	-4	1	-796	-3945
13	0	748	-99	-726	0	0	-4	1	-798	-3960
13	0	748	-99	-726	0	0	-4	1	-800	-3974
13	0	749	-103	-720	0	0	-1	1	-802	-3989
13	0	749	-103	-720	0	0	-1	1	-804	-4003
13	0	749	-103	-720	0	0	-1	1	-806	-4018
13	0	750	-104	-678	0	0	2	1	-808	-4032
13	0	750	-104	-678	0	0	2	1	-810	-4046
13	0	750	-104	-678	0	0	2	1	-812	-4059
13	0	751	-104	-605	0	0	5	1	-815	-4073
13	0	751	-104	-605	0	0	5	1	-817	-4085
13	0	751	-104	-605	0	0	5	1	-819	-4097
13	0	750	-102	-504	0	0	7	0	-821	-4109
13	0	750	-102	-504	0	0	7	0	-823	-4119
13	0	750	-102	-504	0	0	7	0	-825	-4129
13	0	750	-102	-504	0	0	7	0	-827	-4139
13	0	751	-95	-389	0	0	8	0	-829	-4149
13	0	751	-95	-389	0	0	8	0	-831	-4157
13	0	751	-95	-389	0	0	8	0	-833	-4165
13	0	749	-81	-276	0	-1	8	0	-835	-4173
13	0	749	-81	-276	0	-1	8	0	-836	-4178
13	0	749	-81	-276	0	-1	8	0	-838	-4184
13	0	742	-65	-177	0	-1	6	0	-840	-4189
13	0	742	-65	-177	0	-1	6	0	-841	-4193
13	0	742	-65	-177	0	-1	6	0	-842	-4196
13	0	740	-53	-103	0	0	4	0	-844	-4200
13	0	740	-53	-103	0	0	4	0	-845	-4202
13	0	740	-53	-103	0	0	4	0	-846	-4204
13	0	740	-53	-103	0	0	4	0	-847	-4206
13	0	739	-46	-61	0	0	2	0	-848	-4208
13	0	739	-46	-61	0	0	2	0	-849	-4210
13	0	739	-46	-61	0	0	2	0	-850	-4211
13	0	736	-39	-42	0	0	1	0	-851	-4212
13	0	736	-39	-42	0	0	1	0	-851	-4213
13	0	736	-39	-42	0	0	1	0	-852	-4214
13	0	732	-33	-38	0	0	0	0	-853	-4215
13	0	732	-33	-38	0	0	0	0	-854	-4215
13	0	732	-33	-38	0	0	0	0	-854	-4216
13	0	732	-33	-38	0	0	0	0	-855	-4217
13	0	734	-26	-43	0	0	0	0	-856	-4218
13	0	734	-26	-43	0	0	0	0	-856	-4218
13	0	734	-26	-43	0	0	0	0	-857	-4219
13	0	734	-26	-43	0	0	0	0	-857	-4220
13	0	734	-24	-53	0	0	0	0	-858	-4221
13	0	734	-24	-53	0	0	0	0	-858	-4222
13	0	732	-25	-59	0	0	0	0	-859	-4223
13	0	732	-25	-59	0	0	0	0	-859	-4224
13	0	732	-25	-59	0	0	0	0	-860	-4226
13	0	732	-25	-59	0	0	0	0	-860	-4227
13	0	732	-26	-65	0	0	0	0	-861	-4228
13	0	732	-26	-65	0	0	0	0	-861	-4229
13	0	732	-26	-65	0	0	0	0	-862	-4231
13	0	732	-30	-70	0	0	0	0	-862	-4232
13	0	732	-30	-70	0	0	0	0	-863	-4233
13	0	732	-30	-70	0	0	0	0	-864	-4235
13	0	735	-42	-78	0	1	0	0	-864	-4236
13	0	735	-42	-78	0	1	0	0	-865	-4238
13	0	735	-42	-78	0	1	0	0	-866	-4239
13	0	735	-42	-78	0	1	0	0	-867	-4241
13	0	737	-79	-82	0	3	0	0	-868	-4242
13	0	737	-79	-82	0	3	0	0	-869	-4244
13	0	737	-79	-82	0	3	0	0	-871	-4246
13	0	737	-79	-82	0	3	0	0	-872	-4247
13	0	741	-141	-87	0	6	0	0	-874	-4249
13	0	741	-141	-87	0	6	0	0	-877	-4251
13	0	745	-226	-93	0	8	0	0	-880	-4252
13	0	745	-226	-93	0	8	0	0	-884	-4254
13	0	745	-226	-93	0	8	0	0	-889	-4256
13	0	745	-226	-93	0	8	0	0	-893	-4258
12	0	748	-328	-97	0	9	0	0	-898	-4260
12	0	748	-328	-97	0	9	0	0	-904	-4262
12	0	748	-328	-97	0	9	0	0	-911	-4264
12	0	748	-328	-97	0	9	0	0	-917	-4266
12	0	748	-328	-97	0	9	0	0	-924	-4268
12	0	756	-547	-107	0	10	0	1	-931	-4270
12	0	756	-547	-107	0	10	0	1	-942	-4272
12	0	756	-547	-107	0	10	0	1	-952	-4274
12	0	756	-547	-107	0	10	0	1	-963	-4276
12	0	756	-547	-107	0	10	0	1	-974	-4278
12	0	756	-547	-107	0	10	0	1	-985	-4280
12	0	758	-645	-121	0	9	-1	1	-996	-4283
12	0	758	-645	-121	0	9	-1	1	-1009	-4285
12	0	760	-706	-138	0	6	-2	1	-1022	-4287
12	0	760	-706	-138	0	6	-2	1	-1036	-4290
12	0	755	-727	-152	0	2	-1	1	-1050	-4293
12	0	755	-727	-152	0	2	-1	1	-1065	-4296
12	0	755	-727	-152	0	2	-1	1	-1079	-4299
12	0	751	-714	-167	0	0	-1	1	-1094	-4302
12	0	751	-714	-167	0	0	-1	1	-1108	-4305
12	0	751	-714	-167	0	0	-1	1	-1122	-4309
12	0	751	-714	-167	0	0	-1	1	-1137	-4312
12	0	746	-665	-178	0	-3	-1	1	-1151	-4315
12	0	746	-665	-178	0	-3	-1	1	-1164	-4319
12	0	746	-665	-178	0	-3	-1	1	-1178	-4323
12	0	744	-587	-185	0	-6	0	1	-1191	-4326
12	0	744	-587	-185	0	-6	0	1	-1203	-4330
12	0	744	-587	-185	0	-6	0	1	-1215	-4334
12	0	742	-487	-186	0	-8	0	1	-1226	-4337
12	0	742	-487	-186	0	-8	0	1	-1236	-4341
12	0	742	-487	-186	0	-8	0	1	-1246	-4345
12	0	742	-372	-177	0	-9	0	1	-1255	-4348
12	0	742	-372	-177	0	-9	0	1	-1263	-4352
12	0	742	-372	-177	0	-9	0	1	-1270	-4356
12	0	743	-252	-165	0	-9	0	1	-1278	-4359
12	0	743	-252	-165	0	-9	0	1	-1283	-4362
12	0	743	-252	-165	0	-9	0	1	-1288	-4366
12	0	743	-252	-165	0	-9	0	1	-1293	-4369
12	0	746	-143	-167	0	-8	-1	1	-1298	-4372
12	0	746	-143	-167	0	-8	-1	1	-1301	-4376
12	0	746	-143	-167	0	-8	-1	1	-1304	-4379
12	0	750	-54	-196	0	-6	-4	0	-1307	-4382
12	0	750	-54	-196	0	-6	-4	0	-1308	-4386
12	0	750	-54	-196	0	-6	-4	0	-1309	-4390
12	0	754	6	-257	0	-4	-6	0	-1310	-4394
12	0	754	6	-257	0	-4	-6	0	-1310	-4399
12	0	754	6	-257	0	-4	-6	0	-1310	-4404
11	0	758	44	-344	0	-2	-9	0	-1310	-4410
11	0	758	44	-344	0	-2	-9	0	-1309	-4417
11	0	758	44	-344	0	-2	-9	0	-1308	-4423
11	0	758	44	-344	0	-2	-9	0	-1307	-4430
11	0	762	60	-444	0	-1	-10	0	-1306	-4437
11	0	762	60	-444	0	-1	-10	0	-1305	-4446
11	0	762	60	-444	0	-1	-10	0	-1304	-4455
11	0	769	63	-552	0	0	-11	0	-1302	-4464
11	0	769	63	-552	0	0	-11	0	-1301	-4475
11	0	769	63	-552	0	0	-11	0	-1300	-4486
11	0	769	63	-552	0	0	-11	0	-1299	-4497
11	0	772	51	-645	0	0	-10	0	-1297	-4508
11	0	772	51	-645	0	0	-10	0	-1296	-4521
11	0	772	51	-645	0	0	-10	0	-1295	-4534
11	0	772	31	-717	0	1	-8	0	-1294	-4547
11	0	772	31	-717	0	1	-8	0	-1294	-4561
11	0	772	31	-717	0	1	-8	0	-1293	-4575
11	0	772	31	-717	0	1	-8	0	-1292	-4590
11	0	772	31	-717	0	1	-8	0	-1292	-4604
11	0	772	31	-717	0	1	-8	0	-1291	-4619
11	0	774	-16	-769	0	1	-2	0	-1290	-4633
11	0	774	-16	-769	0	1	-2	0	-1291	-4648
11	0	774	-16	-769	0	1	-2	0	-1291	-4664
11	0	774	-16	-769	0	1	-2	0	-1292	-4679
11	0	773	-36	-742	0	1	0	0	-1292	-4694
11	0	773	-36	-742	0	1	0	0	-1293	-4709
11	0	773	-36	-742	0	1	0	0	-1293	-4724
11	0	770	-57	-685	0	2	2	1	-1294	-4739
11	0	770	-57	-685	0	2	2	1	-1295	-4753
11	0	770	-57	-685	0	2	2	1	-1296	-4766
11	0	765	-94	-614	0	4	3	1	-1297	-4780
11	0	765	-94	-614	0	4	3	1	-1299	-4792
11	0	765	-94	-614	0	4	3	1	-1301	-4805
11	0	765	-94	-614	0	4	3	1	-1303	-4817
11	0	764	-150	-537	0	5	4	1	-1305	-4829
11	0	764	-150	-537	0	5	4	1	-1308	-4840
11	0	764	-150	-537	0	5	4	1	-1311	-4851
11	0	764	-150	-537	0	5	4	1	-1314	-4861
11	0	764	-150	-537	0	5	4	1	-1317	-4872
11	0	764	-150	-537	0	5	4	1	-1320	-4883
11	0	762	-232	-369	0	3	5	1	-1323	-4894
11	0	762	-232	-369	0	3	5	1	-1328	-4901
11	0	762	-232	-369	0	3	5	1	-1332	-4908
11	0	761	-252	-284	0	1	6	1	-1337	-4916
11	0	761	-252	-284	0	1	6	1	-1342	-4921
11	0	761	-252	-284	0	1	6	1	-1347	-4927
11	0	758	-254	-202	0	0	5	0	-1352	-4933
11	0	758	-254	-202	0	0	5	0	-1357	-4937
11	0	758	-254	-202	0	0	5	0	-1362	-4941
11	0	758	-254	-202	0	0	5	0	-1367	-4945
11	0	756	-249	-128	0	0	5	0	-1373	-4949
11	0	756	-249	-128	0	0	5	0	-1378	-4952
11	0	756	-249	-128	0	0	5	0	-1383	-4954
11	0	755	-255	-70	0	2	3	1	-1388	-4957
11	0	755	-255	-70	0	2	3	1	-1393	-4958
11	0	755	-255	-70	0	2	3	1	-1398	-4960
11	0	753	-284	-33	0	3	2	1	-1403	-4961
11	0	753	-284	-33	0	3	2	1	-1409	-4962
11	0	753	-284	-33	0	3	2	1	-1414	-4962
11	0	752	-304	-6	0	2	1	1	-1420	-4963
11	0	752	-304	-6	0	2	1	1	-1426	-4963
11	0	752	-304	-6	0	2	1	1	-1432	-4963
11	0	752	-304	-6	0	2	1	1	-1438	-4963
11	0	760	-306	11	0	0	1	1	-1444	-4964
11	0	760	-306	11	0	0	1	1	-1450	-4963
11	0	760	-306	11	0	0	1	1	-1457	-4963
11	0	755	-289	20	0	-1	0	1	-1463	-4963
11	0	755	-289	20	0	-1	0	1	-1468	-4962
11	0	755	-289	20	0	-1	0	1	-1474	-4962
11	0	749	-255	20	0	-2	0	1	-1480	-4962
11	0	749	-255	20	0	-2	0	1	-1485	-4961
11	0	749	-255	20	0	-2	0	1	-1490	-4961
11	0	744	-216	2	0	-2	-2	1	-1495	-4960
11	0	744	-216	2	0	-2	-2	1	-1500	-4960
11	0	744	-216	2	0	-2	-2	1	-1504	-4960
11	0	744	-216	2	0	-2	-2	1	-1508	-4960
11	0	744	-174	-43	0	-2	-5	0	-1513	-4960
11	0	744	-174	-43	0	-2	-5	0	-1516	-4961
11	0	744	-174	-43	0	-2	-5	0	-1520	-4962
11	0	745	-140	-117	0	-2	-7	0	-1523	-4963
11	0	745	-140	-117	0	-2	-7	0	-1526	-4965
11	0	745	-140	-117	0	-2	-7	0	-1529	-4968
11	0	744	-113	-211	0	-1	-9	0	-1531	-4970
11	0	744	-113	-211	0	-1	-9	0	-1534	-4974
11	0	744	-113	-211	0	-1	-9	0	-1536	-4978
11	0	748	-94	-309	0	-1	-8	0	-1538	-4983
11	0	748	-94	-309	0	-1	-8	0	-1540	-4989
11	0	748	-94	-309	0	-1	-8	0	-1542	-4995
11	0	748	-94	-309	0	-1	-8	0	-1544	-5001
11	0	748	-94	-309	0	-1	-8	0	-1546	-5007
11	0	751	-79	-382	0	0	-6	1	-1548	-5013
11	0	751	-79	-382	0	0	-6	1	-1549	-5021
11	0	757	-68	-424	0	0	-4	1	-1551	-5029
11	0	757	-68	-424	0	0	-4	1	-1552	-5037
11	0	757	-68	-424	0	0	-4	1	-1554	-5046
11	0	754	-57	-436	0	0	-1	1	-1555	-5054
11	0	754	-57	-436	0	0	-1	1	-1556	-5063
11	0	754	-57	-436	0	0	-1	1	-1557	-5072
11	0	756	-47	-419	0	0	0	1	-1559	-5080
11	0	756	-47	-419	0	0	0	1	-1559	-5089
11	0	756	-47	-419	0	0	0	1	-1560	-5097
11	0	756	-47	-419	0	0	0	1	-1561	-5106
11	0	755	-47	-381	0	1	2	1	-1562	-5114
11	0	755	-47	-381	0	1	2	1	-1563	-5122
11	0	755	-47	-381	0	1	2	1	-1564	-5129
11	0	758	-76	-332	0	3	2	1	-1565	-5137
11	0	758	-76	-332	0	3	2	1	-1567	-5144
11	0	758	-76	-332	0	3	2	1	-1568	-5150
11	0	757	-132	-285	0	5	2	1	-1570	-5157
11	0	757	-132	-285	0	5	2	1	-1572	-5163
11	0	757	-132	-285	0	5	2	1	-1575	-5168
11	0	756	-186	-236	0	5	3	1	-1578	-5174
11	0	756	-186	-236	0	5	3	1	-1581	-5179
11	0	756	-186	-236	0	5	3	1	-1585	-5183
11	0	756	-186	-236	0	5	3	1	-1589	-5188
11	0	757	-226	-187	0	3	3	1	-1593	-5193
11	0	757	-226	-187	0	3	3	1	-1597	-5197
11	0	757	-226	-187	0	3	3	1	-1602	-5200
11	0	757	-247	-138	0	1	3	1	-1606	-5204
11	0	757	-247	-138	0	1	3	1	-1611	-5207
11	0	757	-247	-138	0	1	3	1	-1616	-5210
11	0	757	-247	-138	0	1	3	1	-1621	-5212
11	0	754	-248	-92	0	0	3	0	-1626	-5215
11	0	754	-248	-92	0	0	3	0	-1631	-5217
11	0	751	-232	-50	0	-1	3	0	-1636	-5219
11	0	751	-232	-50	0	-1	3	0	-1640	-5220
11	0	751	-232	-50	0	-1	3	0	-1645	-5221
11	0	751	-232	-50	0	-1	3	0	-1650	-5222
11	0	751	-232	-50	0	-1	3	0	-1654	-5223
11	0	749	-200	-16	0	-2	2	0	-1659	-5224
11	0	749	-200	-16	0	-2	2	0	-1663	-5224
11	0	749	-200	-16	0	-2	2	0	-1667	-5225
11	0	748	-173	9	0	-1	1	0	-1671	-5225
11	0	748	-173	9	0	-1	1	0	-1675	-5225
11	0	748	-173	9	0	-1	1	0	-1678	-5225
11	0	748	-173	9	0	-1	1	0	-1681	-5224
11	0	748	-173	9	0	-1	1	0	-1685	-5224
11	0	747	-156	8	0	0	-1	0	-1688	-5224
11	0	747	-147	-27	0	0	-4	0	-1692	-5224
11	0	747	-147	-27	0	0	-4	0	-1694	-5224
11	0	747	-147	-27	0	0	-4	0	-1697	-5225
11	0	747	-147	-27	0	0	-4	0	-1700	-5226
11	0	747	-147	-27	0	0	-4	0	-1703	-5226
11	0	748	-142	-98	0	0	-7	0	-1706	-5227
11	0	751	-136	-175	0	0	-5	0	-1709	-5229
11	0	751	-136	-175	0	0	-5	0	-1712	-5232
11	0	751	-136	-175	0	0	-5	0	-1715	-5236
11	0	753	-122	-219	0	-1	-2	0	-1717	-5239
11	0	753	-122	-219	0	-1	-2	0	-1720	-5244
11	0	753	-122	-219	0	-1	-2	0	-1722	-5248
11	0	755	-99	-217	0	-1	0	0	-1725	-5252
11	0	755	-99	-217	0	-1	0	0	-1727	-5257
11	0	755	-99	-217	0	-1	0	0	-1729	-5261
11	0	755	-99	-217	0	-1	0	0	-1731	-5265
11	0	754	-76	-190	0	-1	2	0	-1733	-5270
11	0	754	-76	-190	0	-1	2	0	-1734	-5274
11	0	754	-76	-190	0	-1	2	0	-1736	-5277
11	0	754	-51	-145	0	-1	3	0	-1737	-5281
11	0	754	-51	-145	0	-1	3	0	-1738	-5284
11	0	754	-51	-145	0	-1	3	0	-1739	-5287
11	0	753	-30	-100	0	-1	3	0	-1740	-5290
11	0	753	-30	-100	0	-1	3	0	-1741	-5292
11	0	753	-30	-100	0	-1	3	0	-1741	-5294
11	0	753	-15	-56	0	-1	3	0	-1742	-5296
11	0	752	-15	-56	0	-1	3	0	-1742	-5297
11	0	752	-15	-56	0	-1	3	0	-1743	-5298
11	0	752	-15	-56	0	-1	3	0	-1743	-5299
11	0	750	-2	-22	0	0	2	0	-1743	-5300
11	0	750	-2	-22	0	0	2	0	-1743	-5301
11	0	750	-2	-22	0	0	2	0	-1743	-5301
11	0	749	-5	-7	0	1	0	0	-1743	-5302
11	0	749	-5	-7	0	1	0	0	-1744	-5302
11	0	749	-5	-7	0	1	0	0	-1744	-5302
11	0	750	-37	-9	0	4	0	0	-1744	-5302
11	0	750	-37	-9	0	4	0	0	-1744	-5302
11	0	750	-37	-9	0	4	0	0	-1745	-5303
11	0	750	-37	-9	0	4	0	0	-1746	-5303
11	0	750	-37	-9	0	4	0	0	-1747	-5303
11	0	752	-102	-18	0	6	0	0	-1748	-5303
11	0	752	-102	-18	0	6	0	0	-1750	-5304
11	0	754	-194	-33	0	9	-1	0	-1752	-5304
11	0	754	-194	-33	0	9	-1	0	-1755	-5305
11	0	754	-194	-33	0	9	-1	0	-1759	-5305
11	0	754	-194	-33	0	9	-1	0	-1763	-5306
11	0	756	-301	-48	0	10	-1	0	-1767	-5307
11	0	756	-301	-48	0	10	-1	0	-1773	-5308
11	0	758	-418	-60	0	11	0	0	-1779	-5309
11	0	758	-418	-60	0	11	0	0	-1788	-5310
11	0	758	-418	-60	0	11	0	0	-1796	-5311
11	0	758	-418	-60	0	11	0	0	-1804	-5312
11	0	758	-530	-67	0	10	0	0	-1813	-5313
11	0	758	-530	-67	0	10	0	0	-1823	-5315
11	0	758	-530	-67	0	10	0	0	-1834	-5316
11	0	756	-603	-72	0	7	0	0	-1844	-5317
11	0	756	-603	-72	0	7	0	0	-1857	-5319
11	0	756	-603	-72	0	7	0	0	-1869	-5320
11	0	756	-603	-72	0	7	0	0	-1881	-5322
11	0	751	-634	-76	0	3	0	0	-1893	-5323
11	0	751	-634	-76	0	3	0	0	-1905	-5325
11	0	751	-634	-76	0	3	0	0	-1918	-5326
11	0	741	-624	-77	0	0	0	0	-1931	-5328
11	0	741	-624	-77	0	0	0	0	-1943	-5329
11	0	741	-624	-77	0	0	0	0	-1956	-5331
11	0	741	-624	-77	0	0	0	0	-1968	-5332
11	0	733	-578	-76	0	-3	0	0	-1981	-5334
11	0	733	-578	-76	0	-3	0	0	-1992	-5336
11	0	730	-506	-80	0	-5	-1	0	-2004	-5337
11	0	730	-506	-80	0	-5	-1	0	-2014	-5339
11	0	730	-506	-80	0	-5	-1	0	-2024	-5340
11	0	730	-506	-80	0	-5	-1	0	-2034	-5342
11	0	730	-506	-80	0	-5	-1	0	-2044	-5344
11	0	730	-506	-80	0	-5	-1	0	-2054	-5345
11	0	730	-506	-80	0	-5	-1	0	-2065	-5347
11	0	724	-340	-139	0	-5	-4	0	-2075	-5348
11	0	724	-340	-139	0	-5	-4	0	-2082	-5351
11	0	724	-268	-202	0	-4	-6	0	-2088	-5354
11	0	724	-268	-202	0	-4	-6	0	-2094	-5358
11	0	724	-268	-202	0	-4	-6	0	-2099	-5362
11	0	724	-268	-202	0	-4	-6	0	-2105	-5366
11	0	727	-213	-286	0	-3	-8	0	-2110	-5370
11	0	727	-213	-286	0	-3	-8	0	-2114	-5376
11	0	727	-213	-286	0	-3	-8	0	-2118	-5382
11	0	729	-159	-312	0	-1	-10	0	-2123	-5387
11	0	729	-159	-312	0	-1	-10	0	-2126	-5394
11	0	729	-159	-312	0	-1	-10	0	-2129	-5400
11	0	731	-113	-437	0	0	-10	0	-2132	-5406
11	0	731	-113	-437	0	0	-10	0	-2135	-5415
11	0	731	-113	-437	0	0	-10	0	-2137	-5424
11	0	731	-113	-437	0	0	-10	0	-2139	-5432
11	0	736	-117	-431	0	0	-11	0	-2141	-5441
11	0	736	-117	-431	0	0	-11	0	-2144	-5450
11	0	736	-117	-431	0	0	-11	0	-2146	-5458
11	0	741	-118	-311	0	0	-11	0	-2148	-5467
11	0	741	-118	-311	0	0	-11	0	-2151	-5473
11	0	741	-118	-311	0	0	-11	0	-2153	-5479
11	0	751	-82	-335	0	0	-10	0	-2155	-5486
11	0	751	-82	-335	0	0	-10	0	-2157	-5492
11	0	751	-82	-335	0	0	-10	0	-2159	-5499
11	0	759	-102	-416	0	0	-9	0	-2160	-5506
11	0	759	-102	-416	0	0	-9	0	-2162	-5514
11	0	759	-102	-416	0	0	-9	0	-2164	-5522
11	0	759	-102	-416	0	0	-9	0	-2167	-5531
11	0	758	-101	-463	0	0	-6	0	-2169	-5539
11	0	758	-101	-463	0	0	-6	0	-2171	-5548
11	0	758	-101	-463	0	0	-6	0	-2173	-5558
11	0	758	-102	-479	0	0	-3	0	-2175	-5567
11	0	758	-102	-479	0	0	-3	0	-2177	-5576
11	0	758	-102	-479	0	0	-3	0	-2179	-5586
11	0	756	-100	-464	0	0	0	1	-2181	-5596
11	0	756	-100	-464	0	0	0	1	-2183	-5605
11	0	756	-100	-464	0	0	0	1	-2185	-5614
11	0	762	-99	-417	0	0	2	1	-2187	-5623
11	0	762	-99	-417	0	0	2	1	-2189	-5632
11	0	762	-99	-417	0	0	2	1	-2191	-5640
11	0	762	-99	-417	0	0	2	1	-2193	-5649
10	0	761	-96	-345	0	0	5	1	-2195	-5657
10	0	761	-96	-345	0	0	5	1	-2197	-5664
10	0	761	-96	-345	0	0	5	1	-2199	-5671
10	0	760	-91	-252	0	0	7	1	-2201	-5678
10	0	760	-91	-252	0	0	7	1	-2202	-5683
10	0	760	-91	-252	0	0	7	1	-2204	-5688
10	0	761	-85	-144	0	0	7	1	-2206	-5693
10	0	761	-85	-144	0	0	7	1	-2208	-5696
10	0	761	-85	-144	0	0	7	1	-2210	-5699
10	0	762	-74	-50	0	0	6	0	-2211	-5701
10	0	762	-74	-50	0	0	6	0	-2213	-5702
10	0	762	-74	-50	0	0	6	0	-2214	-5703
10	0	762	-74	-50	0	0	6	0	-2216	-5704
10	0	764	-62	20	0	0	4	0	-2217	-5705
10	0	764	-62	20	0	0	4	0	-2218	-5705
10	0	764	-62	20	0	0	4	0	-2220	-5705
10	0	766	-52	61	0	0	2	0	-2221	-5704
10	0	766	-52	61	0	0	2	0	-2222	-5703
10	0	766	-52	61	0	0	2	0	-2223	-5702
10	0	765	-45	78	0	0	0	0	-2224	-5701
10	0	765	-45	78	0	0	0	0	-2225	-5699
10	0	765	-45	78	0	0	0	0	-2226	-5697
10	0	765	-39	77	0	0	0	0	-2227	-5696
10	0	765	-39	77	0	0	0	0	-2228	-5694
10	0	765	-39	77	0	0	0	0	-2228	-5693
10	0	765	-39	77	0	0	0	0	-2229	-5691
10	0	765	-35	63	0	0	-1	0	-2230	-5690
10	0	765	-35	63	0	0	-1	0	-2231	-5688
10	0	765	-35	63	0	0	-1	0	-2231	-5687
10	0	765	-30	45	0	0	-2	0	-2232	-5686
10	0	765	-30	45	0	0	-2	0	-2233	-5685
10	0	765	-30	45	0	0	-2	0	-2233	-5684
10	0	766	-27	25	0	0	-2	0	-2234	-5683
10	0	766	-27	25	0	0	-2	0	-2234	-5683
10	0	766	-27	25	0	0	-2	0	-2235	-5682
10	0	768	-25	9	0	0	-1	0	-2236	-5682
10	0	768	-25	9	0	0	-1	0	-2236	-5681
10	0	768	-25	9	0	0	-1	0	-2237	-5681
10	0	768	-25	9	0	0	-1	0	-2237	-5681
10	0	768	-25	0	0	0	-1	0	-2238	-5681
10	0	768	-25	0	0	0	-1	0	-2238	-5681
10	0	768	-25	0	0	0	-1	0	-2239	-5681
10	0	766	-24	-5	0	0	0	0	-2239	-5681
10	0	766	-24	-5	0	0	0	0	-2240	-5681
10	0	766	-24	-5	0	0	0	0	-2240	-5681
10	0	767	-25	-6	0	0	0	0	-2241	-5681
10	0	767	-25	-6	0	0	0	0	-2241	-5681
10	0	767	-25	-6	0	0	0	0	-2242	-5681
9	0	765	-25	-5	0	0	0	0	-2242	-5682
9	0	765	-25	-5	0	0	0	0	-2243	-5682
9	0	765	-25	-5	0	0	0	0	-2243	-5682
9	0	765	-25	-5	0	0	0	0	-2244	-5682
9	0	764	-26	-3	0	0	0	0	-2244	-5682
9	0	764	-26	-3	0	0	0	0	-2245	-5682
9	0	764	-26	-3	0	0	0	0	-2245	-5682
9	0	763	-26	0	0	0	0	0	-2246	-5682
9	0	763	-26	0	0	0	0	0	-2246	-5682
9	0	763	-26	0	0	0	0	0	-2247	-5682
9	0	760	-27	3	0	0	0	0	-2247	-5682
9	0	760	-27	3	0	0	0	0	-2248	-5682
9	0	760	-27	3	0	0	0	0	-2248	-5682
9	0	759	-28	4	0	0	0	0	-2249	-5682
9	0	759	-28	4	0	0	0	0	-2250	-5682
9	0	759	-28	4	0	0	0	0	-2250	-5682
9	0	759	-28	4	0	0	0	0	-2251	-5682
9	0	758	-28	3	0	0	0	0	-2251	-5682
9	0	758	-28	3	0	0	0	0	-2252	-5682
9	0	758	-28	3	0	0	0	0	-2252	-5681
9	0	764	-26	0	0	0	0	0	-2253	-5681
9	0	764	-26	0	0	0	0	0	-2254	-5681
9	0	764	-26	0	0	0	0	0	-2254	-5681
9	0	763	-24	-5	0	0	0	0	-2255	-5681
9	0	763	-24	-5	0	0	0	0	-2255	-5682
9	0	763	-24	-5	0	0	0	0	-2256	-5682
9	0	761	-21	-11	0	0	0	0	-2256	-5682
9	0	761	-21	-11	0	0	0	0	-2257	-5682
9	0	761	-21	-11	0	0	0	0	-2257	-5682
9	0	761	-21	-11	0	0	0	0	-2257	-5682
9	0	758	-18	-16	0	0	0	0	-2258	-5683
9	0	758	-18	-16	0	0	0	0	-2258	-5683
9	0	758	-18	-16	0	0	0	0	-2259	-5683
9	0	757	-12	-22	0	0	0	0	-2259	-5684
9	0	757	-12	-22	0	0	0	0	-2259	-5684
9	0	757	-12	-22	0	0	0	0	-2259	-5685
9	0	758	-7	-27	0	0	0	0	-2260	-5685
9	0	758	-7	-27	0	0	0	0	-2260	-5686
9	0	758	-7	-27	0	0	0	0	-2260	-5686
9	0	755	-3	-27	0	0	0	0	-2260	-5687
9	0	755	-3	-27	0	0	0	0	-2260	-5687
9	0	755	-3	-27	0	0	0	0	-2260	-5688
9	0	755	-3	-27	0	0	0	0	-2260	-5688
9	0	752	-1	-26	0	0	0	0	-2260	-5689
9	0	752	-1	-26	0	0	0	0	-2260	-5689
9	0	752	-1	-26	0	0	0	0	-2260	-5690
9	0	752	0	-25	0	0	0	0	-2260	-5690
9	0	752	0	-25	0	0	0	0	-2260	-5691
9	0	752	0	-25	0	0	0	0	-2261	-5691
9	0	752	0	-25	0	0	0	0	-2261	-5692
9	0	751	0	-25	0	0	0	0	-2261	-5692
9	0	751	0	-25	0	0	0	0	-2261	-5693
9	0	751	0	-24	0	0	0	0	-2261	-5693
9	0	751	0	-24	0	0	0	0	-2261	-5694
9	0	751	0	-24	0	0	0	0	-2261	-5694
9	0	751	0	-24	0	0	0	0	-2261	-5695
9	0	751	0	-24	0	0	0	0	-2261	-5695
9	0	753	-1	-22	0	0	0	0	-2261	-5696
9	0	753	-1	-22	0	0	0	0	-2261	-5696
9	0	753	-1	-21	0	0	0	0	-2261	-5697
9	0	753	-1	-21	0	0	0	0	-2261	-5697
9	0	753	-1	-21	0	0	0	0	-2261	-5698
9	0	752	-3	-23	0	0	0	0	-2261	-5698
9	0	752	-3	-23	0	0	0	0	-2261	-5699
9	0	752	-3	-23	0	0	0	0	-2261	-5699
9	0	753	-2	-24	0	0	0	0	-2261	-5700
9	0	753	-2	-24	0	0	0	0	-2261	-5700
9	0	753	-2	-24	0	0	0	0	-2261	-5701
9	0	753	-2	-24	0	0	0	0	-2261	-5701
9	0	753	0	-25	0	0	0	0	-2261	-5701
9	0	753	0	-25	0	0	0	0	-2261	-5702
9	0	753	0	-25	0	0	0	0	-2261	-5702
9	0	754	0	-25	0	0	0	0	-2261	-5703
9	0	754	0	-25	0	0	0	0	-2261	-5703
9	0	754	0	-25	0	0	0	0	-2261	-5704
9	0	753	4	-27	0	0	0	0	-2261	-5705
9	0	753	4	-27	0	0	0	0	-2261	-5705
9	0	753	4	-27	0	0	0	0	-2261	-5706
9	0	753	6	-27	0	0	0	0	-2261	-5706
9	0	753	6	-27	0	0	0	0	-2261	-5707
9	0	753	6	-27	0	0	0	0	-2260	-5707
9	0	753	6	-27	0	0	0	0	-2260	-5708
9	0	753	6	-27	0	0	0	0	-2260	-5708
9	0	753	6	-27	0	0	0	0	-2260	-5709
9	0	753	6	-27	0	0	0	0	-2260	-5710
9	0	758	7	-28	0	0	0	0	-2260	-5710
9	0	758	7	-28	0	0	0	0	-2260	-5711
9	0	758	7	-28	0	0	0	0	-2260	-5711
9	0	756	6	-27	0	0	0	0	-2259	-5712
9	0	756	6	-27	0	0	0	0	-2259	-5712
9	0	756	6	-27	0	0	0	0	-2259	-5713
9	0	756	6	-27	0	0	0	0	-2259	-5713
9	0	756	2	-23	0	0	0	0	-2259	-5714
9	0	756	2	-23	0	0	0	0	-2259	-5715
9	0	756	2	-23	0	0	0	0	-2259	-5715
9	0	758	-2	-20	0	0	0	0	-2259	-5715
9	0	758	-2	-20	0	0	0	0	-2259	-5716
9	0	758	-2	-20	0	0	0	0	-2259	-5716
9	0	762	-5	-19	0	0	0	0	-2259	-5717
9	0	762	-5	-19	0	0	0	0	-2259	-5717
9	0	762	-5	-19	0	0	0	0	-2259	-5717
9	0	762	-9	-18	0	0	0	0	-2259	-5718
9	0	762	-9	-18	0	0	0	0	-2259	-5718
9	0	762	-9	-18	0	0	0	0	-2260	-5719
9	0	762	-9	-18	0	0	0	0	-2260	-5719
9	0	763	-12	-17	0	0	0	0	-2260	-5719
9	0	763	-12	-17	0	0	0	0	-2260	-5720
9	0	763	-12	-17	0	0	0	0	-2260	-5720
9	0	763	-15	-17	0	0	0	0	-2261	-5720
9	0	763	-15	-17	0	0	0	0	-2261	-5721
9	0	763	-15	-17	0	0	0	0	-2261	-5721
9	0	763	-17	-18	0	0	0	0	-2262	-5721
9	0	763	-17	-18	0	0	0	0	-2262	-5722
9	0	763	-17	-18	0	0	0	0	-2262	-5722
9	0	762	-20	-17	0	0	0	0	-2263	-5723
9	0	762	-20	-17	0	0	0	0	-2263	-5723
9	0	762	-20	-17	0	0	0	0	-2264	-5723
9	0	762	-20	-17	0	0	0	0	-2264	-5724
9	0	763	-22	-14	0	0	0	0	-2264	-5724
9	0	763	-22	-14	0	0	0	0	-2265	-5724
9	0	763	-22	-14	0	0	0	0	-2265	-5725
9	0	764	-22	-9	0	0	0	0	-2266	-5725
9	0	764	-22	-9	0	0	0	0	-2266	-5725
9	0	764	-22	-9	0	0	0	0	-2267	-5725
9	0	762	-18	-6	0	0	0	0	-2267	-5725
9	0	762	-18	-6	0	0	0	0	-2267	-5726
9	0	762	-18	-6	0	0	0	0	-2268	-5726
9	0	762	-15	0	0	0	0	0	-2268	-5726
9	0	762	-15	0	0	0	0	0	-2269	-5726
9	0	762	-15	0	0	0	0	0	-2269	-5726
9	0	762	-15	0	0	0	0	0	-2269	-5726
9	0	764	-12	3	0	0	0	0	-2269	-5726
9	0	764	-12	3	0	0	0	0	-2270	-5726
9	0	764	-12	3	0	0	0	0	-2270	-5726
9	0	764	-10	7	0	0	0	0	-2270	-5726
9	0	764	-10	7	0	0	0	0	-2270	-5725
9	0	764	-10	7	0	0	0	0	-2271	-5725
9	0	763	-10	10	0	0	0	0	-2271	-5725
9	0	763	-10	10	0	0	0	0	-2271	-5725
9	0	763	-10	10	0	0	0	0	-2271	-5725
9	0	764	-7	11	0	0	0	0	-2271	-5725
9	0	764	-7	11	0	0	0	0	-2272	-5724
9	0	764	-7	11	0	0	0	0	-2272	-5724
9	0	764	-7	11	0	0	0	0	-2272	-5724
9	0	763	-3	10	0	0	0	0	-2272	-5724
9	0	763	-3	10	0	0	0	0	-2272	-5723
9	0	763	-3	10	0	0	0	0	-2272	-5723
9	0	762	0	10	0	0	0	0	-2272	-5723
9	0	762	0	10	0	0	0	0	-2272	-5723
9	0	762	0	10	0	0	0	0	-2272	-5723
9	0	761	0	9	0	0	0	0	-2272	-5722
9	0	761	0	9	0	0	0	0	-2272	-5722
9	0	761	0	9	0	0	0	0	-2272	-5722
9	0	760	0	5	0	0	0	0	-2272	-5722
9	0	760	0	5	0	0	0	0	-2272	-5722
9	0	760	0	5	0	0	0	0	-2272	-5722
9	0	760	0	5	0	0	0	0	-2272	-5721
9	0	761	1	3	0	0	0	0	-2272	-5721
9	0	761	1	3	0	0	0	0	-2272	-5721
9	0	761	1	3	0	0	0	0	-2272	-5721
9	0	762	1	1	0	0	0	0	-2272	-5721
9	0	762	1	1	0	0	0	0	-2272	-5721
9	0	762	1	1	0	0	0	0	-2272	-5721
9	0	761	3	0	0	0	0	0	-2272	-5721
9	0	761	3	0	0	0	0	0	-2272	-5721
9	0	761	3	0	0	0	0	0	-2272	-5721
9	0	765	9	-11	0	0	-1	0	-2272	-5721
9	0	765	9	-11	0	0	-1	0	-2272	-5721
9	0	765	9	-11	0	0	-1	0	-2272	-5722
9	0	765	9	-11	0	0	-1	0	-2271	-5722
9	0	764	10	-44	0	0	-4	0	-2271	-5722
9	0	764	10	-44	0	0	-4	0	-2271	-5723
9	0	764	10	-44	0	0	-4	0	-2271	-5724
9	0	763	9	-106	0	0	-6	0	-2271	-5725
9	0	763	9	-106	0	0	-6	0	-2270	-5727
9	0	763	9	-106	0	0	-6	0	-2270	-5729
9	0	763	7	-165	0	0	-4	0	-2270	-5731
9	0	763	7	-165	0	0	-4	0	-2270	-5734
9	0	763	7	-165	0	0	-4	0	-2270	-5738
9	0	764	-1	-202	0	1	-2	0	-2270	-5741
9	0	764	-1	-202	0	1	-2	0	-2270	-5745
9	0	764	-1	-202	0	1	-2	0	-2270	-5749
9	0	764	-1	-202	0	1	-2	0	-2270	-5753
9	0	762	-27	-209	0	3	0	0	-2270	-5757
9	0	762	-27	-209	0	3	0	0	-2270	-5761
9	0	762	-27	-209	0	3	0	0	-2271	-5766
9	0	766	-78	-210	0	4	-1	0	-2271	-5770
9	0	766	-78	-210	0	4	-1	0	-2273	-5774
9	0	766	-78	-210	0	4	-1	0	-2274	-5778
9	0	765	-129	-222	0	4	-2	0	-2276	-5782
9	0	765	-129	-222	0	4	-2	0	-2279	-5787
9	0	765	-129	-222	0	4	-2	0	-2281	-5791
9	0	763	-175	-256	0	3	-5	0	-2284	-5796
9	0	763	-175	-256	0	3	-5	0	-2287	-5801
9	0	763	-175	-256	0	3	-5	0	-2291	-5806
9	0	763	-175	-256	0	3	-5	0	-2294	-5811
9	0	762	-206	-313	0	2	-7	0	-2298	-5816
9	0	762	-206	-313	0	2	-7	0	-2302	-5823
9	0	762	-206	-313	0	2	-7	0	-2306	-5829
9	0	761	-224	-388	0	1	-8	0	-2310	-5835
9	0	761	-224	-388	0	1	-8	0	-2315	-5843
9	0	761	-224	-388	0	1	-8	0	-2319	-5851
9	0	756	-229	-459	0	0	-7	0	-2324	-5858
9	0	756	-229	-459	0	0	-7	0	-2328	-5868
9	0	756	-229	-459	0	0	-7	0	-2333	-5877
9	0	756	-229	-459	0	0	-7	0	-2337	-5886
9	0	751	-223	-514	0	0	-5	0	-2342	-5895
9	0	751	-223	-514	0	0	-5	0	-2346	-5905
9	0	751	-223	-514	0	0	-5	0	-2351	-5916
9	0	750	-202	-536	0	-1	-3	0	-2355	-5926
9	0	750	-202	-536	0	-1	-3	0	-2359	-5937
9	0	750	-202	-536	0	-1	-3	0	-2363	-5947
9	0	746	-175	-533	0	-2	0	0	-2368	-5958
9	0	746	-175	-533	0	-2	0	0	-2371	-5969
9	0	746	-175	-533	0	-2	0	0	-2375	-5979
9	0	744	-140	-501	0	-3	2	0	-2378	-5990
9	0	744	-140	-501	0	-3	2	0	-2381	-6000
9	0	744	-140	-501	0	-3	2	0	-2384	-6010
9	0	744	-140	-501	0	-3	2	0	-2386	-6020
9	0	739	-101	-440	0	-3	4	0	-2389	-6030
9	0	739	-101	-440	0	-3	4	0	-2391	-6039
9	0	739	-101	-440	0	-3	4	0	-2393	-6048
9	0	735	-61	-356	0	-3	6	0	-2395	-6057
9	0	735	-61	-356	0	-3	6	0	-2397	-6064
9	0	735	-61	-356	0	-3	6	0	-2398	-6071
9	0	733	-22	-254	0	-3	7	0	-2399	-6078
9	0	733	-22	-254	0	-3	7	0	-2400	-6083
9	0	733	-22	-254	0	-3	7	0	-2400	-6088
9	0	733	8	-153	0	-1	7	0	-2400	-6093
9	0	733	8	-153	0	-1	7	0	-2400	-6096
9	0	733	8	-153	0	-1	7	0	-2400	-6100
9	0	733	8	-153	0	-1	7	0	-2400	-6103
9	0	733	8	-153	0	-1	7	0	-2400	-6106
9	0	732	16	-65	0	0	6	0	-2400	-6109
9	0	732	16	-65	0	0	6	0	-2399	-6110
9	0	734	-8	4	0	3	4	0	-2399	-6111
9	0	734	-8	4	0	3	4	0	-2399	-6111
9	0	734	-8	4	0	3	4	0	-2399	-6111
9	0	735	-64	48	0	6	3	0	-2399	-6111
9	0	735	-64	48	0	6	3	0	-2401	-6110
9	0	735	-64	48	0	6	3	0	-2402	-6109
9	0	735	-64	48	0	6	3	0	-2403	-6108
9	0	735	-64	48	0	6	3	0	-2405	-6107
9	0	735	-150	69	0	7	1	0	-2406	-6106
9	0	735	-150	69	0	7	1	0	-2409	-6105
9	0	733	-218	73	0	5	0	0	-2412	-6103
9	0	733	-218	73	0	5	0	0	-2416	-6102
9	0	733	-218	73	0	5	0	0	-2421	-6101
9	0	733	-246	59	0	1	-1	0	-2425	-6099
9	0	733	-246	59	0	1	-1	0	-2430	-6098
9	0	733	-246	59	0	1	-1	0	-2435	-6097
9	0	733	-246	59	0	1	-1	0	-2440	-6095
9	0	733	-246	59	0	1	-1	0	-2445	-6094
9	0	733	-246	59	0	1	-1	0	-2450	-6093
8	0	722	-188	11	0	-3	-2	0	-2455	-6092
8	0	722	-188	11	0	-3	-2	0	-2458	-6092
8	0	722	-188	11	0	-3	-2	0	-2462	-6091
8	0	722	-188	11	0	-3	-2	0	-2466	-6091
8	0	722	-188	11	0	-3	-2	0	-2470	-6091
8	0	720	-139	-12	0	-3	-2	0	-2473	-6091
8	0	720	-139	-12	0	-3	-2	0	-2476	-6091
8	0	720	-72	-64	0	-3	-3	0	-2479	-6091
8	0	720	-72	-64	0	-3	-3	0	-2480	-6093
8	0	720	-72	-64	0	-3	-3	0	-2482	-6094
8	0	720	-72	-64	0	-3	-3	0	-2483	-6095
8	0	720	11	-158	0	-2	-5	0	-2485	-6096
8	0	720	11	-158	0	-2	-5	0	-2485	-6100
8	0	720	11	-158	0	-2	-5	0	-2484	-6103
8	0	720	42	-226	0	-2	-7	0	-2484	-6106
8	0	720	42	-226	0	-2	-7	0	-2483	-6110
8	0	720	42	-226	0	-2	-7	0	-2482	-6115
8	0	724	48	-300	0	-1	-9	0	-2482	-6119
8	0	724	48	-300	0	-1	-9	0	-2481	-6125
8	0	724	48	-300	0	-1	-9	0	-2480	-6131
8	0	727	36	-318	0	-1	-10	0	-2479	-6138
8	0	727	36	-318	0	-1	-10	0	-2478	-6144
8	0	727	36	-318	0	-1	-10	0	-2477	-6150
8	0	730	44	-421	0	0	-10	0	-2476	-6157
8	0	730	44	-421	0	0	-10	0	-2476	-6165
8	0	730	44	-421	0	0	-10	0	-2475	-6173
8	0	730	44	-421	0	0	-10	0	-2474	-6182
8	0	729	39	-507	0	1	-9	0	-2473	-6190
8	0	729	39	-507	0	1	-9	0	-2472	-6200
8	0	729	39	-507	0	1	-9	0	-2471	-6211
8	0	729	12	-567	0	3	-7	-1	-2471	-6221
8	0	729	12	-567	0	3	-7	-1	-2470	-6232
8	0	729	12	-567	0	3	-7	-1	-2470	-6243
8	0	729	-45	-601	0	6	-4	-1	-2470	-6255
8	0	729	-45	-601	0	6	-4	-1	-2471	-6267
8	0	729	-45	-601	0	6	-4	-1	-2472	-6279
8	0	725	-125	-612	0	8	-2	-1	-2472	-6291
8	0	725	-125	-612	0	8	-2	-1	-2475	-6303
8	0	725	-125	-612	0	8	-2	-1	-2478	-6315
8	0	721	-227	-600	0	10	-1	0	-2480	-6328
8	0	721	-227	-600	0	10	-1	0	-2485	-6340
8	0	721	-227	-600	0	10	-1	0	-2489	-6352
8	0	721	-227	-600	0	10	-1	0	-2494	-6364
8	0	722	-351	-575	0	10	0	0	-2498	-6376
8	0	722	-351	-575	0	10	0	0	-2505	-6387
8	0	722	-351	-575	0	10	0	0	-2512	-6399
8	0	721	-443	-529	0	8	1	0	-2519	-6410
8	0	721	-443	-529	0	8	1	0	-2528	-6421
8	0	721	-443	-529	0	8	1	0	-2537	-6431
8	0	720	-494	-470	0	4	3	0	-2546	-6442
8	0	720	-494	-470	0	4	3	0	-2556	-6451
8	0	720	-494	-470	0	4	3	0	-2566	-6461
8	0	718	-508	-402	0	1	4	0	-2576	-6470
8	0	718	-508	-402	0	1	4	0	-2586	-6478
8	0	718	-508	-402	0	1	4	0	-2596	-6486
8	0	718	-508	-402	0	1	4	0	-2606	-6494
8	0	715	-482	-327	0	-2	5	0	-2616	-6502
8	0	715	-482	-327	0	-2	5	0	-2626	-6509
8	0	715	-482	-327	0	-2	5	0	-2636	-6515
8	0	708	-431	-256	0	-4	4	-1	-2645	-6522
8	0	708	-431	-256	0	-4	4	-1	-2654	-6527
8	0	708	-431	-256	0	-4	4	-1	-2662	-6532
8	0	703	-362	-196	0	-5	2	-1	-2671	-6537
8	0	703	-362	-196	0	-5	2	-1	-2678	-6541
8	0	703	-362	-196	0	-5	2	-1	-2686	-6545
8	0	697	-286	-174	0	-5	-1	-1	-2693	-6549
8	0	697	-286	-174	0	-5	-1	-1	-2698	-6553
8	0	697	-286	-174	0	-5	-1	-1	-2704	-6556
8	0	697	-286	-174	0	-5	-1	-1	-2710	-6560
8	0	691	-216	-192	0	-4	-4	-1	-2716	-6563
8	0	691	-216	-192	0	-4	-4	-1	-2720	-6567
8	0	691	-216	-192	0	-4	-4	-1	-2724	-6571
8	0	685	-156	-248	0	-3	-7	-1	-2729	-6575
8	0	685	-156	-248	0	-3	-7	-1	-2732	-6580
8	0	685	-156	-248	0	-3	-7	-1	-2735	-6585
8	0	682	-110	-333	0	-2	-9	-1	-2738	-6590
8	0	682	-110	-333	0	-2	-9	-1	-2740	-6596
8	0	682	-110	-333	0	-2	-9	-1	-2742	-6603
8	0	682	-82	-438	0	-1	-11	-1	-2745	-6609
8	0	682	-82	-438	0	-1	-11	-1	-2746	-6618
8	0	682	-82	-438	0	-1	-11	-1	-2748	-6627
8	0	682	-82	-438	0	-1	-11	-1	-2750	-6636
8	0	677	-69	-545	0	0	-12	-1	-2751	-6645
8	0	677	-69	-545	0	0	-12	-1	-2753	-6655
8	0	677	-69	-545	0	0	-12	-1	-2754	-6666
8	0	673	-68	-657	0	0	-12	-1	-2755	-6677
8	0	673	-68	-657	0	0	-12	-1	-2757	-6690
8	0	673	-68	-657	0	0	-12	-1	-2758	-6704
8	0	666	-75	-766	0	1	-12	0	-2760	-6717
8	0	666	-75	-766	0	1	-12	0	-2761	-6732
8	0	666	-75	-766	0	1	-12	0	-2763	-6747
8	0	662	-87	-854	0	1	-10	0	-2764	-6763
8	0	662	-87	-854	0	1	-10	0	-2766	-6780
8	0	662	-87	-854	0	1	-10	0	-2768	-6797
8	0	662	-87	-854	0	1	-10	0	-2769	-6814
8	0	661	-103	-913	0	1	-7	0	-2771	-6831
8	0	661	-103	-913	0	1	-7	0	-2773	-6849
8	0	661	-103	-913	0	1	-7	0	-2775	-6868
8	0	661	-117	-925	0	1	-4	0	-2777	-6886
8	0	661	-117	-925	0	1	-4	0	-2780	-6904
8	0	661	-117	-925	0	1	-4	0	-2782	-6923
8	0	657	-130	-893	0	1	0	0	-2784	-6941
8	0	657	-130	-893	0	1	0	0	-2787	-6959
8	0	657	-130	-893	0	1	0	0	-2790	-6977
8	0	656	-141	-820	0	1	3	0	-2792	-6995
8	0	656	-141	-820	0	1	3	0	-2795	-7012
8	0	656	-141	-820	0	1	3	0	-2798	-7028
8	0	656	-141	-820	0	1	3	0	-2801	-7044
8	0	658	-152	-709	0	1	6	0	-2803	-7061
8	0	658	-152	-709	0	1	6	0	-2807	-7075
8	0	658	-152	-709	0	1	6	0	-2810	-7089
8	0	661	-161	-573	0	1	9	0	-2813	-7103
8	0	661	-161	-573	0	1	9	0	-2816	-7115
8	0	661	-161	-573	0	1	9	0	-2819	-7126
8	0	667	-160	-417	0	0	11	0	-2822	-7138
8	0	667	-160	-417	0	0	11	0	-2825	-7146
8	0	667	-160	-417	0	0	11	0	-2829	-7154
8	0	675	-143	-253	0	0	12	0	-2832	-7163
8	0	675	-143	-253	0	0	12	0	-2835	-7168
8	0	675	-143	-253	0	0	12	0	-2838	-7173
8	0	675	-143	-253	0	0	12	0	-2841	-7178
8	0	680	-115	-99	0	-1	12	0	-2843	-7183
8	0	680	-115	-99	0	-1	12	0	-2846	-7185
8	0	680	-115	-99	0	-1	12	0	-2848	-7187
8	0	683	-86	48	0	-1	12	0	-2850	-7189
8	0	683	-86	48	0	-1	12	0	-2852	-7188
8	0	683	-86	48	0	-1	12	0	-2854	-7187
8	0	685	-62	181	0	-1	11	0	-2855	-7186
8	0	685	-62	181	0	-1	11	0	-2857	-7182
8	0	685	-62	181	0	-1	11	0	-2858	-7179
8	0	698	-41	286	0	-1	7	0	-2859	-7175
8	0	698	-41	286	0	-1	7	0	-2860	-7169
8	0	698	-41	286	0	-1	7	0	-2861	-7164
8	0	698	-41	286	0	-1	7	0	-2862	-7158
8	0	698	-26	337	0	0	4	0	-2863	-7152
8	0	698	-26	337	0	0	4	0	-2863	-7145
8	0	698	-26	337	0	0	4	0	-2864	-7139
8	0	692	-15	346	0	0	0	0	-2864	-7132
8	0	692	-15	346	0	0	0	0	-2864	-7125
8	0	692	-15	346	0	0	0	0	-2865	-7118
8	0	686	-7	318	0	0	-2	0	-2865	-7111
8	0	686	-7	318	0	0	-2	0	-2865	-7105
8	0	686	-7	318	0	0	-2	0	-2865	-7098
8	0	689	-3	257	0	0	-5	0	-2866	-7092
8	0	689	-3	257	0	0	-5	0	-2866	-7087
8	0	689	-3	257	0	0	-5	0	-2866	-7082
8	0	689	-3	257	0	0	-5	0	-2866	-7077
8	0	687	-6	175	0	0	-7	0	-2866	-7071
8	0	687	-6	175	0	0	-7	0	-2866	-7068
8	0	687	-6	175	0	0	-7	0	-2866	-7064
8	0	691	-11	84	0	0	-7	0	-2866	-7061
8	0	691	-11	84	0	0	-7	0	-2866	-7059
8	0	691	-11	84	0	0	-7	0	-2867	-7057
8	0	701	-19	-1	0	0	-6	0	-2867	-7056
8	0	701	-19	-1	0	0	-6	0	-2867	-7056
8	0	701	-19	-1	0	0	-6	0	-2868	-7056
8	0	708	-30	-65	0	1	-5	0	-2868	-7056
8	0	708	-30	-65	0	1	-5	0	-2869	-7057
8	0	708	-30	-65	0	1	-5	0	-2869	-7058
8	0	708	-30	-65	0	1	-5	0	-2870	-7060
8	0	716	-39	-106	0	0	-3	0	-2871	-7061
8	0	716	-39	-106	0	0	-3	0	-2871	-7063
8	0	716	-39	-106	0	0	-3	0	-2872	-7065
8	0	727	-46	-126	0	0	-2	1	-2873	-7067
8	0	727	-46	-126	0	0	-2	1	-2874	-7070
8	0	727	-46	-126	0	0	-2	1	-2875	-7073
8	0	733	-46	-132	0	0	-1	1	-2876	-7075
8	0	733	-46	-132	0	0	-1	1	-2877	-7078
8	0	733	-46	-132	0	0	-1	1	-2878	-7080
8	0	739	-45	-127	0	0	0	1	-2878	-7083
8	0	739	-45	-127	0	0	0	1	-2879	-7086
8	0	739	-45	-127	0	0	0	1	-2880	-7088
8	0	739	-45	-127	0	0	0	1	-2881	-7091
8	0	747	-39	-104	0	0	2	1	-2882	-7093
8	0	747	-39	-104	0	0	2	1	-2883	-7095
8	0	747	-39	-104	0	0	2	1	-2884	-7097
8	0	754	-32	-59	0	0	4	1	-2884	-7099
8	0	754	-32	-59	0	0	4	1	-2885	-7101
8	0	754	-32	-59	0	0	4	1	-2886	-7102
8	0	763	-27	6	0	0	6	1	-2886	-7103
8	0	763	-27	6	0	0	6	1	-2887	-7103
8	0	763	-27	6	0	0	6	1	-2887	-7103
8	0	769	-26	86	0	0	7	1	-2888	-7103
8	0	769	-26	86	0	0	7	1	-2889	-7101
8	0	769	-26	86	0	0	7	1	-2889	-7099
8	0	769	-26	86	0	0	7	1	-2890	-7097
8	0	776	-27	178	0	0	8	1	-2890	-7096
8	0	776	-27	178	0	0	8	1	-2891	-7092
8	0	776	-27	178	0	0	8	1	-2891	-7089
8	0	785	-30	277	0	0	9	1	-2892	-7085
8	0	785	-30	277	0	0	9	1	-2892	-7079
8	0	785	-30	277	0	0	9	1	-2893	-7074
8	0	789	-33	369	0	0	9	1	-2894	-7068
8	0	789	-33	369	0	0	9	1	-2894	-7061
8	0	789	-33	369	0	0	9	1	-2895	-7054
8	0	794	-37	460	0	0	9	1	-2896	-7046
8	0	794	-37	460	0	0	9	1	-2896	-7037
8	0	794	-37	460	0	0	9	1	-2897	-7028
8	0	794	-37	460	0	0	9	1	-2898	-7019
7	0	801	-42	548	0	0	9	1	-2899	-7009
7	0	801	-42	548	0	0	9	1	-2900	-6998
7	0	801	-42	548	0	0	9	1	-2900	-6987
7	0	807	-47	629	0	0	9	1	-2901	-6977
7	0	807	-47	629	0	0	9	1	-2902	-6964
7	0	807	-47	629	0	0	9	1	-2903	-6951
7	0	807	-54	678	0	0	6	0	-2904	-6939
7	0	807	-54	678	0	0	6	0	-2905	-6925
7	0	807	-54	678	0	0	6	0	-2906	-6912
7	0	801	-59	699	0	0	3	0	-2907	-6898
7	0	801	-59	699	0	0	3	0	-2908	-6884
7	0	801	-59	699	0	0	3	0	-2910	-6870
7	0	801	-59	699	0	0	3	0	-2911	-6856
7	0	796	-63	685	0	0	0	0	-2912	-6842
7	0	796	-63	685	0	0	0	0	-2913	-6828
7	0	796	-63	685	0	0	0	0	-2915	-6815
7	0	790	-66	637	0	0	-3	0	-2916	-6801
7	0	790	-66	637	0	0	-3	0	-2917	-6788
7	0	790	-66	637	0	0	-3	0	-2918	-6776
7	0	790	-66	637	0	0	-3	0	-2920	-6763
7	0	788	-68	552	0	0	-6	0	-2921	-6750
7	0	788	-68	552	0	0	-6	0	-2923	-6739
7	0	788	-68	552	0	0	-6	0	-2924	-6728
7	0	786	-69	433	0	0	-9	0	-2925	-6717
7	0	786	-69	433	0	0	-9	0	-2927	-6708
7	0	786	-69	433	0	0	-9	0	-2928	-6700
7	0	787	-68	288	0	0	-11	0	-2929	-6691
7	0	787	-68	288	0	0	-11	0	-2931	-6685
7	0	787	-68	288	0	0	-11	0	-2932	-6679
7	0	789	-67	134	0	0	-12	0	-2934	-6674
7	0	789	-67	134	0	0	-12	0	-2935	-6671
7	0	789	-67	134	0	0	-12	0	-2936	-6668
7	0	796	-65	-29	0	0	-13	0	-2938	-6666
7	0	796	-65	-29	0	0	-13	0	-2939	-6666
7	0	796	-65	-29	0	0	-13	0	-2940	-6667
7	0	796	-65	-29	0	0	-13	0	-2941	-6667
7	0	804	-65	-185	0	0	-13	0	-2943	-6668
7	0	804	-65	-185	0	0	-13	0	-2944	-6672
7	0	804	-65	-185	0	0	-13	0	-2945	-6675
7	0	809	-66	-334	0	0	-12	1	-2947	-6679
7	0	809	-66	-334	0	0	-12	1	-2948	-6686
7	0	809	-66	-334	0	0	-12	1	-2949	-6692
7	0	814	-67	-454	0	0	-10	1	-2951	-6699
7	0	814	-67	-454	0	0	-10	1	-2952	-6708
7	0	814	-67	-454	0	0	-10	1	-2953	-6717
7	0	814	-5	-228	0	0	-7	1	-2955	-6726
7	0	814	-5	-228	0	0	-7	1	-2955	-6731
7	0	814	-5	-228	0	0	-7	1	-2955	-6736
7	0	814	-5	-228	0	0	-7	1	-2955	-6740
7	0	816	34	-131	0	0	-4	1	-2955	-6745
7	0	816	34	-131	0	0	-4	1	-2955	-6747
7	0	816	34	-131	0	0	-4	1	-2954	-6750
7	0	815	47	-123	0	0	0	1	-2953	-6753
7	0	815	47	-123	0	0	0	1	-2952	-6755
7	0	815	47	-123	0	0	0	1	-2951	-6758
7	0	813	45	-100	0	0	2	1	-2950	-6760
7	0	813	45	-100	0	0	2	1	-2949	-6762
7	0	813	45	-100	0	0	2	1	-2948	-6764
7	0	809	41	-55	0	0	3	1	-2948	-6766
7	0	809	41	-55	0	0	3	1	-2947	-6767
7	0	809	41	-55	0	0	3	1	-2946	-6768
7	0	809	41	-55	0	0	3	1	-2945	-6769
7	0	807	34	-1	0	0	3	1	-2944	-6770
7	0	807	34	-1	0	0	3	1	-2944	-6770
7	0	807	34	-1	0	0	3	1	-2943	-6770
7	0	804	26	46	0	0	3	1	-2942	-6771
7	0	804	26	46	0	0	3	1	-2942	-6770
7	0	804	26	46	0	0	3	1	-2941	-6769
7	0	801	18	83	0	0	2	1	-2941	-6768
7	0	801	18	83	0	0	2	1	-2940	-6766
7	0	801	18	83	0	0	2	1	-2940	-6764
7	0	799	11	105	0	0	1	1	-2939	-6763
7	0	799	11	105	0	0	1	1	-2939	-6761
7	0	799	11	105	0	0	1	1	-2939	-6758
7	0	799	11	105	0	0	1	1	-2939	-6756
7	0	797	3	116	0	0	0	1	-2939	-6754
7	0	797	3	116	0	0	0	1	-2938	-6752
7	0	797	3	116	0	0	0	1	-2938	-6750
7	0	799	52	34	0	0	-1	1	-2938	-6747
7	0	799	52	34	0	0	-1	1	-2937	-6747
7	0	799	52	34	0	0	-1	1	-2936	-6746
7	0	797	52	6	0	0	-4	1	-2935	-6745
7	0	797	52	6	0	0	-4	1	-2934	-6745
7	0	797	52	6	0	0	-4	1	-2933	-6745
7	0	795	46	-99	0	0	-6	1	-2932	-6745
7	0	795	46	-99	0	0	-6	1	-2931	-6747
7	0	795	46	-99	0	0	-6	1	-2930	-6749
7	0	795	46	-99	0	0	-6	1	-2929	-6751
7	0	796	5	-90	0	0	-8	1	-2928	-6753
7	0	796	5	-90	0	0	-8	1	-2928	-6755
7	0	796	5	-90	0	0	-8	1	-2928	-6756
7	0	793	1	-174	0	0	-6	1	-2928	-6758
7	0	793	1	-174	0	0	-6	1	-2928	-6762
7	0	793	1	-174	0	0	-6	1	-2928	-6765
7	0	795	2	-213	0	0	-2	1	-2928	-6769
7	0	795	2	-213	0	0	-2	1	-2928	-6773
7	0	795	2	-213	0	0	-2	1	-2928	-6777
7	0	808	1	-194	0	0	2	1	-2928	-6781
7	0	808	1	-194	0	0	2	1	-2928	-6785
7	0	808	1	-194	0	0	2	1	-2928	-6789
7	0	808	1	-194	0	0	2	1	-2928	-6793
7	0	799	-5	-146	0	0	4	1	-2928	-6797
7	0	799	-5	-146	0	0	4	1	-2928	-6800
7	0	799	-5	-146	0	0	4	1	-2928	-6803
7	0	790	-12	-78	0	0	5	1	-2928	-6806
7	0	790	-12	-78	0	0	5	1	-2928	-6807
7	0	790	-12	-78	0	0	5	1	-2928	-6809
7	0	786	-22	-1	0	0	5	1	-2929	-6811
7	0	786	-22	-1	0	0	5	1	-2929	-6811
7	0	786	-22	-1	0	0	5	1	-2930	-6811
7	0	785	-30	80	0	0	6	1	-2930	-6811
7	0	785	-30	80	0	0	6	1	-2931	-6809
7	0	785	-30	80	0	0	6	1	-2931	-6807
7	0	785	-30	80	0	0	6	1	-2932	-6806
7	0	785	-31	160	0	0	6	1	-2933	-6804
7	0	785	-31	160	0	0	6	1	-2933	-6801
7	0	785	-31	160	0	0	6	1	-2934	-6798
7	0	791	-26	231	0	0	5	1	-2934	-6795
7	0	791	-26	231	0	0	5	1	-2935	-6790
7	0	791	-26	231	0	0	5	1	-2935	-6785
7	0	793	-16	281	0	-1	4	0	-2936	-6781
7	0	793	-16	281	0	-1	4	0	-2936	-6775
7	0	793	-16	281	0	-1	4	0	-2937	-6769
7	0	793	-16	281	0	-1	4	0	-2937	-6764
7	0	795	0	307	0	-1	3	0	-2937	-6758
7	0	795	0	307	0	-1	3	0	-2937	-6752
7	0	795	0	307	0	-1	3	0	-2937	-6746
7	0	802	17	314	0	-1	1	0	-2937	-6740
7	0	802	17	314	0	-1	1	0	-2937	-6733
7	0	802	17	314	0	-1	1	0	-2937	-6727
7	0	805	26	303	0	-1	0	0	-2936	-6721
7	0	805	26	303	0	-1	0	0	-2936	-6715
7	0	805	26	303	0	-1	0	0	-2935	-6709
7	0	812	27	268	0	0	-2	0	-2935	-6703
7	0	812	27	268	0	0	-2	0	-2934	-6697
7	0	812	27	268	0	0	-2	0	-2933	-6692
7	0	812	27	268	0	0	-2	0	-2933	-6687
7	0	818	21	203	0	0	-5	0	-2932	-6681
7	0	818	21	203	0	0	-5	0	-2932	-6677
7	0	818	21	203	0	0	-5	0	-2932	-6673
7	0	827	11	103	0	0	-8	0	-2931	-6669
7	0	827	11	103	0	0	-8	0	-2931	-6667
7	0	827	11	103	0	0	-8	0	-2931	-6665
7	0	827	11	103	0	0	-8	0	-2930	-6663
7	0	839	5	-46	0	1	-9	0	-2930	-6661
7	0	839	5	-46	0	1	-9	0	-2930	-6662
7	0	853	45	-206	0	1	-10	0	-2930	-6662
7	0	853	45	-206	0	1	-10	0	-2929	-6667
7	0	853	45	-206	0	1	-10	0	-2928	-6671
7	0	853	45	-206	0	1	-10	0	-2927	-6675
7	0	869	27	-283	0	1	-11	0	-2926	-6679
7	0	869	27	-283	0	1	-11	0	-2926	-6685
7	0	869	27	-283	0	1	-11	0	-2925	-6690
6	0	887	53	-217	0	1	-11	0	-2925	-6696
6	0	887	53	-217	0	1	-11	0	-2924	-6700
6	0	887	53	-217	0	1	-11	0	-2923	-6705
6	0	900	37	-298	0	0	-12	0	-2921	-6709
6	0	900	37	-298	0	0	-12	0	-2921	-6715
6	0	900	37	-298	0	0	-12	0	-2920	-6721
6	0	918	51	-374	0	0	-12	1	-2919	-6727
6	0	918	51	-374	0	0	-12	1	-2918	-6734
6	0	918	51	-374	0	0	-12	1	-2917	-6742
6	0	918	51	-374	0	0	-12	1	-2916	-6749
6	0	939	36	-470	0	0	-10	1	-2915	-6757
6	0	939	36	-470	0	0	-10	1	-2914	-6766
6	0	939	36	-470	0	0	-10	1	-2914	-6776
6	0	951	65	-507	0	0	-7	1	-2913	-6785
6	0	951	65	-507	0	0	-7	1	-2912	-6795
6	0	951	65	-507	0	0	-7	1	-2910	-6805
6	0	959	55	-532	0	0	-5	1	-2909	-6816
6	0	959	55	-532	0	0	-5	1	-2908	-6826
6	0	959	55	-532	0	0	-5	1	-2907	-6837
6	0	964	47	-526	0	0	-2	1	-2906	-6847
6	0	964	47	-526	0	0	-2	1	-2905	-6858
6	0	964	47	-526	0	0	-2	1	-2904	-6869
6	0	964	47	-526	0	0	-2	1	-2903	-6879
6	0	971	41	-489	0	0	0	1	-2902	-6890
6	0	971	41	-489	0	0	0	1	-2901	-6899
6	0	971	41	-489	0	0	0	1	-2900	-6909
6	0	979	34	-425	0	0	3	1	-2899	-6919
6	0	979	34	-425	0	0	3	1	-2899	-6927
6	0	979	34	-425	0	0	3	1	-2898	-6936
6	0	988	29	-337	0	0	5	1	-2897	-6944
6	0	988	29	-337	0	0	5	1	-2897	-6951
6	0	988	29	-337	0	0	5	1	-2896	-6958
6	0	999	23	-237	0	0	6	1	-2896	-6965
6	0	999	23	-237	0	0	6	1	-2895	-6969
6	0	999	23	-237	0	0	6	1	-2895	-6974
6	0	999	23	-237	0	0	6	1	-2894	-6979
6	0	1011	13	-141	0	0	6	1	-2894	-6984
6	0	1011	13	-141	0	0	6	1	-2893	-6986
6	0	1011	13	-141	0	0	6	1	-2893	-6989
6	0	1022	3	-63	0	0	5	1	-2893	-6992
6	0	1022	3	-63	0	0	5	1	-2893	-6993
6	0	1022	3	-63	0	0	5	1	-2893	-6995
6	0	1029	-4	-5	0	0	3	1	-2893	-6996
6	0	1029	-4	-5	0	0	3	1	-2893	-6996
6	0	1029	-4	-5	0	0	3	1	-2893	-6996
6	0	1036	-11	32	0	0	1	1	-2893	-6996
6	0	1036	-11	32	0	0	1	1	-2893	-6996
6	0	1036	-11	32	0	0	1	1	-2893	-6995
6	0	1036	-11	32	0	0	1	1	-2894	-6994
5	0	1041	-14	50	0	0	0	1	-2894	-6994
5	0	1041	-14	50	0	0	0	1	-2894	-6993
5	0	1041	-14	50	0	0	0	1	-2894	-6992
5	0	1047	-15	56	0	0	0	1	-2895	-6991
5	0	1047	-15	56	0	0	0	1	-2895	-6989
5	0	1047	-15	56	0	0	0	1	-2895	-6988
5	0	1054	-13	51	0	0	-1	1	-2896	-6987
5	0	1054	-13	51	0	0	-1	1	-2896	-6986
5	0	1054	-13	51	0	0	-1	1	-2896	-6985
5	0	1058	-10	40	0	0	-1	1	-2896	-6984
5	0	1058	-10	40	0	0	-1	1	-2897	-6983
5	0	1058	-10	40	0	0	-1	1	-2897	-6983
5	0	1058	-10	40	0	0	-1	1	-2897	-6982
5	0	1063	-7	27	0	0	-1	1	-2897	-6981
5	0	1063	-7	27	0	0	-1	1	-2897	-6980
5	0	1063	-7	27	0	0	-1	1	-2898	-6980
5	0	1071	-2	34	0	0	0	1	-2898	-6979
5	0	1071	-2	34	0	0	0	1	-2898	-6979
5	0	1071	-2	34	0	0	0	1	-2898	-6978
5	0	1085	6	67	0	0	2	1	-2898	-6977
5	0	1085	6	67	0	0	2	1	-2898	-6976
5	0	1085	6	67	0	0	2	1	-2898	-6975
5	0	1085	6	67	0	0	2	1	-2897	-6973
5	0	1093	17	117	0	-1	3	0	-2897	-6972
5	0	1093	17	117	0	-1	3	0	-2897	-6969
5	0	1093	17	117	0	-1	3	0	-2897	-6967
5	0	1105	37	169	0	-1	4	0	-2896	-6965
5	0	1105	37	169	0	-1	4	0	-2896	-6961
5	0	1105	37	169	0	-1	4	0	-2895	-6958
5	0	1121	63	212	0	-2	3	0	-2894	-6955
5	0	1121	63	212	0	-2	3	0	-2893	-6950
5	0	1121	63	212	0	-2	3	0	-2892	-6946
5	0	1131	92	243	0	-2	2	0	-2890	-6942
5	0	1131	92	243	0	-2	2	0	-2888	-6937
5	0	1131	92	243	0	-2	2	0	-2887	-6932
5	0	1131	92	243	0	-2	2	0	-2885	-6927
5	0	1147	124	265	0	-2	2	0	-2883	-6922
5	0	1147	124	265	0	-2	2	0	-2880	-6917
5	0	1147	124	265	0	-2	2	0	-2878	-6912
5	0	1161	152	279	0	-2	1	0	-2875	-6907
5	0	1161	152	279	0	-2	1	0	-2872	-6901
5	0	1161	152	279	0	-2	1	0	-2869	-6895
5	0	1175	173	289	0	-2	1	0	-2866	-6890
5	0	1175	173	289	0	-2	1	0	-2863	-6884
5	0	1175	173	289	0	-2	1	0	-2859	-6878
5	0	1196	190	292	0	-1	0	0	-2856	-6872
5	0	1196	190	292	0	-1	0	0	-2852	-6867
5	0	1196	190	292	0	-1	0	0	-2848	-6861
5	0	1196	190	292	0	-1	0	0	-2844	-6855
5	0	1215	195	283	0	-1	0	0	-2841	-6849
5	0	1215	195	283	0	-1	0	0	-2837	-6843
5	0	1215	195	283	0	-1	0	0	-2833	-6838
5	0	1231	190	265	0	0	0	0	-2829	-6832
5	0	1231	190	265	0	0	0	0	-2825	-6827
5	0	1231	190	265	0	0	0	0	-2821	-6821
5	0	1252	175	238	0	0	-1	0	-2817	-6816
5	0	1252	175	238	0	0	-1	0	-2814	-6811
5	0	1252	175	238	0	0	-1	0	-2810	-6807
5	0	1272	150	207	0	1	-2	0	-2807	-6802
5	0	1272	150	207	0	1	-2	0	-2804	-6798
5	0	1272	150	207	0	1	-2	0	-2801	-6793
5	0	1272	150	207	0	1	-2	0	-2798	-6789
5	0	1293	121	171	0	2	-2	0	-2795	-6785
5	0	1293	121	171	0	2	-2	0	-2792	-6782
5	0	1293	121	171	0	2	-2	0	-2790	-6778
5	0	1319	91	135	0	2	-2	0	-2788	-6775
5	0	1319	91	135	0	2	-2	0	-2786	-6772
5	0	1319	91	135	0	2	-2	0	-2784	-6769
5	0	1346	66	100	0	1	-2	0	-2782	-6767
5	0	1346	66	100	0	1	-2	0	-2781	-6765
5	0	1346	66	100	0	1	-2	0	-2779	-6763
5	0	1377	41	68	0	1	-2	0	-2778	-6761
5	0	1377	41	68	0	1	-2	0	-2777	-6759
5	0	1377	41	68	0	1	-2	0	-2776	-6758
5	0	1377	41	68	0	1	-2	0	-2776	-6757
5	0	1403	24	42	0	1	-2	0	-2775	-6755
5	0	1403	24	42	0	1	-2	0	-2774	-6754
5	0	1403	24	42	0	1	-2	0	-2774	-6754
5	0	1429	7	20	0	1	-2	0	-2773	-6753
5	0	1429	7	20	0	1	-2	0	-2773	-6752
5	0	1429	7	20	0	1	-2	0	-2773	-6752
5	0	1458	-8	4	0	1	-1	0	-2773	-6751
5	0	1458	-8	4	0	1	-1	0	-2773	-6751
5	0	1458	-8	4	0	1	-1	0	-2773	-6751
5	0	1487	-21	-6	0	1	-1	0	-2773	-6751
5	0	1487	-21	-6	0	1	-1	0	-2774	-6751
5	0	1487	-21	-6	0	1	-1	0	-2774	-6751
5	0	1487	-21	-6	0	1	-1	0	-2775	-6751
5	0	1519	-31	-13	0	0	-1	1	-2775	-6752
5	0	1519	-31	-13	0	0	-1	1	-2776	-6752
5	0	1519	-31	-13	0	0	-1	1	-2776	-6752
5	0	1550	-36	-11	0	0	0	1	-2777	-6752
5	0	1550	-36	-11	0	0	0	1	-2778	-6753
5	0	1550	-36	-11	0	0	0	1	-2778	-6753
5	0	1581	-42	-3	0	0	0	1	-2779	-6753
5	0	1581	-42	-3	0	0	0	1	-2780	-6753
5	0	1581	-42	-3	0	0	0	1	-2781	-6753
5	0	1581	-42	-3	0	0	0	1	-2782	-6753
5	0	1581	-42	-3	0	0	0	1	-2783	-6753
5	0	1611	-42	6	0	0	0	1	-2783	-6753
5	0	1611	-42	6	0	0	0	1	-2784	-6753
5	0	1639	-39	8	0	0	0	1	-2785	-6753
5	0	1639	-39	8	0	0	0	1	-2786	-6753
5	0	1639	-39	8	0	0	0	1	-2787	-6753
5	0	1668	-32	8	0	0	0	1	-2787	-6753
5	0	1668	-32	8	0	0	0	1	-2788	-6753
5	0	1668	-32	8	0	0	0	1	-2789	-6752
5	0	1699	-21	7	0	0	0	1	-2789	-6752
5	0	1699	-21	7	0	0	0	1	-2790	-6752
5	0	1699	-21	7	0	0	0	1	-2790	-6752
5	0	1732	-11	6	0	0	0	1	-2791	-6752
5	0	1732	-11	6	0	0	0	1	-2791	-6752
5	0	1732	-11	6	0	0	0	1	-2791	-6752
5	0	1732	-11	6	0	0	0	1	-2791	-6751
5	0	1768	2	12	0	-1	0	0	-2792	-6751
5	0	1768	2	12	0	-1	0	0	-2792	-6751
5	0	1768	2	12	0	-1	0	0	-2792	-6751
5	0	1807	25	20	0	-1	0	0	-2791	-6751
5	0	1807	25	20	0	-1	0	0	-2791	-6750
5	0	1807	25	20	0	-1	0	0	-2790	-6750
5	0	1839	49	32	0	-2	0	0	-2790	-6749
5	0	1839	49	32	0	-2	0	0	-2789	-6749
5	0	1839	49	32	0	-2	0	0	-2788	-6748
5	0	1881	76	42	0	-2	0	0	-2787	-6747
5	0	1881	76	42	0	-2	0	0	-2785	-6746
5	0	1881	76	42	0	-2	0	0	-2784	-6746
5	0	1881	76	42	0	-2	0	0	-2782	-6745
5	0	1913	98	47	0	-2	0	0	-2781	-6744
5	0	1913	98	47	0	-2	0	0	-2779	-6743
5	0	1913	98	47	0	-2	0	0	-2777	-6742
5	0	1946	113	51	0	-1	0	0	-2775	-6741
5	0	1946	113	51	0	-1	0	0	-2773	-6740
5	0	1946	113	51	0	-1	0	0	-2770	-6739
5	0	1946	113	51	0	-1	0	0	-2768	-6738
5	0	1946	113	51	0	-1	0	0	-2766	-6737
5	0	1987	221	-69	0	-1	0	0	-2764	-6736
5	0	2029	275	-129	0	0	0	0	-2759	-6737
5	0	2029	275	-129	0	0	0	0	-2754	-6740
5	0	2029	275	-129	0	0	0	0	-2748	-6742
5	0	2029	275	-129	0	0	0	0	-2743	-6745
5	0	2069	255	-159	0	0	-1	0	-2737	-6748
5	0	2069	255	-159	0	0	-1	0	-2732	-6751
5	0	2069	255	-159	0	0	-1	0	-2727	-6754
5	0	2105	211	-176	0	0	-1	0	-2722	-6757
5	0	2105	211	-176	0	0	-1	0	-2718	-6761
5	0	2105	211	-176	0	0	-1	0	-2713	-6764
5	0	2145	195	-194	0	1	-1	1	-2709	-6768
5	0	2145	195	-194	0	1	-1	1	-2705	-6772
5	0	2145	195	-194	0	1	-1	1	-2701	-6776
5	0	2188	188	-211	0	1	-1	1	-2697	-6780
5	0	2188	188	-211	0	1	-1	1	-2694	-6784
5	0	2188	188	-211	0	1	-1	1	-2690	-6788
5	0	2240	189	-219	0	1	-1	1	-2686	-6792
5	0	2240	189	-219	0	1	-1	1	-2682	-6797
5	0	2240	189	-219	0	1	-1	1	-2678	-6801
5	0	2240	189	-219	0	1	-1	1	-2675	-6805
5	0	2276	177	-230	0	1	-1	1	-2671	-6810
5	0	2276	177	-230	0	1	-1	1	-2667	-6814
5	0	2276	177	-230	0	1	-1	1	-2664	-6819
5	0	2319	161	-235	0	1	-1	1	-2660	-6824
5	0	2319	161	-235	0	1	-1	1	-2657	-6828
5	0	2319	161	-235	0	1	-1	1	-2654	-6833
5	0	2362	147	-243	0	1	-1	1	-2651	-6838
5	0	2362	147	-243	0	1	-1	1	-2648	-6843
5	0	2362	147	-243	0	1	-1	1	-2645	-6847
5	0	2401	135	-241	0	1	-1	1	-2642	-6852
5	0	2401	135	-241	0	1	-1	1	-2639	-6857
5	0	2401	135	-241	0	1	-1	1	-2636	-6862
5	0	2401	135	-241	0	1	-1	1	-2634	-6867
5	0	2435	113	-240	0	1	-1	1	-2631	-6872
5	0	2435	113	-240	0	1	-1	1	-2629	-6876
5	0	2435	113	-240	0	1	-1	1	-2626	-6881
5	0	2464	117	-228	0	0	-1	1	-2624	-6886
5	0	2464	117	-228	0	0	-1	1	-2622	-6891
5	0	2464	117	-228	0	0	-1	1	-2619	-6895
5	0	2464	117	-228	0	0	-1	1	-2617	-6900
5	0	2486	148	-242	0	-2	0	1	-2615	-6904
5	0	2486	148	-242	0	-2	0	1	-2612	-6909
5	0	2504	203	-254	0	-4	0	1	-2609	-6914
5	0	2504	203	-254	0	-4	0	1	-2605	-6919
5	0	2504	203	-254	0	-4	0	1	-2601	-6924
5	0	2504	203	-254	0	-4	0	1	-2597	-6929
5	0	2531	257	-255	0	-7	0	1	-2593	-6934
5	0	2531	257	-255	0	-7	0	1	-2587	-6939
5	0	2531	257	-255	0	-7	0	1	-2582	-6945
5	0	2547	303	-217	0	-9	0	1	-2577	-6950
5	0	2547	303	-217	0	-9	0	1	-2571	-6954
5	0	2547	303	-217	0	-9	0	1	-2565	-6958
5	0	2564	333	-176	0	-10	0	1	-2559	-6963
5	0	2564	333	-176	0	-10	0	1	-2552	-6966
5	0	2564	333	-176	0	-10	0	1	-2546	-6970
5	0	2584	409	-132	0	-11	0	1	-2539	-6973
5	0	2584	409	-132	0	-11	0	1	-2531	-6976
5	0	2584	409	-132	0	-11	0	1	-2522	-6979
5	0	2584	409	-132	0	-11	0	1	-2514	-6981
5	0	2615	519	-88	0	-11	0	1	-2506	-6984
5	0	2615	519	-88	0	-11	0	1	-2496	-6986
5	0	2615	519	-88	0	-11	0	1	-2485	-6987
5	0	2620	581	-65	0	-10	0	1	-2475	-6989
5	0	2620	581	-65	0	-10	0	1	-2463	-6990
5	0	2620	581	-65	0	-10	0	1	-2451	-6992
5	0	2618	672	-49	0	-10	0	1	-2440	-6993
5	0	2618	672	-49	0	-10	0	1	-2426	-6994
5	0	2618	672	-49	0	-10	0	1	-2413	-6995
5	0	2612	769	-37	0	-10	0	1	-2400	-6996
5	0	2612	769	-37	0	-10	0	1	-2384	-6997
5	0	2612	769	-37	0	-10	0	1	-2369	-6998
5	0	2612	769	-37	0	-10	0	1	-2354	-6998
5	0	2595	859	-18	0	-9	0	1	-2338	-6999
5	0	2595	859	-18	0	-9	0	1	-2321	-6999
5	0	2595	859	-18	0	-9	0	1	-2304	-7000
5	0	2593	946	-12	0	-9	0	1	-2287	-7000
5	0	2593	946	-12	0	-9	0	1	-2268	-7000
5	0	2593	946	-12	0	-9	0	1	-2249	-7001
5	0	2593	946	-12	0	-9	0	1	-2230	-7001
5	0	2589	1027	-3	0	-9	0	1	-2211	-7001
5	0	2589	1027	-3	0	-9	0	1	-2190	-7001
5	0	2582	1097	-2	0	-9	0	1	-2170	-7001
5	0	2582	1097	-2	0	-9	0	1	-2148	-7001
5	0	2582	1097	-2	0	-9	0	1	-2126	-7001
5	0	2582	1097	-2	0	-9	0	1	-2104	-7001
5	0	2578	1165	2	0	-9	0	1	-2082	-7002
5	0	2578	1165	2	0	-9	0	1	-2059	-7001
5	0	2578	1165	2	0	-9	0	1	-2035	-7001
5	0	2573	1251	4	0	-8	0	1	-2012	-7001
5	0	2573	1251	4	0	-8	0	1	-1987	-7001
5	0	2573	1251	4	0	-8	0	1	-1962	-7001
5	0	2565	1335	16	0	-8	0	1	-1937	-7001
5	0	2565	1335	16	0	-8	0	1	-1910	-7001
5	0	2565	1335	16	0	-8	0	1	-1884	-7000
5	0	2565	1335	16	0	-8	0	1	-1857	-7000
5	0	2560	1438	16	0	-8	0	1	-1830	-7000
5	0	2560	1438	16	0	-8	0	1	-1801	-6999
5	0	2560	1438	16	0	-8	0	1	-1773	-6999
5	0	2551	1608	-5	0	-8	0	1	-1744	-6999
5	0	2551	1608	-5	0	-8	0	1	-1712	-6999
5	0	2551	1608	-5	0	-8	0	1	-1679	-6999
5	0	2538	1801	5	0	-8	0	1	-1647	-6999
5	0	2538	1801	5	0	-8	0	1	-1611	-6999
5	0	2538	1801	5	0	-8	0	1	-1575	-6999
5	0	2525	2056	34	0	-8	0	1	-1539	-6999
5	0	2525	2056	34	0	-8	0	1	-1498	-6998
5	0	2525	2056	34	0	-8	0	1	-1457	-6997
5	0	2512	2300	83	0	-8	0	1	-1414	-6997
5	0	2512	2300	83	0	-8	0	1	-1371	-6995
5	0	2512	2300	83	0	-8	0	1	-1324	-6993
5	0	2512	2300	83	0	-8	0	1	-1279	-6992
5	0	2498	2470	150	0	-7	0	1	-1232	-6990
5	0	2498	2470	150	0	-7	0	1	-1183	-6987
5	0	2498	2470	150	0	-7	0	1	-1134	-6984
5	0	2487	2592	191	0	-7	0	1	-1082	-6981
5	0	2487	2592	191	0	-7	0	1	-1030	-6977
5	0	2487	2592	191	0	-7	0	1	-978	-6973
5	0	2475	2662	208	0	-6	0	1	-924	-6969
5	0	2475	2662	208	0	-6	0	1	-874	-6965
5	0	2475	2662	208	0	-6	0	1	-821	-6961
5	0	2475	2739	266	0	-4	0	1	-767	-6957
5	0	2465	2739	266	0	-4	0	1	-713	-6952
5	0	2465	2739	266	0	-4	0	1	-658	-6946
5	0	2465	2739	266	0	-4	0	1	-603	-6941
5	0	2459	2754	298	0	-1	0	1	-548	-6936
5	0	2459	2754	298	0	-1	0	1	-493	-6930
5	0	2459	2754	298	0	-1	0	1	-438	-6924
5	0	2453	2661	290	0	2	0	1	-383	-6918
5	0	2453	2661	290	0	2	0	1	-330	-6912
5	0	2453	2661	290	0	2	0	1	-277	-6906
5	0	2453	2661	290	0	2	0	1	-223	-6900
5	0	2447	2542	285	0	5	0	1	-170	-6894
5	0	2447	2542	285	0	5	0	1	-119	-6889
5	0	2447	2542	285	0	5	0	1	-68	-6883
5	0	2438	2288	318	0	8	0	1	-17	-6877
5	0	2438	2288	318	0	8	0	1	27	-6871
5	0	2438	2288	318	0	8	0	1	73	-6865
5	0	2430	1985	371	0	10	-1	1	119	-6858
5	0	2430	1985	371	0	10	-1	1	159	-6851
5	0	2430	1985	371	0	10	-1	1	198	-6843
5	0	2425	1729	353	0	11	-2	1	238	-6836
5	0	2425	1729	353	0	11	-2	1	273	-6829
5	0	2425	1729	353	0	11	-2	1	307	-6822
5	0	2424	1517	282	0	11	-5	1	342	-6815
5	0	2424	1517	282	0	11	-5	1	379	-6808
5	0	2424	1517	282	0	11	-5	1	409	-6802
5	0	2445	1354	144	0	10	-7	1	439	-6797
5	0	2445	1354	144	0	10	-7	1	466	-6794
5	0	2445	1354	144	0	10	-7	1	493	-6791
5	0	2445	1354	144	0	10	-7	1	520	-6788
5	0	2469	1220	28	0	9	-8	1	547	-6785
5	0	2469	1220	28	0	9	-8	1	572	-6785
5	0	2469	1220	28	0	9	-8	1	596	-6784
5	0	2471	1126	-82	0	7	-9	2	621	-6783
5	0	2471	1126	-82	0	7	-9	2	643	-6785
5	0	2471	1126	-82	0	7	-9	2	666	-6787
5	0	2468	1024	-178	0	5	-9	2	688	-6788
5	0	2468	1024	-178	0	5	-9	2	709	-6792
5	0	2468	1024	-178	0	5	-9	2	729	-6795
5	0	2468	1024	-178	0	5	-9	2	749	-6799
5	0	2464	921	-297	0	3	-9	2	770	-6803
5	0	2464	921	-297	0	3	-9	2	788	-6809
5	0	2464	921	-297	0	3	-9	2	808	-6815
5	0	2446	836	-377	0	2	-9	3	826	-6821
5	0	2446	836	-377	0	2	-9	3	843	-6828
5	0	2446	836	-377	0	2	-9	3	859	-6836
5	0	2418	784	-471	0	0	-8	3	876	-6843
5	0	2418	784	-471	0	0	-8	3	892	-6853
5	0	2418	784	-471	0	0	-8	3	907	-6862
5	0	2405	723	-511	0	0	-8	3	923	-6872
5	0	2405	723	-511	0	0	-8	3	938	-6882
5	0	2405	723	-511	0	0	-8	3	952	-6892
5	0	2396	674	-595	0	0	-8	3	967	-6902
5	0	2396	674	-595	0	0	-8	3	980	-6914
5	0	2396	674	-595	0	0	-8	3	994	-6926
5	0	2396	674	-595	0	0	-8	3	1007	-6938
5	0	2395	623	-740	0	-1	-8	3	1021	-6950
5	0	2395	623	-740	0	-1	-8	3	1033	-6965
5	0	2395	623	-740	0	-1	-8	3	1045	-6980
5	0	2387	611	-746	0	-1	-6	3	1058	-6994
5	0	2387	611	-746	0	-1	-6	3	1070	-7009
5	0	2387	611	-746	0	-1	-6	3	1082	-7024
5	0	2377	625	-783	0	-2	-4	2	1095	-7039
5	0	2377	625	-783	0	-2	-4	2	1107	-7055
5	0	2377	625	-783	0	-2	-4	2	1120	-7070
5	0	2364	613	-743	0	-2	-4	2	1132	-7086
5	0	2364	613	-743	0	-2	-4	2	1144	-7101
5	0	2364	613	-743	0	-2	-4	2	1157	-7116
5	0	2364	613	-743	0	-2	-4	2	1169	-7131
5	0	2339	532	-825	0	-2	-5	2	1181	-7145
5	0	2339	532	-825	0	-2	-5	2	1192	-7162
5	0	2339	532	-825	0	-2	-5	2	1202	-7179
5	0	2318	504	-910	0	-2	-6	2	1213	-7195
5	0	2318	504	-910	0	-2	-6	2	1223	-7213
5	0	2318	504	-910	0	-2	-6	2	1233	-7231
5	0	2318	504	-910	0	-2	-6	2	1243	-7249
5	0	2305	507	-969	0	-1	-6	2	1253	-7267
5	0	2305	507	-969	0	-1	-6	2	1263	-7286
5	0	2290	470	-1005	0	-1	-6	2	1273	-7306
5	0	2290	470	-1005	0	-1	-6	2	1283	-7326
5	0	2290	470	-1005	0	-1	-6	2	1292	-7346
5	0	2290	470	-1005	0	-1	-6	2	1301	-7366
5	0	2276	424	-1062	0	0	-6	2	1311	-7386
5	0	2276	424	-1062	0	0	-6	2	1319	-7407
5	0	2276	424	-1062	0	0	-6	2	1328	-7429
5	0	2263	409	-1110	0	0	-6	2	1336	-7450
5	0	2263	409	-1110	0	0	-6	2	1344	-7472
5	0	2263	409	-1110	0	0	-6	2	1353	-7494
5	0	2250	356	-1138	0	0	-5	2	1361	-7517
5	0	2250	356	-1138	0	0	-5	2	1368	-7539
5	0	2250	356	-1138	0	0	-5	2	1375	-7562
5	0	2237	306	-1190	0	0	-5	3	1382	-7584
5	0	2237	306	-1190	0	0	-5	3	1388	-7608
5	0	2237	306	-1190	0	0	-5	3	1394	-7632
5	0	2237	306	-1190	0	0	-5	3	1401	-7656
5	0	2223	263	-1214	0	0	-6	3	1407	-7680
5	0	2223	263	-1214	0	0	-6	3	1412	-7704
5	0	2223	263	-1214	0	0	-6	3	1417	-7728
5	0	2208	238	-1274	0	-1	-6	3	1422	-7752
5	0	2208	238	-1274	0	-1	-6	3	1427	-7778
5	0	2208	238	-1274	0	-1	-6	3	1432	-7803
5	0	2191	247	-1431	0	-2	-7	3	1437	-7829
5	0	2191	247	-1431	0	-2	-7	3	1442	-7858
5	0	2191	247	-1431	0	-2	-7	3	1447	-7886
5	0	2191	247	-1431	0	-2	-7	3	1452	-7915
5	0	2176	250	-1581	0	-3	-8	3	1457	-7944
5	0	2176	250	-1581	0	-3	-8	3	1462	-7976
5	0	2176	250	-1581	0	-3	-8	3	1467	-8007
5	0	2156	314	-1675	0	-3	-9	3	1472	-8038
5	0	2156	314	-1675	0	-3	-9	3	1478	-8072
5	0	2156	314	-1675	0	-3	-9	3	1484	-8105
5	0	2131	332	-1780	0	-4	-9	3	1490	-8139
5	0	2131	332	-1780	0	-4	-9	3	1497	-8174
5	0	2131	332	-1780	0	-4	-9	3	1504	-8210
5	0	2107	345	-1850	0	-4	-9	3	1510	-8246
5	0	2107	345	-1850	0	-4	-9	3	1517	-8283
5	0	2107	345	-1850	0	-4	-9	3	1524	-8320
5	0	2107	345	-1850	0	-4	-9	3	1531	-8357
5	0	2082	385	-1942	0	-4	-8	3	1538	-8394
5	0	2082	385	-1942	0	-4	-8	3	1546	-8433
5	0	2082	385	-1942	0	-4	-8	3	1554	-8471
5	0	2049	461	-1948	0	-5	-7	3	1561	-8510
5	0	2049	461	-1948	0	-5	-7	3	1571	-8549
5	0	2049	461	-1948	0	-5	-7	3	1580	-8588
5	0	2011	563	-2109	0	-5	-4	3	1589	-8627
5	0	2011	563	-2109	0	-5	-4	3	1600	-8669
5	0	2011	563	-2109	0	-5	-4	3	1611	-8712
5	0	1976	723	-2123	0	-5	-1	3	1623	-8755
5	0	1976	723	-2123	0	-5	-1	3	1637	-8796
5	0	1976	723	-2123	0	-5	-1	3	1652	-8839
5	0	1976	723	-2123	0	-5	-1	3	1666	-8881
5	0	1937	758	-2070	0	-4	1	3	1680	-8924
5	0	1937	758	-2070	0	-4	1	3	1696	-8965
5	0	1937	758	-2070	0	-4	1	3	1711	-9006
5	0	1891	698	-1928	0	-2	4	3	1726	-9048
5	0	1891	698	-1928	0	-2	4	3	1740	-9086
5	0	1891	698	-1928	0	-2	4	3	1754	-9125
5	0	1851	722	-1826	0	0	8	3	1768	-9164
5	0	1851	722	-1826	0	0	8	3	1783	-9201
5	0	1851	722	-1826	0	0	8	3	1797	-9237
5	0	1804	736	-1714	0	3	11	3	1811	-9273
5	0	1804	736	-1714	0	3	11	3	1826	-9307
5	0	1804	736	-1714	0	3	11	3	1841	-9342
5	0	1804	736	-1714	0	3	11	3	1855	-9376
5	0	1752	731	-1598	0	8	15	4	1870	-9410
5	0	1752	731	-1598	0	8	15	4	1885	-9442
5	0	1752	731	-1598	0	8	15	4	1899	-9474
5	0	1697	699	-1465	0	14	19	6	1914	-9506
5	0	1697	699	-1465	0	14	19	6	1928	-9535
5	0	1697	699	-1465	0	14	19	6	1942	-9565
5	0	1636	607	-1299	0	17	22	6	1956	-9594
5	0	1636	607	-1299	0	17	22	6	1968	-9620
5	0	1636	607	-1299	0	17	22	6	1980	-9646
5	0	1564	-91	-319	0	17	23	6	1992	-9672
5	0	1564	-91	-319	0	17	23	6	1990	-9678
5	0	1564	-91	-319	0	17	23	6	1989	-9685
5	0	1564	-91	-319	0	17	23	6	1987	-9691
5	0	1482	-338	-90	0	13	21	3	1985	-9697
5	0	1482	-338	-90	0	13	21	3	1978	-9699
5	0	1482	-338	-90	0	13	21	3	1971	-9701
5	0	1389	-567	27	0	2	13	-1	1965	-9703
5	0	1389	-567	27	0	2	13	-1	1953	-9702
5	0	1389	-567	27	0	2	13	-1	1942	-9702
5	0	1295	-878	293	0	-11	4	-4	1931	-9701
5	0	1295	-878	293	0	-11	4	-4	1913	-9695
5	0	1295	-878	293	0	-11	4	-4	1895	-9689
5	0	1193	-1046	454	0	-22	0	-4	1878	-9684
5	0	1193	-1046	454	0	-22	0	-4	1857	-9674
5	0	1193	-1046	454	0	-22	0	-4	1836	-9665
5	0	1193	-1046	454	0	-22	0	-4	1815	-9656
5	0	1082	-1043	500	0	-30	-2	-4	1794	-9647
5	0	1082	-1043	500	0	-30	-2	-4	1773	-9637
5	0	1082	-1043	500	0	-30	-2	-4	1752	-9627
5	0	968	-939	302	0	-32	-1	-4	1732	-9617
5	0	968	-939	302	0	-32	-1	-4	1713	-9611
5	0	968	-939	302	0	-32	-1	-4	1694	-9605
5	0	842	-891	15	0	-30	1	-4	1675	-9599
5	0	842	-891	15	0	-30	1	-4	1657	-9599
5	0	842	-891	15	0	-30	1	-4	1640	-9598
5	0	705	-653	-51	0	-22	2	-3	1622	-9598
5	0	705	-653	-51	0	-22	2	-3	1609	-9599
5	0	705	-653	-51	0	-22	2	-3	1596	-9600
5	0	705	-653	-51	0	-22	2	-3	1583	-9601
5	0	557	-268	-16	0	-11	0	-2	1569	-9602
5	0	557	-268	-16	0	-11	0	-2	1564	-9603
5	0	557	-268	-16	0	-11	0	-2	1559	-9603
5	0	412	183	63	0	1	-1	-1	1554	-9603
5	0	412	183	63	0	1	-1	-1	1557	-9602
5	0	412	183	63	0	1	-1	-1	1561	-9601
5	0	294	375	144	0	9	-5	-2	1565	-9599
5	0	294	375	144	0	9	-5	-2	1572	-9596
5	0	294	375	144	0	9	-5	-2	1580	-9593
5	0	0	0	0	0	0	-2	-1	1587	-9591
5	0	0	0	0	0	0	-2	-1	1587	-9591
5	0	0	0	0	0	0	-2	-1	1587	-9591
5	0	0	0	0	0	0	-2	-1	1587	-9591
5	0	0	0	0	0	0	0	-2	1587	-9591
5	0	0	0	0	0	0	0	-2	1587	-9591
5	0	0	0	0	0	0	0	-2	1587	-9591
5	0	0	0	0	0	0	-2	-2	1587	-9591
5	0	0	0	0	0	0	-2	-2	1587	-9591
5	0	0	0	0	0	0	-2	-2	1587	-9591
5	0	0	0	0	0	-2	-2	-2	1587	-9591
5	0	0	0	0	0	-2	-2	-2	1587	-9591
5	0	0	0	0	0	-2	-2	-2	1587	-9591
5	0	0	0	0	0	-1	-1	-2	1587	-9591
5	0	0	0	0	0	-1	-1	-2	1587	-9591
5	0	0	0	0	0	-1	-1	-2	1587	-9591
5	0	0	0	0	0	-1	-1	-2	1587	-9591
5	0	0	0	0	0	-1	-1	-2	1587	-9591
5	0	0	0	0	0	-1	-1	-2	1587	-9591
5	0	0	0	0	0	-1	-1	-2	1587	-9591
5	0	0	0	0	0	-1	-1	-2	1587	-9591
5	0	0	0	0	0	-1	-1	-2	1587	-9591
5	0	0	0	0	0	-1	-1	-2	1587	-9591
5	0	0	0	0	0	-1	-1	-2	1587	-9591
5	0	0	0	0	0	-1	-1	-2	1587	-9591
5	0	0	0	0	0	-1	-1	-2	1587	-9591
5	0	0	0	0	0	-1	-1	-2	1587	-9591
5	0	0	0	0	0	-1	-1	-2	1587	-9591
5	0	0	0	0	0	-1	-1	-2	1587	-9591
5	0	0	0	0	0	-1	-1	-2	1587	-9591
5	0	0	0	0	0	-1	-1	-2	1587	-9591
5	0	0	0	0	0	-1	-1	-2	1587	-9591
5	0	0	0	0	0	-1	-1	-2	1587	-9591
5	0	0	0	0	0	-1	-1	-2	1587	-9591
5	0	0	0	0	0	-1	-1	-2	1587	-9591
5	0	0	0	0	0	-1	-1	-2	1587	-9591
5	0	0	0	0	0	-1	-1	-2	1587	-9591
5	0	0	0	0	0	-1	-1	-2	1587	-9591
5	0	0	0	0	0	-1	-1	-2	1587	-9591
5	0	0	0	0	0	-1	-1	-2	1587	-9591
5	0	0	0	0	0	-1	-1	-2	1587	-9591
5	0	0	0	0	0	-1	-1	-2	1587	-9591
5	0	0	0	0	0	-1	-1	-2	1587	-9591
5	0	0	0	0	0	-1	-1	-2	1587	-9591
5	0	0	0	0	0	-1	-1	-2	1587	-9591
5	0	0	0	0	0	-1	-1	-2	1587	-9591
5	0	0	0	0	0	-1	-1	-2	1587	-9591
5	0	0	0	0	0	-1	-1	-2	1587	-9591
5	0	0	0	0	0	-1	-1	-2	1587	-9591
5	0	0	0	0	0	-1	-1	-2	1587	-9591
5	0	0	0	0	0	-1	-1	-2	1587	-9591
5	0	0	0	0	0	-1	-1	-2	1587	-9591
5	0	0	0	0	0	-1	-1	-2	1587	-9591
5	0	0	0	0	0	-1	-1	-2	1587	-9591
5	0	0	0	0	0	-1	-1	-2	1587	-9591
5	0	0	0	0	0	-1	-1	-2	1587	-9591
5	0	0	0	0	0	-1	-1	-2	1587	-9591
5	0	0	0	0	0	-1	-1	-2	1587	-9591
5	0	0	0	0	0	-1	-1	-2	1587	-9591
5	0	0	0	0	0	-1	-1	-2	1587	-9591
5	0	0	0	0	0	-1	-1	-2	1587	-9591
5	0	0	0	0	0	-1	-1	-2	1587	-9591
5	0	0	0	0	0	-1	-1	-2	1587	-9591
5	0	0	0	0	0	-1	-1	-2	1587	-9591
5	0	0	0	0	0	-1	-1	-2	1587	-9591
5	0	0	0	0	0	-1	-1	-2	1587	-9591
5	0	0	0	0	0	-1	-1	-2	1587	-9591
5	0	0	0	0	0	-1	-1	-2	1587	-9591
5	0	0	0	0	0	-1	-1	-2	1587	-9591
5	0	0	0	0	0	-1	-1	-2	1587	-9591
5	0	0	0	0	0	-1	-1	-2	1587	-9591
5	0	0	0	0	0	-1	-1	-2	1587	-9591
5	0	0	0	0	0	-1	-1	-2	1587	-9591
5	0	0	0	0	0	-1	-1	-2	1587	-9591
5	0	0	0	0	0	-1	-1	-2	1587	-9591
5	0	0	0	0	0	-1	0	-2	1587	-9591
5	0	0	0	0	0	-1	0	-2	1587	-9591
5	0	0	0	0	0	-1	0	-2	1587	-9591
5	0	0	0	0	0	-1	0	-2	1587	-9591
5	0	0	0	0	0	-1	0	-2	1587	-9591
5	0	0	0	0	0	-1	0	-2	1587	-9591
5	0	0	0	0	0	-1	0	-2	1587	-9591
5	0	0	0	0	0	-1	0	-2	1587	-9591
5	0	0	0	0	0	-1	0	-2	1587	-9591
5	0	0	0	0	0	-1	0	-2	1587	-9591
5	0	0	0	0	0	-1	0	-2	1587	-9591
5	0	0	0	0	0	-1	0	-2	1587	-9591
5	0	0	0	0	0	-1	0	-2	1587	-9591
5	0	0	0	0	0	-1	0	-2	1587	-9591
5	0	0	0	0	0	-1	0	-2	1587	-9591
5	0	0	0	0	0	-1	0	-2	1587	-9591
5	0	0	0	0	0	-1	0	-2	1587	-9591
5	0	0	0	0	0	-1	0	-2	1587	-9591
5	0	0	0	0	0	-1	0	-2	1587	-9591
5	0	0	0	0	0	-1	0	-2	1587	-9591
5	0	0	0	0	0	-1	0	-2	1587	-9591
5	0	0	0	0	0	-1	0	-2	1587	-9591
5	0	0	0	0	0	-1	0	-2	1587	-9591
5	0	0	0	0	0	-1	0	-2	1587	-9591
5	0	0	0	0	0	-1	0	-2	1587	-9591
5	0	0	0	0	0	-1	0	-2	1587	-9591
5	0	0	0	0	0	-1	0	-2	1587	-9591
5	0	0	0	0	0	-1	0	-2	1587	-9591
5	0	0	0	0	0	-1	0	-2	1587	-9591
5	0	0	0	0	0	-1	0	-2	1587	-9591
5	0	0	0	0	0	-1	0	-2	1587	-9591
5	0	0	0	0	0	-1	0	-2	1587	-9591
5	0	0	0	0	0	-1	0	-2	1587	-9591
5	0	0	0	0	0	-1	0	-2	1587	-9591
5	0	0	0	0	0	-1	0	-2	1587	-9591
5	0	0	0	0	0	-1	0	-2	1587	-9591
5	0	0	0	0	0	-1	0	-2	1587	-9591
5	0	0	0	0	0	-1	0	-2	1587	-9591
5	0	0	0	0	0	-1	0	-2	1587	-9591
5	0	0	0	0	0	-1	0	-2	1587	-9591
5	0	0	0	0	0	-1	0	-2	1587	-9591
5	0	0	0	0	0	-1	0	-2	1587	-9591
5	0	0	0	0	0	-1	0	-2	1587	-9591
5	0	0	0	0	0	-1	0	-2	1587	-9591
5	0	0	0	0	0	-1	0	-2	1587	-9591
5	0	0	0	0	0	-1	0	-2	1587	-9591
5	0	0	0	0	0	-1	0	-2	1587	-9591
5	0	0	0	0	0	-1	0	-2	1587	-9591
5	0	0	0	0	0	-1	0	-2	1587	-9591
5	0	0	0	0	0	-1	0	-2	1587	-9591
5	0	0	0	0	0	-1	0	-2	1587	-9591
5	0	0	0	0	0	-1	0	-2	1587	-9591
5	0	0	0	0	0	-1	0	-2	1587	-9591
5	0	0	0	0	0	-1	0	-2	1587	-9591
5	0	0	0	0	0	-1	0	-2	1587	-9591
5	0	0	0	0	0	-1	0	-2	1587	-9591
5	0	0	0	0	0	-1	0	-2	1587	-9591
5	0	0	0	0	0	-1	0	-2	1587	-9591
5	0	0	0	0	0	-1	0	-2	1587	-9591
5	0	0	0	0	0	-1	0	-2	1587	-9591
5	0	0	0	0	0	-1	0	-2	1587	-9591
5	0	0	0	0	0	-1	0	-2	1587	-9591
5	0	0	0	0	0	-1	0	-2	1587	-9591
5	0	0	0	0	0	-1	0	-2	1587	-9591
5	0	0	0	0	0	-1	0	-2	1587	-9591
