bat	flyst.	alt	vx	vy	vz	theta	phi	psi	px	py
0	0	0	0	0	0	0	0	0	0	0
0	0	0	0	0	0	0	0	0	0	0
0	0	0	0	0	0	0	0	0	0	0
0	0	0	0	0	0	0	0	0	0	0
0	0	0	0	0	0	0	0	0	0	0
0	0	0	0	0	0	0	0	0	0	0
0	0	0	0	0	0	0	0	0	0	0
38	0	0	0	0	0	-1	-1	-17	0	0
38	0	0	0	0	0	-1	-1	-17	0	0
38	0	0	0	0	0	-1	-1	-17	0	0
38	0	0	0	0	0	-1	-1	-17	0	0
38	0	0	0	0	0	-1	-1	-17	0	0
38	0	0	0	0	0	-1	-1	-18	0	0
38	0	0	0	0	0	-1	-1	-18	0	0
38	0	0	0	0	0	-1	-1	-18	0	0
38	0	0	0	0	0	-1	-1	-18	0	0
38	0	0	0	0	0	-1	-1	-18	0	0
38	0	0	0	0	0	-1	-1	-18	0	0
38	0	0	0	0	0	-1	-1	-18	0	0
38	0	0	0	0	0	-1	-1	-18	0	0
38	0	0	0	0	0	-1	-1	-18	0	0
38	0	0	0	0	0	-1	-1	-18	0	0
38	0	0	0	0	0	-1	-1	-18	0	0
38	0	0	0	0	0	-1	-1	-18	0	0
38	0	0	0	0	0	-1	-1	-18	0	0
38	0	0	0	0	0	-1	-1	-18	0	0
38	0	0	0	0	0	-1	-1	-18	0	0
38	0	0	0	0	0	-1	-1	-18	0	0
38	0	0	0	0	0	-1	-1	-18	0	0
38	0	0	0	0	0	-1	-1	-18	0	0
38	0	0	0	0	0	-1	-1	-18	0	0
38	0	0	0	0	0	-1	-1	-18	0	0
38	0	0	0	0	0	-1	-1	-18	0	0
38	0	0	0	0	0	-1	-1	-18	0	0
38	0	0	0	0	0	-1	-1	-18	0	0
38	0	0	0	0	0	-1	-1	-18	0	0
38	0	0	0	0	0	-1	-1	-18	0	0
38	0	0	0	0	0	-2	0	-18	0	0
38	0	0	0	0	0	-2	0	-18	0	0
38	0	0	0	0	0	-2	0	-18	0	0
38	0	0	0	0	0	-2	0	-18	0	0
38	0	0	0	0	0	-2	0	-19	0	0
38	0	0	0	0	0	-2	0	-19	0	0
38	0	0	0	0	0	-2	0	-19	0	0
38	0	0	0	0	0	-2	0	-19	0	0
38	0	0	0	0	0	-2	0	-19	0	0
38	0	0	0	0	0	-2	0	-19	0	0
38	0	0	0	0	0	-2	0	-19	0	0
38	0	0	0	0	0	-2	0	-19	0	0
38	0	0	0	0	0	-2	0	-19	0	0
38	0	0	0	0	0	-2	0	-19	0	0
38	0	0	0	0	0	-2	0	-19	0	0
38	0	0	0	0	0	-2	0	-19	0	0
38	0	0	0	0	0	-2	0	-19	0	0
38	0	0	0	0	0	-2	0	-19	0	0
38	0	0	0	0	0	-2	0	-19	0	0
38	0	0	0	0	0	-2	0	-19	0	0
38	0	0	0	0	0	-2	0	-19	0	0
38	0	0	0	0	0	-2	0	-19	0	0
38	0	0	0	0	0	-2	0	-19	0	0
38	0	0	0	0	0	-2	0	-19	0	0
38	0	0	0	0	0	-2	0	-19	0	0
38	0	0	0	0	0	-2	0	-19	0	0
38	0	0	0	0	0	-2	0	-19	0	0
38	0	0	0	0	0	-2	0	-19	0	0
38	0	0	0	0	0	-2	0	-19	0	0
38	0	0	0	0	0	-2	0	-19	0	0
38	0	0	0	0	0	-2	0	-19	0	0
38	0	0	0	0	0	-2	0	-19	0	0
38	0	0	0	0	0	-2	0	-19	0	0
38	0	0	0	0	0	-2	0	-19	0	0
38	0	0	0	0	0	-2	0	-19	0	0
38	0	0	0	0	0	-2	0	-19	0	0
38	0	0	0	0	0	-2	0	-19	0	0
38	0	0	0	0	0	-2	0	-19	0	0
38	0	0	0	0	0	-2	0	-20	0	0
38	0	0	0	0	0	-2	0	-20	0	0
38	0	0	0	0	0	-2	0	-20	0	0
38	0	0	0	0	0	-2	0	-20	0	0
38	0	0	0	0	0	-2	0	-20	0	0
38	0	0	0	0	0	-2	0	-20	0	0
38	0	0	0	0	0	-2	0	-20	0	0
38	0	0	0	0	0	-2	0	-20	0	0
38	0	0	0	0	0	-2	0	-20	0	0
38	0	0	0	0	0	-2	0	-20	0	0
38	0	0	0	0	0	-2	0	-20	0	0
38	0	0	0	0	0	-2	0	-20	0	0
38	0	0	0	0	0	-2	0	-20	0	0
38	0	0	0	0	0	-2	0	-20	0	0
38	0	0	0	0	0	-2	0	-20	0	0
38	0	0	0	0	0	-2	0	-20	0	0
38	0	0	0	0	0	-2	0	-20	0	0
38	0	0	0	0	0	-2	0	-20	0	0
38	0	0	0	0	0	-2	0	-20	0	0
38	0	0	0	0	0	-2	0	-20	0	0
38	0	0	0	0	0	-2	0	-20	0	0
38	0	0	0	0	0	-2	0	-20	0	0
38	0	0	0	0	0	-2	0	-20	0	0
38	0	0	0	0	0	-2	0	-20	0	0
38	0	0	0	0	0	-2	0	-20	0	0
38	0	0	0	0	0	-2	0	-20	0	0
38	0	0	0	0	0	-2	0	-20	0	0
38	0	0	0	0	0	-2	0	-20	0	0
38	0	0	0	0	0	-2	0	-20	0	0
38	0	0	0	0	0	-2	0	-20	0	0
38	0	0	0	0	0	-2	0	-20	0	0
38	0	0	0	0	0	-2	0	-20	0	0
38	0	0	0	0	0	-2	0	-20	0	0
38	0	0	0	0	0	-2	0	-20	0	0
38	0	0	0	0	0	-2	0	-20	0	0
38	0	0	0	0	0	-2	0	-20	0	0
38	0	0	0	0	0	-2	0	-21	0	0
38	0	0	0	0	0	-2	0	-21	0	0
38	0	0	0	0	0	-2	0	-21	0	0
38	0	0	0	0	0	-2	0	-21	0	0
38	0	0	0	0	0	-2	0	-21	0	0
38	0	0	0	0	0	-2	0	-21	0	0
38	0	0	0	0	0	-2	0	-21	0	0
38	0	0	0	0	0	-1	0	-21	0	0
38	0	0	0	0	0	-1	0	-21	0	0
38	0	0	0	0	0	-1	0	-21	0	0
38	0	0	0	0	0	-1	0	-21	0	0
38	0	0	0	0	0	-1	0	-21	0	0
38	0	0	0	0	0	-1	0	-21	0	0
38	0	0	0	0	0	-1	0	-21	0	0
38	0	0	0	0	0	-1	0	-21	0	0
38	0	0	0	0	0	-1	0	-21	0	0
38	0	0	0	0	0	-1	0	-21	0	0
38	0	0	0	0	0	-1	0	-21	0	0
38	0	0	0	0	0	-1	0	-21	0	0
38	0	0	0	0	0	-1	0	-21	0	0
38	0	0	0	0	0	-1	0	-21	0	0
38	0	0	0	0	0	-1	0	-21	0	0
38	0	0	0	0	0	-1	0	-21	0	0
38	0	0	0	0	0	-1	0	-21	0	0
38	0	0	0	0	0	-1	0	-21	0	0
38	0	0	0	0	0	-1	0	-21	0	0
38	0	0	0	0	0	-1	0	-21	0	0
38	0	0	0	0	0	-1	0	-21	0	0
38	0	0	0	0	0	-1	0	-21	0	0
38	0	0	0	0	0	-1	0	-21	0	0
38	0	0	0	0	0	-1	0	-21	0	0
38	0	0	0	0	0	-1	0	-21	0	0
38	0	0	0	0	0	-1	0	-21	0	0
38	0	0	0	0	0	-1	0	-21	0	0
38	0	0	0	0	0	-1	0	-21	0	0
38	0	0	0	0	0	-1	0	-21	0	0
38	0	0	0	0	0	-1	0	-22	0	0
38	0	0	0	0	0	-1	0	-22	0	0
38	0	0	0	0	0	-1	0	-22	0	0
38	0	0	0	0	0	-1	0	-22	0	0
38	0	0	0	0	0	-1	0	-22	0	0
38	0	0	0	0	0	-1	0	-22	0	0
38	0	0	0	0	0	-1	0	-22	0	0
38	0	0	0	0	0	-1	0	-22	0	0
38	0	0	0	0	0	-1	0	-22	0	0
38	0	0	0	0	0	-1	0	-22	0	0
38	0	0	0	0	0	-1	0	-22	0	0
38	0	0	0	0	0	-1	0	-22	0	0
38	0	0	0	0	0	-1	0	-22	0	0
38	0	0	0	0	0	-1	0	-22	0	0
38	0	0	0	0	0	-1	0	-22	0	0
38	0	0	0	0	0	-1	0	-22	0	0
38	0	0	0	0	0	-1	0	-22	0	0
38	0	0	0	0	0	-1	0	-22	0	0
38	0	0	0	0	0	-1	0	-22	0	0
38	0	0	0	0	0	-1	0	-22	0	0
38	0	0	0	0	0	-1	0	-22	0	0
38	0	0	0	0	0	-1	0	-22	0	0
38	0	0	0	0	0	-1	0	-22	0	0
38	0	0	0	0	0	-1	0	-22	0	0
38	0	0	0	0	0	-1	0	-22	0	0
38	0	0	0	0	0	-1	0	-22	0	0
38	0	0	0	0	0	-1	0	-22	0	0
38	0	0	0	0	0	-1	0	-22	0	0
38	0	0	0	0	0	-1	0	-22	0	0
38	0	0	0	0	0	-1	0	-22	0	0
38	0	0	0	0	0	-1	0	-22	0	0
38	0	0	0	0	0	-1	0	-22	0	0
38	0	0	0	0	0	-1	0	-22	0	0
38	0	0	0	0	0	-1	0	-22	0	0
38	0	0	0	0	0	-1	0	-22	0	0
38	0	0	0	0	0	-1	0	-22	0	0
38	0	0	0	0	0	-1	0	-23	0	0
38	0	0	0	0	0	-1	0	-23	0	0
38	0	0	0	0	0	-1	0	-23	0	0
38	0	0	0	0	0	-1	0	-23	0	0
38	0	0	0	0	0	-1	0	-23	0	0
38	0	0	0	0	0	-1	0	-23	0	0
38	0	0	0	0	0	-1	0	-23	0	0
38	0	0	0	0	0	-1	0	-23	0	0
38	0	0	0	0	0	-1	0	-23	0	0
38	0	0	0	0	0	-1	0	-23	0	0
38	0	0	0	0	0	-1	0	-23	0	0
38	0	0	0	0	0	-1	0	-23	0	0
38	0	0	0	0	0	-1	0	-23	0	0
38	0	0	0	0	0	-1	0	-23	0	0
38	0	0	0	0	0	-1	0	-23	0	0
38	0	0	0	0	0	-1	0	-23	0	0
38	0	0	0	0	0	-1	0	-23	0	0
38	0	0	0	0	0	-1	0	-23	0	0
38	0	0	0	0	0	-1	0	-23	0	0
38	0	0	0	0	0	-1	0	-23	0	0
38	0	0	0	0	0	-1	0	-23	0	0
38	0	0	0	0	0	-1	0	-23	0	0
38	0	0	0	0	0	-1	0	-23	0	0
38	0	0	0	0	0	-1	0	-23	0	0
38	0	0	0	0	0	-1	0	-23	0	0
38	0	0	0	0	0	-1	0	-23	0	0
38	0	0	0	0	0	-1	0	-23	0	0
38	0	0	0	0	0	-1	0	-23	0	0
38	0	0	0	0	0	-1	0	-23	0	0
38	0	0	0	0	0	-1	0	-23	0	0
38	0	0	0	0	0	-1	0	-23	0	0
38	0	0	0	0	0	-1	0	-23	0	0
38	0	0	0	0	0	-1	0	-23	0	0
38	0	0	0	0	0	-1	0	-23	0	0
38	0	0	0	0	0	-1	0	-23	0	0
38	0	0	0	0	0	-1	0	-23	0	0
38	0	0	0	0	0	-1	0	-24	0	0
38	0	0	0	0	0	-1	0	-24	0	0
38	0	0	0	0	0	-1	0	-24	0	0
38	0	0	0	0	0	-1	0	-24	0	0
38	0	0	0	0	0	-1	0	-24	0	0
38	0	0	0	0	0	-1	0	-24	0	0
38	0	0	0	0	0	-1	0	-24	0	0
38	0	0	0	0	0	-1	0	-24	0	0
38	0	0	0	0	0	-1	0	-24	0	0
38	0	0	0	0	0	-1	0	-24	0	0
38	0	0	0	0	0	-1	0	-24	0	0
38	0	0	0	0	0	-1	0	-24	0	0
38	0	0	0	0	0	-1	0	-24	0	0
38	0	0	0	0	0	-1	0	-24	0	0
38	0	0	0	0	0	-1	0	-24	0	0
38	0	0	0	0	0	-1	0	-24	0	0
38	0	0	0	0	0	-1	0	-24	0	0
38	0	0	0	0	0	-1	0	-24	0	0
38	0	0	0	0	0	-1	0	-24	0	0
38	0	0	0	0	0	-1	0	-24	0	0
38	0	0	0	0	0	-1	0	-24	0	0
38	0	0	0	0	0	-1	0	-24	0	0
38	0	0	0	0	0	-1	0	-24	0	0
38	0	0	0	0	0	-1	0	-24	0	0
38	0	0	0	0	0	-1	0	-24	0	0
38	0	0	0	0	0	-1	0	-24	0	0
38	0	0	0	0	0	-1	-1	-24	0	0
38	0	0	0	0	0	-1	-1	-24	0	0
38	0	0	0	0	0	-1	-1	-24	0	0
38	0	0	0	0	0	-1	-1	-24	0	0
38	0	0	0	0	0	-1	-1	-24	0	0
38	0	0	0	0	0	-1	-1	-24	0	0
38	0	0	0	0	0	-1	-1	-24	0	0
38	0	0	0	0	0	-1	-1	-24	0	0
38	0	0	0	0	0	-1	-1	-24	0	0
38	0	0	0	0	0	-1	-1	-25	0	0
38	0	0	0	0	0	-1	-1	-25	0	0
38	0	0	0	0	0	-1	-1	-25	0	0
38	0	0	0	0	0	-1	-1	-25	0	0
38	0	0	0	0	0	-1	-1	-25	0	0
38	0	0	0	0	0	-1	-1	-25	0	0
38	0	0	0	0	0	-1	-1	-25	0	0
38	0	0	0	0	0	-1	-1	-25	0	0
38	0	0	0	0	0	-1	-1	-25	0	0
38	0	0	0	0	0	-1	-1	-25	0	0
38	0	0	0	0	0	-1	-1	-25	0	0
38	0	0	0	0	0	-1	-1	-25	0	0
38	0	0	0	0	0	-1	-1	-25	0	0
38	0	0	0	0	0	-1	-1	-25	0	0
38	0	0	0	0	0	-1	-1	-25	0	0
38	0	0	0	0	0	-1	-1	-25	0	0
38	0	0	0	0	0	-1	-1	-25	0	0
38	0	0	0	0	0	-1	-1	-25	0	0
38	0	0	0	0	0	-1	-1	-25	0	0
38	0	0	0	0	0	-1	-1	-25	0	0
38	0	0	0	0	0	-1	-1	-25	0	0
38	0	0	0	0	0	-1	-1	-25	0	0
38	0	0	0	0	0	-1	-1	-25	0	0
38	0	0	0	0	0	-1	-1	-25	0	0
38	0	0	0	0	0	-1	-1	-25	0	0
38	0	0	0	0	0	-1	-1	-25	0	0
38	0	0	0	0	0	-1	-1	-25	0	0
38	0	0	0	0	0	-1	-1	-25	0	0
38	0	0	0	0	0	-1	-1	-25	0	0
38	0	0	0	0	0	-1	-1	-25	0	0
38	0	0	0	0	0	-1	-1	-25	0	0
38	0	0	0	0	0	-1	-1	-25	0	0
38	0	0	0	0	0	-1	-1	-25	0	0
38	0	0	0	0	0	-1	-1	-25	0	0
38	0	0	0	0	0	-1	-1	-25	0	0
38	0	0	0	0	0	-1	-1	-25	0	0
38	0	0	0	0	0	-1	-1	-26	0	0
38	0	0	0	0	0	-1	-1	-26	0	0
38	0	0	0	0	0	-1	-1	-26	0	0
38	0	0	0	0	0	-1	-1	-26	0	0
38	0	0	0	0	0	-1	-1	-26	0	0
38	0	0	0	0	0	-1	-1	-26	0	0
38	0	0	0	0	0	-1	-1	-26	0	0
38	0	0	0	0	0	-1	-1	-26	0	0
38	0	0	0	0	0	-1	-1	-26	0	0
38	0	0	0	0	0	-1	-1	-26	0	0
38	0	0	0	0	0	-1	-1	-26	0	0
38	0	0	0	0	0	-1	-1	-26	0	0
38	0	0	0	0	0	-1	-1	-26	0	0
38	0	0	0	0	0	-1	-1	-26	0	0
38	0	0	0	0	0	-1	-1	-26	0	0
38	0	0	0	0	0	-1	-1	-26	0	0
38	0	0	0	0	0	-1	-1	-26	0	0
38	0	0	0	0	0	-1	-1	-26	0	0
38	0	0	0	0	0	-1	-1	-26	0	0
38	0	0	0	0	0	-1	-1	-26	0	0
38	0	0	0	0	0	-1	-1	-26	0	0
38	0	0	0	0	0	-1	-1	-26	0	0
38	0	0	0	0	0	-1	-1	-26	0	0
38	0	0	0	0	0	-1	-1	-26	0	0
38	0	0	0	0	0	-1	-1	-26	0	0
38	0	0	0	0	0	-1	-1	-26	0	0
38	0	0	0	0	0	-1	-1	-26	0	0
38	0	0	0	0	0	-1	-1	-26	0	0
38	0	0	0	0	0	-1	-1	-26	0	0
38	0	0	0	0	0	-1	-1	-26	0	0
38	0	0	0	0	0	-1	-1	-26	0	0
38	0	0	0	0	0	-1	-1	-26	0	0
38	0	0	0	0	0	-1	-1	-26	0	0
38	0	0	0	0	0	-1	-1	-27	0	0
38	0	0	0	0	0	-1	-1	-27	0	0
38	0	0	0	0	0	-1	-1	-27	0	0
38	0	0	0	0	0	-1	-1	-27	0	0
38	0	0	0	0	0	-1	-1	-27	0	0
38	0	0	0	0	0	-1	-1	-27	0	0
38	0	0	0	0	0	-1	-1	-27	0	0
38	0	0	0	0	0	-1	-1	-27	0	0
38	0	0	0	0	0	-1	-1	-27	0	0
38	0	0	0	0	0	-1	-1	-27	0	0
38	0	0	0	0	0	-1	-1	-27	0	0
38	0	0	0	0	0	-1	-1	-27	0	0
38	0	0	0	0	0	-1	-1	-27	0	0
38	0	0	0	0	0	-1	-1	-27	0	0
38	0	0	0	0	0	-1	-1	-27	0	0
38	0	0	0	0	0	-1	-1	-27	0	0
38	0	0	0	0	0	-1	-1	-27	0	0
38	0	0	0	0	0	-1	-1	-27	0	0
38	0	0	0	0	0	-1	-1	-27	0	0
38	0	0	0	0	0	-1	-1	-27	0	0
38	0	0	0	0	0	-1	-1	-27	0	0
38	0	0	0	0	0	-1	-1	-27	0	0
38	0	0	0	0	0	-1	-1	-27	0	0
38	0	0	0	0	0	-1	-1	-27	0	0
38	0	0	0	0	0	-1	-1	-27	0	0
38	0	0	0	0	0	-1	-1	-27	0	0
38	0	0	0	0	0	-1	-1	-27	0	0
38	0	0	0	0	0	-1	-1	-27	0	0
38	0	0	0	0	0	-1	-1	-27	0	0
38	0	0	0	0	0	-1	-1	-27	0	0
38	0	0	0	0	0	-1	-1	-27	0	0
38	0	0	0	0	0	-1	-1	-27	0	0
38	0	0	0	0	0	-1	-1	-27	0	0
38	0	0	0	0	0	-1	-1	-27	0	0
38	0	0	0	0	0	-1	-1	-27	0	0
38	0	0	0	0	0	-1	-1	-27	0	0
38	0	0	0	0	0	-1	-1	-28	0	0
38	0	0	0	0	0	-1	-1	-28	0	0
38	0	0	0	0	0	-1	-1	-28	0	0
38	0	0	0	0	0	-1	-1	-28	0	0
38	0	0	0	0	0	-1	-1	-28	0	0
38	0	0	0	0	0	-1	-1	-28	0	0
38	0	0	0	0	0	-1	-1	-28	0	0
38	0	0	0	0	0	-1	-1	-28	0	0
38	0	0	0	0	0	-1	-1	-28	0	0
38	0	0	0	0	0	-1	-1	-28	0	0
38	0	0	0	0	0	-1	-1	-28	0	0
38	0	0	0	0	0	-1	-1	-28	0	0
38	0	0	0	0	0	-1	-1	-28	0	0
38	0	0	0	0	0	-1	-1	-28	0	0
38	0	0	0	0	0	-1	-1	-28	0	0
38	0	0	0	0	0	-1	-1	-28	0	0
38	0	0	0	0	0	-1	-1	-28	0	0
38	0	0	0	0	0	-1	-1	-28	0	0
38	0	0	0	0	0	-1	-1	-28	0	0
38	0	0	0	0	0	-1	-1	-28	0	0
38	0	0	0	0	0	-1	-1	-28	0	0
38	0	0	0	0	0	-1	-1	-28	0	0
38	0	0	0	0	0	-1	-1	-28	0	0
38	0	0	0	0	0	-1	-1	-28	0	0
38	0	0	0	0	0	-1	-1	-28	0	0
38	0	0	0	0	0	-1	-1	-28	0	0
38	0	0	0	0	0	-1	-1	-28	0	0
38	0	0	0	0	0	-1	-1	-28	0	0
38	0	0	0	0	0	-1	-1	-28	0	0
38	0	0	0	0	0	-1	-1	-28	0	0
38	0	0	0	0	0	-1	-1	-28	0	0
38	0	0	0	0	0	-1	-1	-28	0	0
38	0	0	0	0	0	-1	-1	-28	0	0
38	0	0	0	0	0	-1	-1	-28	0	0
38	0	0	0	0	0	-1	-1	-28	0	0
38	0	0	0	0	0	-1	-1	-29	0	0
38	0	0	0	0	0	-1	-1	-29	0	0
38	0	0	0	0	0	-1	-1	-29	0	0
38	0	0	0	0	0	-1	-1	-29	0	0
38	0	0	0	0	0	-1	-1	-29	0	0
38	0	0	0	0	0	-1	-1	-29	0	0
38	0	0	0	0	0	-1	-1	-29	0	0
38	0	0	0	0	0	-1	-1	-29	0	0
38	0	0	0	0	0	-1	-1	-29	0	0
38	0	0	0	0	0	-1	-1	-29	0	0
38	0	0	0	0	0	-1	-1	-29	0	0
38	0	0	0	0	0	-1	-1	-29	0	0
38	0	0	0	0	0	-1	-1	-29	0	0
38	0	0	0	0	0	-1	-1	-29	0	0
38	0	0	0	0	0	-1	-1	-29	0	0
38	0	0	0	0	0	-1	-1	-29	0	0
38	0	0	0	0	0	-1	-1	-29	0	0
38	0	0	0	0	0	-1	-1	-29	0	0
38	0	0	0	0	0	-1	-1	-29	0	0
38	0	0	0	0	0	-1	-1	-29	0	0
38	0	0	0	0	0	-1	-1	-29	0	0
38	0	0	0	0	0	-1	-1	-29	0	0
38	0	0	0	0	0	-1	-1	-29	0	0
38	0	0	0	0	0	-1	-1	-29	0	0
38	0	0	0	0	0	-1	-1	-29	0	0
38	0	0	0	0	0	-1	-1	-29	0	0
38	0	0	0	0	0	-1	-1	-29	0	0
38	0	0	0	0	0	-1	-1	-29	0	0
38	0	0	0	0	0	-1	-1	-29	0	0
38	0	0	0	0	0	-1	-1	-29	0	0
38	0	0	0	0	0	-1	-1	-29	0	0
38	0	0	0	0	0	-1	-1	-29	0	0
38	0	0	0	0	0	-1	-1	-29	0	0
38	0	0	0	0	0	-1	-1	-29	0	0
38	0	0	0	0	0	-1	-1	-29	0	0
38	0	0	0	0	0	-1	-1	-29	0	0
0	0	0	0	0	0	0	0	0	0	0
0	0	0	0	0	0	0	0	0	0	0
38	0	0	0	-1	0	0	0	-30	0	0
38	0	0	0	-1	0	0	0	-30	0	0
38	0	0	0	-1	0	0	0	-30	0	0
38	0	0	0	0	0	0	0	-30	0	0
38	0	0	0	0	0	0	0	-30	0	0
38	0	0	0	0	0	0	0	-30	0	0
38	0	0	0	0	0	0	0	-30	0	0
38	0	0	0	0	0	0	0	-30	0	0
38	0	0	0	0	0	0	0	-30	0	0
38	0	0	0	0	0	0	0	-30	0	0
38	0	0	0	0	0	0	0	-30	0	0
38	0	0	0	0	0	0	0	-30	0	0
38	0	0	0	0	0	0	0	-30	0	0
38	0	0	0	0	0	0	0	-30	0	0
38	0	0	0	0	0	0	0	-30	0	0
38	0	0	0	0	0	0	0	-30	0	0
38	0	0	0	0	0	0	0	-30	0	0
38	0	0	0	0	0	0	0	-30	0	0
38	0	0	0	0	0	0	0	-30	0	0
38	0	0	0	0	0	0	0	-30	0	0
38	0	0	0	0	0	0	0	-30	0	0
38	0	0	0	0	0	0	0	-30	0	0
38	0	0	0	0	0	0	0	-30	0	0
38	0	0	0	0	0	0	0	-30	0	0
38	0	0	0	0	0	0	0	-30	0	0
38	0	0	0	0	0	0	0	-30	0	0
38	0	0	1	0	0	0	0	-30	0	0
38	0	0	1	0	0	0	0	-30	0	0
38	0	0	1	0	0	0	0	-30	0	0
38	0	0	1	0	0	0	0	-30	0	0
38	0	0	1	0	0	0	0	-30	0	0
38	0	0	1	0	0	0	0	-30	0	0
38	0	0	0	0	0	0	0	-30	0	0
38	0	0	0	0	0	0	0	-30	0	0
38	0	0	0	0	0	0	0	-30	0	0
38	0	0	0	0	0	0	0	-30	0	0
38	0	0	0	0	0	0	0	-30	0	0
38	0	0	0	0	0	0	0	-30	0	0
38	0	0	0	0	0	0	0	-30	0	0
38	0	0	0	0	0	0	0	-30	0	0
38	0	0	0	0	0	0	0	-30	0	0
38	0	0	0	0	0	0	0	-30	0	0
38	0	0	0	0	0	0	0	-30	0	0
38	0	0	0	0	0	0	0	-30	0	0
38	0	0	0	0	0	0	0	-30	0	0
38	0	0	0	0	0	0	0	-30	0	0
38	0	0	0	0	0	0	0	-30	0	0
38	0	0	0	0	0	0	0	-30	0	0
38	0	0	0	0	0	0	0	-30	0	0
38	0	0	0	0	0	0	0	-30	0	0
38	0	0	0	0	0	0	0	-30	0	0
38	0	0	0	0	0	0	0	-30	0	0
38	0	0	0	0	0	0	0	-30	0	0
38	0	0	0	0	0	0	0	-30	0	0
38	0	0	0	0	0	0	0	-30	0	0
38	0	0	0	-1	0	0	0	-30	0	0
38	0	0	0	-1	0	0	0	-30	0	0
38	0	0	0	-1	0	0	0	-30	0	0
38	0	0	0	0	0	0	0	-30	0	0
38	0	0	0	0	0	0	0	-30	0	0
38	0	0	0	0	0	0	0	-30	0	0
38	0	0	0	0	0	0	0	-30	0	0
38	0	0	0	0	0	0	0	-30	0	0
38	0	0	0	0	0	0	0	-30	0	0
38	0	0	0	0	0	0	0	-30	0	0
38	0	0	0	0	0	0	0	-30	0	0
38	0	0	0	0	0	0	0	-30	0	0
38	0	0	0	0	0	0	0	-30	0	0
38	0	0	0	0	0	0	0	-30	0	0
38	0	0	0	0	0	0	0	-30	0	0
38	0	0	0	0	0	0	0	-30	0	0
38	0	0	0	0	0	0	0	-30	0	0
38	0	0	0	0	0	0	0	-30	0	0
38	0	0	0	0	0	0	0	-30	0	0
38	0	0	0	-1	0	0	0	-30	0	0
38	0	0	0	-1	0	0	0	-30	0	0
38	0	0	0	-1	0	0	0	-30	0	0
38	0	0	0	-1	0	0	0	-30	0	0
38	0	0	0	0	0	0	0	-30	0	0
38	0	0	0	0	0	0	0	-30	0	0
38	0	0	0	0	0	0	0	-30	0	0
38	0	0	0	-1	0	0	0	-30	0	0
38	0	0	0	-1	0	0	0	-30	0	0
38	0	0	0	-1	0	0	0	-30	0	0
38	0	0	1	-1	0	0	0	-29	0	0
38	0	0	1	-1	0	0	0	-29	0	0
38	0	0	1	-1	0	0	0	-29	0	0
38	0	0	0	-1	0	0	0	-29	0	0
38	0	0	0	-1	0	0	0	-29	0	0
38	0	0	0	-1	0	0	0	-29	0	0
38	0	0	0	-1	0	0	0	-29	0	0
38	0	0	0	-1	0	0	0	-29	0	0
38	0	0	0	-1	0	0	0	-29	0	0
38	0	0	0	-1	0	0	0	-29	0	0
38	0	0	0	0	0	0	0	-29	0	0
38	0	0	0	0	0	0	0	-29	0	0
38	0	0	0	0	0	0	0	-29	0	0
38	0	0	0	-1	0	0	0	-28	0	0
38	0	0	0	-1	0	0	0	-28	0	0
38	0	0	0	-1	0	0	0	-28	0	0
38	0	0	1	-1	0	0	0	-28	0	0
38	0	0	1	-1	0	0	0	-28	0	-1
38	0	0	1	-1	0	0	0	-28	0	-1
38	0	0	1	-1	0	0	0	-28	0	-1
38	0	0	-1	0	0	0	0	-28	0	-1
38	0	0	-1	0	0	0	0	-28	0	-1
38	0	0	-1	0	0	0	0	-28	0	-1
38	0	0	-1	-1	0	0	0	-27	0	-1
38	0	0	-1	-1	0	0	0	-27	0	-1
38	0	0	-1	-1	0	0	0	-27	0	-1
38	0	0	0	-1	0	0	0	-26	0	-1
38	0	0	0	-1	0	0	0	-26	0	-1
38	0	0	0	-1	0	0	0	-26	0	-1
38	0	0	0	0	0	0	0	-24	0	-1
38	0	0	0	0	0	0	0	-24	0	-1
38	0	0	0	0	0	0	0	-24	0	-1
38	0	0	0	0	0	0	0	-24	0	-1
38	0	0	-1	-1	0	0	0	-22	0	-1
38	0	0	-1	-1	0	0	0	-22	0	-1
38	0	0	-1	-1	0	0	0	-22	0	-1
38	0	0	-2	0	0	0	0	-20	0	-1
38	0	0	-2	0	0	0	0	-20	0	-1
38	0	0	-2	0	0	0	0	-20	0	-1
38	0	0	-3	-4	0	0	0	-17	0	-1
38	0	0	-3	-4	0	0	0	-17	0	-1
38	0	0	-3	-4	0	0	0	-17	0	-1
38	0	0	-6	-2	0	0	0	-14	0	-1
38	0	0	-6	-2	0	0	0	-14	0	-1
38	0	0	-6	-2	0	0	0	-14	0	-1
38	0	0	-7	-3	0	0	-1	-11	0	-1
38	0	0	-7	-3	0	0	-1	-11	0	-1
38	0	0	-7	-3	0	0	-1	-11	0	-1
38	0	0	-7	-3	0	0	-1	-11	0	-2
38	0	0	-9	-3	0	0	0	-7	0	-2
38	0	0	-9	-3	0	0	0	-7	-1	-2
38	0	0	-9	-3	0	0	0	-7	-1	-2
38	0	0	-11	-4	0	1	0	-3	-1	-2
38	0	0	-11	-4	0	1	0	-3	-1	-2
38	0	0	-11	-4	0	1	0	-3	-2	-2
38	0	0	-11	-3	0	1	0	0	-2	-2
38	0	0	-11	-3	0	1	0	0	-2	-2
38	0	0	-11	-3	0	1	0	0	-2	-2
38	0	0	-11	-3	0	1	0	0	-2	-2
38	0	0	-36	0	0	1	0	1	-3	-2
38	0	0	-36	0	0	1	0	1	-3	-2
38	0	0	-36	0	0	1	0	1	-4	-2
38	0	0	-25	3	0	1	1	2	-5	-2
38	0	0	-25	3	0	1	1	2	-5	-2
38	0	0	-25	3	0	1	1	2	-6	-2
38	0	0	-11	4	0	1	1	3	-6	-2
38	0	0	-11	4	0	1	1	3	-7	-2
38	0	0	-11	4	0	1	1	3	-7	-2
38	0	0	-9	8	0	0	1	3	-7	-2
38	0	0	-9	8	0	0	1	3	-7	-2
38	0	0	-9	8	0	0	1	3	-8	-1
38	0	0	-9	8	0	0	1	3	-8	-1
38	0	0	-7	14	0	0	2	3	-8	-1
38	0	0	-7	14	0	0	2	3	-8	-1
38	0	0	-7	14	0	0	2	3	-8	-1
38	0	0	-4	17	0	0	2	4	-8	0
38	0	0	-4	17	0	0	2	4	-8	0
38	0	0	-4	17	0	0	2	4	-9	0
38	0	0	-1	19	0	0	2	4	-9	0
38	0	0	-1	19	0	0	2	4	-9	0
38	0	0	-1	19	0	0	2	4	-9	1
38	0	0	4	22	0	0	3	3	-9	1
38	0	0	4	22	0	0	3	3	-9	1
38	0	0	4	22	0	0	3	3	-9	2
38	0	0	4	22	0	0	3	3	-8	2
38	0	0	5	21	0	0	3	3	-8	3
38	0	0	5	21	0	0	3	3	-8	3
38	0	0	5	21	0	0	3	3	-8	4
38	0	0	4	22	0	0	3	3	-8	4
38	0	0	4	22	0	0	3	3	-8	5
38	0	0	4	22	0	0	3	3	-8	5
38	0	0	3	21	0	0	2	3	-8	5
38	0	0	3	21	0	0	2	3	-8	6
38	0	0	3	21	0	0	2	3	-8	6
38	0	0	4	18	0	0	1	3	-8	7
38	0	0	4	18	0	0	1	3	-7	7
38	0	0	4	18	0	0	1	3	-7	7
38	0	0	4	18	0	0	1	3	-7	8
38	0	0	2	4	0	0	0	3	-7	8
38	0	0	2	4	0	0	0	3	-7	8
38	0	0	2	4	0	0	0	3	-7	8
38	0	0	1	-19	0	0	-3	2	-7	9
38	0	0	1	-19	0	0	-3	2	-7	8
38	0	0	1	-19	0	0	-3	2	-7	8
38	0	0	-2	-49	0	0	-5	2	-7	7
38	0	0	-2	-49	0	0	-5	2	-7	6
38	0	0	-2	-49	0	0	-5	2	-7	5
38	0	0	-2	-49	0	0	-6	2	-7	4
38	0	0	4	-108	0	0	-6	2	-7	3
38	0	0	4	-108	0	0	-6	2	-7	1
38	0	0	4	-108	0	0	-6	2	-7	0
38	0	241	23	-225	0	0	-7	35	-7	-2
38	0	241	23	-225	0	0	-7	35	-6	-7
38	0	241	23	-225	0	0	-7	35	-6	-11
38	0	260	53	-242	0	-1	-7	35	-6	-16
38	0	260	53	-242	0	-1	-7	35	-4	-20
38	0	260	53	-242	0	-1	-7	35	-3	-25
36	0	247	-20	-215	0	-1	-5	34	-2	-30
36	0	247	-20	-215	0	-1	-5	34	-3	-34
36	0	247	-20	-215	0	-1	-5	34	-3	-39
36	0	281	-14	-265	0	-1	-3	33	-4	-43
36	0	281	-14	-265	0	-1	-3	33	-4	-48
36	0	281	-14	-265	0	-1	-3	33	-4	-54
36	0	281	-14	-265	0	-1	-3	33	-4	-59
36	0	272	-124	-235	0	0	0	32	-5	-64
36	0	272	-124	-235	0	0	0	32	-7	-69
36	0	272	-124	-235	0	0	0	32	-10	-74
36	0	289	-167	-157	0	0	2	31	-12	-78
36	0	289	-167	-157	0	0	2	31	-16	-82
36	0	289	-167	-157	0	0	2	31	-19	-85
36	0	289	-167	-157	0	0	2	31	-22	-88
36	0	328	-166	-81	0	0	4	29	-26	-91
36	0	328	-166	-81	0	0	4	29	-29	-93
36	0	328	-166	-81	0	0	4	29	-32	-94
36	0	361	-177	-3	0	0	5	27	-36	-96
36	0	361	-177	-3	0	0	5	27	-39	-96
36	0	361	-177	-3	0	0	5	27	-43	-96
36	0	400	-185	72	0	0	5	25	-46	-96
36	0	400	-185	72	0	0	5	25	-50	-95
36	0	400	-185	72	0	0	5	25	-54	-93
36	0	452	-97	71	0	0	4	24	-57	-92
36	0	452	-97	71	0	0	4	24	-59	-90
36	0	452	-97	71	0	0	4	24	-61	-89
36	0	452	-97	71	0	0	4	24	-63	-88
36	0	487	-90	45	0	0	0	23	-65	-86
36	0	487	-90	45	0	0	0	23	-67	-85
36	0	487	-90	45	0	0	0	23	-69	-84
36	0	515	-86	-1	0	0	-2	22	-71	-83
36	0	515	-86	-1	0	0	-2	22	-72	-83
36	0	515	-86	-1	0	0	-2	22	-74	-83
36	0	548	-82	-66	0	0	-4	22	-76	-83
36	0	548	-82	-66	0	0	-4	22	-77	-85
36	0	548	-82	-66	0	0	-4	22	-79	-86
36	0	562	-79	-129	0	0	-6	21	-81	-87
36	0	562	-79	-129	0	0	-6	21	-82	-90
36	0	562	-79	-129	0	0	-6	21	-84	-93
36	0	579	-77	-205	0	0	-7	21	-86	-95
36	0	579	-77	-205	0	0	-7	21	-87	-99
36	0	579	-77	-205	0	0	-7	21	-89	-104
36	0	583	-76	-277	0	0	-8	21	-90	-108
36	0	583	-76	-277	0	0	-8	21	-92	-113
36	0	583	-76	-277	0	0	-8	21	-93	-119
36	0	583	-76	-277	0	0	-8	21	-95	-125
36	0	590	-70	-355	0	0	-8	20	-96	-130
36	0	590	-70	-355	0	0	-8	20	-98	-137
36	0	590	-70	-355	0	0	-8	20	-99	-144
36	0	601	-61	-427	0	0	-7	18	-101	-151
36	0	601	-61	-427	0	0	-7	18	-102	-160
36	0	601	-61	-427	0	0	-7	18	-103	-168
36	0	616	-53	-465	0	1	-4	14	-104	-177
36	0	616	-53	-465	0	1	-4	14	-105	-186
36	0	616	-53	-465	0	1	-4	14	-106	-195
36	0	616	-53	-465	0	1	-4	14	-107	-205
36	0	620	-41	-468	0	1	-2	11	-109	-214
36	0	620	-41	-468	0	1	-2	11	-109	-223
36	0	620	-41	-468	0	1	-2	11	-110	-233
36	0	629	-18	-454	0	0	0	7	-111	-242
36	0	629	-18	-454	0	0	0	7	-111	-251
36	0	629	-18	-454	0	0	0	7	-112	-260
36	0	636	7	-422	0	0	1	3	-112	-269
36	0	636	7	-422	0	0	1	3	-112	-278
36	0	636	7	-422	0	0	1	3	-112	-286
36	0	645	27	-377	0	0	2	0	-112	-295
36	0	645	27	-377	0	0	2	0	-111	-303
36	0	645	27	-377	0	0	2	0	-111	-310
36	0	645	27	-377	0	0	2	0	-110	-317
36	0	651	40	-318	0	0	4	-2	-110	-325
36	0	651	40	-318	0	0	4	-2	-109	-331
36	0	651	40	-318	0	0	4	-2	-108	-338
36	0	655	51	-249	0	0	5	-4	-107	-344
36	0	655	51	-249	0	0	5	-4	-106	-349
36	0	655	51	-249	0	0	5	-4	-105	-354
36	0	662	61	-174	0	0	5	-4	-104	-359
36	0	662	61	-174	0	0	5	-4	-103	-363
36	0	662	61	-174	0	0	5	-4	-102	-366
36	0	669	71	-100	0	-1	5	-5	-100	-370
36	0	669	71	-100	0	-1	5	-5	-99	-372
36	0	669	71	-100	0	-1	5	-5	-97	-374
36	0	669	71	-100	0	-1	5	-5	-96	-376
36	0	675	76	-34	0	0	5	-5	-95	-378
36	0	675	76	-34	0	0	5	-5	-93	-378
36	0	675	76	-34	0	0	5	-5	-92	-379
36	0	680	78	20	0	0	4	-5	-90	-380
36	0	680	78	20	0	0	4	-5	-88	-379
36	0	680	78	20	0	0	4	-5	-87	-379
36	0	683	77	67	0	0	4	-4	-85	-378
36	0	683	77	67	0	0	4	-4	-84	-377
36	0	683	77	67	0	0	4	-4	-82	-376
36	0	687	77	109	0	0	3	-4	-81	-374
36	0	687	77	109	0	0	3	-4	-79	-372
36	0	687	77	109	0	0	3	-4	-78	-370
36	0	687	77	109	0	0	3	-4	-76	-368
36	0	688	73	145	0	0	3	-4	-74	-366
36	0	688	73	145	0	0	3	-4	-73	-363
36	0	688	73	145	0	0	3	-4	-72	-360
36	0	692	67	177	0	0	3	-4	-70	-357
36	0	692	67	177	0	0	3	-4	-69	-353
36	0	692	67	177	0	0	3	-4	-67	-350
36	0	693	59	206	0	0	3	-3	-66	-346
36	0	693	59	206	0	0	3	-3	-65	-342
36	0	693	59	206	0	0	3	-3	-64	-338
36	0	693	53	228	0	0	2	-3	-62	-334
36	0	693	53	228	0	0	2	-3	-61	-329
36	0	693	53	228	0	0	2	-3	-60	-325
36	0	693	53	228	0	0	2	-3	-59	-320
36	0	691	44	175	0	0	2	-3	-58	-315
36	0	691	44	175	0	0	2	-3	-57	-312
36	0	691	44	175	0	0	2	-3	-56	-308
36	0	692	132	245	0	0	2	-2	-56	-305
36	0	692	132	245	0	0	2	-2	-53	-300
36	0	692	132	245	0	0	2	-2	-49	-293
36	0	691	107	204	0	0	2	-2	-48	-290
36	0	691	107	204	0	0	2	-2	-45	-286
36	0	691	107	204	0	0	2	-2	-43	-282
36	0	691	91	221	0	1	2	-2	-41	-278
36	0	691	91	221	0	1	2	-2	-39	-274
36	0	691	91	221	0	1	2	-2	-38	-269
36	0	691	91	221	0	1	2	-2	-36	-265
36	0	692	81	228	0	1	2	-2	-34	-260
36	0	692	81	228	0	1	2	-2	-32	-256
36	0	692	81	228	0	1	2	-2	-31	-251
36	0	695	162	306	0	1	2	-1	-29	-247
36	0	695	162	306	0	1	2	-1	-26	-240
36	0	695	162	306	0	1	2	-1	-23	-234
36	0	696	168	350	0	1	2	-1	-19	-228
36	0	696	168	350	0	1	2	-1	-16	-221
36	0	696	168	350	0	1	2	-1	-13	-214
36	0	696	144	361	0	0	2	0	-9	-207
36	0	696	144	361	0	0	2	0	-6	-200
36	0	696	144	361	0	0	2	0	-3	-193
36	0	696	144	361	0	0	2	0	-1	-185
36	0	692	111	330	0	0	2	0	1	-178
36	0	692	111	330	0	0	2	0	4	-172
36	0	692	111	330	0	0	2	0	6	-165
36	0	693	129	376	0	0	1	0	8	-158
36	0	693	129	376	0	0	1	0	11	-151
36	0	693	129	376	0	0	1	0	13	-143
36	0	693	129	376	0	0	1	0	16	-136
36	0	692	124	370	0	0	0	0	18	-128
36	0	692	124	370	0	0	0	0	21	-121
36	0	692	124	370	0	0	0	0	23	-113
36	0	693	117	364	0	1	-1	0	26	-106
36	0	693	117	364	0	1	-1	0	28	-99
36	0	693	117	364	0	1	-1	0	31	-91
36	0	686	110	357	0	1	-1	0	33	-84
36	0	686	110	357	0	1	-1	0	35	-77
36	0	686	110	357	0	1	-1	0	37	-70
36	0	682	115	356	0	0	-2	0	40	-63
36	0	682	115	356	0	0	-2	0	42	-56
36	0	682	115	356	0	0	-2	0	44	-48
36	0	677	62	258	0	0	-3	0	47	-41
36	0	677	62	258	0	0	-3	0	48	-36
36	0	677	62	258	0	0	-3	0	49	-31
36	0	677	62	258	0	0	-3	0	50	-26
36	0	672	59	208	0	0	-5	0	52	-21
36	0	672	59	208	0	0	-5	0	53	-16
36	0	672	59	208	0	0	-5	0	54	-12
36	0	664	87	212	0	0	-6	0	55	-8
36	0	664	87	212	0	0	-6	0	57	-4
36	0	664	87	212	0	0	-6	0	59	0
36	0	661	105	143	0	0	-7	0	60	4
36	0	661	105	143	0	0	-7	0	62	6
36	0	661	105	143	0	0	-7	0	65	9
36	0	654	115	31	0	0	-8	0	67	12
36	0	654	115	31	0	0	-8	0	69	13
36	0	654	115	31	0	0	-8	0	71	13
36	0	654	115	31	0	0	-8	0	74	14
36	0	647	91	-143	0	0	-8	0	76	15
36	0	647	91	-143	0	0	-8	0	78	12
36	0	647	91	-143	0	0	-8	0	80	9
36	0	639	136	-157	0	0	-8	0	81	6
36	0	639	136	-157	0	0	-8	0	84	3
36	0	639	136	-157	0	0	-8	0	87	0
36	0	637	182	-235	0	0	-5	0	90	-2
36	0	637	182	-235	0	0	-5	0	93	-7
36	0	637	182	-235	0	0	-5	0	97	-12
36	0	631	189	-264	0	0	-2	0	101	-16
36	0	631	189	-264	0	0	-2	0	104	-22
36	0	631	189	-264	0	0	-2	0	108	-27
36	0	631	189	-264	0	0	-2	0	112	-32
36	0	620	186	-272	0	0	0	0	116	-37
36	0	620	186	-272	0	0	0	0	119	-43
36	0	620	186	-272	0	0	0	0	123	-48
36	0	610	209	-229	0	0	2	0	127	-54
36	0	610	209	-229	0	0	2	0	131	-58
36	0	610	209	-229	0	0	2	0	135	-63
36	0	603	212	-181	0	0	4	0	139	-68
36	0	603	212	-181	0	0	4	0	144	-71
36	0	603	212	-181	0	0	4	0	148	-75
36	0	597	186	-145	0	1	6	0	152	-78
36	0	597	186	-145	0	1	6	0	156	-81
36	0	597	186	-145	0	1	6	0	160	-84
36	0	597	186	-145	0	1	6	0	163	-87
36	0	594	145	-81	0	1	6	0	167	-90
36	0	594	145	-81	0	1	6	0	170	-92
36	0	594	145	-81	0	1	6	0	173	-93
36	0	590	64	-73	0	2	4	0	176	-95
36	0	590	64	-73	0	2	4	0	177	-96
36	0	590	64	-73	0	2	4	0	178	-98
36	0	588	25	-46	0	1	3	0	180	-99
36	0	588	25	-46	0	1	3	0	180	-100
36	0	588	25	-46	0	1	3	0	181	-101
36	0	590	22	4	0	1	2	0	181	-102
36	0	590	22	4	0	1	2	0	182	-102
36	0	590	22	4	0	1	2	0	182	-102
36	0	590	22	4	0	1	2	0	182	-102
36	0	590	-1	29	0	1	1	0	183	-102
36	0	590	-1	29	0	1	1	0	183	-101
36	0	590	-1	29	0	1	1	0	183	-101
36	0	592	-101	-79	0	1	-1	0	183	-100
36	0	592	-101	-79	0	1	-1	0	181	-102
36	0	592	-101	-79	0	1	-1	0	179	-103
36	0	594	-166	-169	0	1	-4	0	177	-105
36	0	594	-166	-169	0	1	-4	0	173	-108
36	0	594	-166	-169	0	1	-4	0	170	-112
36	0	594	-166	-169	0	1	-4	0	167	-115
36	0	596	-129	-152	0	0	-7	0	163	-118
36	0	596	-129	-152	0	0	-7	0	161	-121
36	0	596	-129	-152	0	0	-7	0	158	-125
36	0	599	-99	-198	0	0	-8	0	156	-128
36	0	599	-99	-198	0	0	-8	0	154	-132
36	0	599	-99	-198	0	0	-8	0	152	-136
36	0	603	-84	-265	0	0	-9	0	150	-140
36	0	603	-84	-265	0	0	-9	0	148	-145
36	0	603	-84	-265	0	0	-9	0	146	-150
36	0	606	-66	-316	0	1	-7	0	145	-155
36	0	606	-66	-316	0	1	-7	0	143	-162
36	0	606	-66	-316	0	1	-7	0	142	-168
36	0	613	-59	-360	0	3	-5	0	141	-174
36	0	613	-59	-360	0	3	-5	0	139	-182
36	0	613	-59	-360	0	3	-5	0	138	-189
36	0	613	-59	-360	0	3	-5	0	137	-196
36	0	624	-131	-426	0	5	-3	0	136	-203
36	0	624	-131	-426	0	5	-3	0	133	-212
36	0	624	-131	-426	0	5	-3	0	131	-220
36	0	626	-200	-419	0	6	-1	0	128	-229
36	0	626	-200	-419	0	6	-1	0	124	-237
36	0	626	-200	-419	0	6	-1	0	120	-246
36	0	630	-256	-408	0	4	1	0	116	-254
36	0	630	-256	-408	0	4	1	0	111	-262
36	0	630	-256	-408	0	4	1	0	106	-270
36	0	630	-256	-408	0	4	1	0	101	-279
36	0	631	-282	-359	0	2	2	0	95	-287
36	0	631	-282	-359	0	2	2	0	90	-294
36	0	631	-282	-359	0	2	2	0	84	-301
36	0	637	-325	-347	0	0	4	0	78	-308
36	0	637	-325	-347	0	0	4	0	72	-315
36	0	637	-325	-347	0	0	4	0	65	-322
36	0	636	-298	-272	0	-1	5	0	59	-329
36	0	636	-298	-272	0	-1	5	0	53	-335
36	0	636	-298	-272	0	-1	5	0	47	-340
36	0	637	-252	-218	0	-3	5	0	41	-346
36	0	637	-252	-218	0	-3	5	0	36	-350
36	0	637	-252	-218	0	-3	5	0	31	-354
36	0	637	-252	-218	0	-3	5	0	26	-359
36	0	638	-210	-162	0	-4	4	0	21	-363
36	0	638	-210	-162	0	-4	4	0	17	-366
36	0	638	-210	-162	0	-4	4	0	12	-369
36	0	639	-234	-149	0	-5	2	0	8	-373
36	0	639	-234	-149	0	-5	2	0	4	-376
36	0	639	-234	-149	0	-5	2	0	0	-379
36	0	645	-212	-133	0	-4	-1	0	-5	-382
36	0	645	-212	-133	0	-4	-1	0	-9	-384
36	0	645	-212	-133	0	-4	-1	0	-14	-387
36	0	651	-190	-185	0	-4	-2	0	-18	-390
36	0	651	-190	-185	0	-4	-2	0	-21	-393
36	0	651	-190	-185	0	-4	-2	0	-25	-397
36	0	651	-190	-185	0	-4	-2	0	-29	-401
36	0	656	-119	-197	0	-3	-2	0	-33	-405
36	0	656	-119	-197	0	-3	-2	0	-35	-408
36	0	656	-119	-197	0	-3	-2	0	-38	-412
36	0	664	-86	-211	0	-3	-1	0	-40	-416
36	0	664	-86	-211	0	-3	-1	0	-42	-421
36	0	664	-86	-211	0	-3	-1	0	-43	-425
36	0	664	-42	-215	0	-3	0	0	-45	-429
36	0	664	-42	-215	0	-3	0	0	-46	-433
36	0	664	-42	-215	0	-3	0	0	-47	-438
36	0	672	-3	-200	0	-2	0	0	-48	-442
36	0	672	-3	-200	0	-2	0	0	-48	-446
36	0	672	-3	-200	0	-2	0	0	-48	-450
36	0	672	-3	-200	0	-2	0	0	-48	-454
36	0	677	37	-157	0	-1	2	0	-48	-458
36	0	677	37	-157	0	-1	2	0	-47	-461
36	0	677	37	-157	0	-1	2	0	-47	-464
36	0	678	53	-101	0	0	3	0	-46	-468
36	0	678	53	-101	0	0	3	0	-45	-470
36	0	678	53	-101	0	0	3	0	-44	-472
36	0	681	31	-54	0	0	2	0	-43	-474
36	0	681	31	-54	0	0	2	0	-42	-475
36	0	681	31	-54	0	0	2	0	-41	-476
36	0	686	10	-18	0	2	1	0	-41	-477
36	0	686	10	-18	0	2	1	0	-40	-477
36	0	686	10	-18	0	2	1	0	-40	-478
36	0	686	10	-18	0	2	1	0	-40	-478
36	0	692	-41	0	0	4	0	0	-40	-478
36	0	692	-41	0	0	4	0	0	-41	-478
36	0	692	-41	0	0	4	0	0	-41	-478
36	0	697	-78	18	0	6	0	0	-42	-478
36	0	697	-78	18	0	6	0	0	-44	-478
36	0	697	-78	18	0	6	0	0	-45	-478
36	0	703	-195	18	0	9	0	0	-47	-477
36	0	703	-195	18	0	9	0	0	-51	-477
36	0	703	-195	18	0	9	0	0	-55	-477
36	0	711	-278	29	0	10	0	0	-59	-476
36	0	711	-278	29	0	10	0	0	-64	-476
36	0	711	-278	29	0	10	0	0	-70	-475
36	0	711	-278	29	0	10	0	0	-75	-474
36	0	717	-391	31	0	10	-1	0	-81	-474
36	0	717	-391	31	0	10	-1	0	-89	-473
36	0	717	-391	31	0	10	-1	0	-98	-473
36	0	721	-483	-15	0	8	-3	0	-106	-472
36	0	721	-483	-15	0	8	-3	0	-116	-472
36	0	721	-483	-15	0	8	-3	0	-125	-472
36	0	723	-537	-56	0	5	-4	0	-135	-473
36	0	723	-537	-56	0	5	-4	0	-146	-474
36	0	723	-537	-56	0	5	-4	0	-157	-475
36	0	723	-555	-91	0	2	-3	1	-167	-476
36	0	723	-555	-91	0	2	-3	1	-178	-478
36	0	723	-555	-91	0	2	-3	1	-190	-480
36	0	722	-543	-119	0	0	-3	1	-201	-482
36	0	722	-543	-119	0	0	-3	1	-212	-484
36	0	722	-543	-119	0	0	-3	1	-227	-487
36	0	719	-504	-142	0	-2	-2	0	-238	-490
36	0	719	-504	-142	0	-2	-2	0	-248	-493
36	0	719	-504	-142	0	-2	-2	0	-258	-495
36	0	719	-504	-142	0	-2	-2	0	-268	-498
36	0	714	-452	-155	0	-2	-1	0	-278	-501
36	0	714	-452	-155	0	-2	-1	0	-287	-504
36	0	714	-452	-155	0	-2	-1	0	-296	-507
36	0	716	-396	-154	0	-2	0	0	-305	-511
36	0	716	-396	-154	0	-2	0	0	-313	-514
36	0	716	-396	-154	0	-2	0	0	-321	-517
36	0	719	-346	-142	0	-2	0	0	-329	-520
36	0	719	-346	-142	0	-2	0	0	-336	-523
36	0	719	-346	-142	0	-2	0	0	-343	-525
36	0	724	-301	-136	0	-2	0	0	-350	-528
36	0	724	-301	-136	0	-2	0	0	-356	-531
36	0	724	-301	-136	0	-2	0	0	-362	-534
36	0	724	-301	-136	0	-2	0	0	-368	-537
36	0	733	-259	-154	0	-1	-3	0	-374	-539
36	0	733	-259	-154	0	-1	-3	0	-379	-542
36	0	733	-259	-154	0	-1	-3	0	-384	-545
36	0	738	-227	-198	0	-1	-5	-1	-389	-549
36	0	738	-227	-198	0	-1	-5	-1	-394	-553
36	0	738	-227	-198	0	-1	-5	-1	-399	-556
36	0	746	-197	-269	0	-1	-7	-1	-403	-560
36	0	746	-197	-269	0	-1	-7	-1	-407	-566
36	0	746	-197	-269	0	-1	-7	-1	-411	-571
36	0	751	-173	-353	0	-1	-9	-1	-415	-577
36	0	751	-173	-353	0	-1	-9	-1	-418	-584
36	0	751	-173	-353	0	-1	-9	-1	-422	-591
36	0	751	-173	-353	0	-1	-9	-1	-425	-598
36	0	763	-149	-451	0	-1	-10	-1	-429	-605
36	0	763	-149	-451	0	-1	-10	-1	-432	-614
36	0	763	-149	-451	0	-1	-10	-1	-435	-623
36	0	760	-193	-527	0	0	-10	-1	-438	-632
36	0	760	-193	-527	0	0	-10	-1	-442	-643
36	0	760	-193	-527	0	0	-10	-1	-446	-653
36	0	760	-272	-625	0	0	-9	0	-449	-664
36	0	760	-272	-625	0	0	-9	0	-455	-676
36	0	760	-272	-625	0	0	-9	0	-460	-689
36	0	759	-287	-678	0	0	-7	0	-466	-701
36	0	759	-287	-678	0	0	-7	0	-472	-715
36	0	759	-287	-678	0	0	-7	0	-477	-728
36	0	759	-287	-678	0	0	-7	0	-483	-742
36	0	762	-275	-708	0	0	-5	0	-489	-755
36	0	762	-275	-708	0	0	-5	0	-494	-769
36	0	762	-275	-708	0	0	-5	0	-500	-784
36	0	764	-266	-709	0	0	-2	1	-505	-798
36	0	764	-266	-709	0	0	-2	1	-511	-812
36	0	764	-266	-709	0	0	-2	1	-516	-826
36	0	763	-255	-690	0	0	0	1	-521	-840
36	0	763	-255	-690	0	0	0	1	-526	-854
36	0	763	-255	-690	0	0	0	1	-531	-868
36	0	761	-234	-636	0	0	0	1	-537	-882
36	0	761	-234	-636	0	0	0	1	-541	-895
36	0	761	-234	-636	0	0	0	1	-546	-907
36	0	761	-234	-636	0	0	0	1	-551	-920
36	0	759	-208	-589	0	0	1	0	-555	-933
36	0	759	-208	-589	0	0	1	0	-559	-944
36	0	759	-208	-589	0	0	1	0	-564	-957
36	0	761	-203	-601	0	0	1	0	-568	-968
36	0	761	-203	-601	0	0	1	0	-572	-980
36	0	761	-203	-601	0	0	1	0	-576	-992
36	0	761	-185	-566	0	0	1	0	-580	-1004
36	0	761	-185	-566	0	0	1	0	-584	-1015
36	0	761	-185	-566	0	0	1	0	-587	-1027
36	0	761	-164	-546	0	0	1	0	-591	-1038
36	0	761	-164	-546	0	0	1	0	-594	-1049
36	0	761	-164	-546	0	0	1	0	-598	-1060
36	0	761	-164	-546	0	0	1	0	-601	-1071
36	0	760	-140	-511	0	0	1	-1	-604	-1082
36	0	760	-140	-511	0	0	1	-1	-607	-1092
36	0	760	-140	-511	0	0	1	-1	-610	-1102
36	0	760	-130	-483	0	0	1	-1	-613	-1112
36	0	760	-130	-483	0	0	1	-1	-615	-1122
36	0	760	-130	-483	0	0	1	-1	-618	-1132
36	0	763	-129	-443	0	0	1	-1	-621	-1141
36	0	763	-129	-443	0	0	1	-1	-623	-1150
36	0	763	-129	-443	0	0	1	-1	-626	-1159
36	0	761	-129	-406	0	0	0	-1	-628	-1168
36	0	761	-129	-406	0	0	0	-1	-631	-1176
36	0	761	-129	-406	0	0	0	-1	-633	-1184
36	0	761	-129	-406	0	0	0	-1	-636	-1192
36	0	761	-130	-375	0	0	0	0	-639	-1201
36	0	761	-130	-375	0	0	0	0	-641	-1208
36	0	761	-130	-375	0	0	0	0	-644	-1216
36	0	763	-135	-348	0	0	0	0	-646	-1223
36	0	763	-135	-348	0	0	0	0	-649	-1230
36	0	763	-135	-348	0	0	0	0	-652	-1237
36	0	763	-141	-325	0	0	0	0	-655	-1244
36	0	763	-141	-325	0	0	0	0	-657	-1251
36	0	763	-141	-325	0	0	0	0	-660	-1257
36	0	760	-145	-306	0	0	0	0	-663	-1264
36	0	760	-145	-306	0	0	0	0	-666	-1270
36	0	760	-145	-306	0	0	0	0	-669	-1276
36	0	760	-145	-306	0	0	0	0	-672	-1282
36	0	759	-149	-289	0	0	0	1	-675	-1288
36	0	759	-149	-289	0	0	0	1	-678	-1294
36	0	759	-149	-289	0	0	0	1	-681	-1300
36	0	758	-149	-276	0	0	0	1	-684	-1305
36	0	758	-149	-276	0	0	0	1	-687	-1311
36	0	758	-149	-276	0	0	0	1	-690	-1316
36	0	755	-146	-264	0	0	0	1	-693	-1322
36	0	755	-146	-264	0	0	0	1	-696	-1327
36	0	755	-146	-264	0	0	0	1	-698	-1333
36	0	753	-142	-256	0	0	0	1	-701	-1338
36	0	753	-142	-256	0	0	0	1	-704	-1343
36	0	753	-142	-256	0	0	0	1	-707	-1348
36	0	753	-142	-256	0	0	0	1	-710	-1353
36	0	752	-135	-248	0	0	0	0	-713	-1358
36	0	752	-135	-248	0	0	0	0	-716	-1363
36	0	752	-135	-248	0	0	0	0	-718	-1368
36	0	752	-130	-241	0	0	0	0	-721	-1373
36	0	752	-130	-241	0	0	0	0	-724	-1378
36	0	752	-130	-241	0	0	0	0	-726	-1383
36	0	751	-126	-236	0	0	0	0	-729	-1388
36	0	751	-126	-236	0	0	0	0	-731	-1392
36	0	751	-126	-236	0	0	0	0	-734	-1397
36	0	751	-126	-236	0	0	0	0	-736	-1402
36	0	757	-124	-229	0	0	0	0	-739	-1407
36	0	757	-124	-229	0	0	0	0	-741	-1411
36	0	757	-124	-229	0	0	0	0	-744	-1416
36	0	753	-123	-223	0	0	0	-1	-746	-1420
36	0	753	-123	-223	0	0	0	-1	-749	-1425
36	0	753	-123	-223	0	0	0	-1	-751	-1429
36	0	751	-124	-219	0	0	0	-1	-754	-1434
36	0	751	-124	-219	0	0	0	-1	-756	-1438
36	0	751	-124	-219	0	0	0	-1	-759	-1443
35	0	751	-123	-211	0	0	0	-1	-761	-1447
35	0	751	-123	-211	0	0	0	-1	-764	-1451
35	0	751	-123	-211	0	0	0	-1	-766	-1455
35	0	749	-123	-203	0	0	0	-1	-769	-1460
35	0	749	-123	-203	0	0	0	-1	-771	-1464
35	0	749	-123	-203	0	0	0	-1	-774	-1468
35	0	749	-123	-203	0	0	0	-1	-776	-1472
35	0	748	-122	-200	0	0	0	0	-779	-1476
35	0	748	-122	-200	0	0	0	0	-781	-1480
35	0	748	-122	-200	0	0	0	0	-783	-1484
35	0	747	-119	-199	0	0	-1	0	-786	-1488
35	0	747	-119	-199	0	0	-1	0	-788	-1492
35	0	747	-119	-199	0	0	-1	0	-791	-1496
35	0	746	-117	-201	0	0	-1	0	-793	-1500
35	0	746	-117	-201	0	0	-1	0	-795	-1504
35	0	746	-117	-201	0	0	-1	0	-798	-1508
35	0	746	-117	-201	0	0	-1	0	-801	-1514
35	0	750	-115	-202	0	0	-1	0	-802	-1516
35	0	750	-115	-202	0	0	-1	0	-805	-1520
35	0	750	-115	-202	0	0	-1	0	-807	-1524
35	0	751	-115	-201	0	0	0	1	-809	-1528
35	0	751	-115	-201	0	0	0	1	-812	-1532
35	0	751	-115	-201	0	0	0	1	-814	-1536
35	0	751	-114	-202	0	0	0	1	-816	-1540
35	0	751	-114	-202	0	0	0	1	-819	-1544
35	0	751	-114	-202	0	0	0	1	-821	-1548
35	0	751	-109	-205	0	0	0	1	-823	-1552
35	0	751	-109	-205	0	0	0	1	-825	-1556
35	0	751	-109	-205	0	0	0	1	-828	-1560
35	0	751	-109	-205	0	0	0	1	-830	-1565
35	0	751	-107	-208	0	0	0	1	-832	-1569
35	0	751	-107	-208	0	0	0	1	-834	-1573
35	0	751	-107	-208	0	0	0	1	-836	-1577
35	0	752	-105	-212	0	0	0	0	-838	-1581
35	0	752	-105	-212	0	0	0	0	-840	-1585
35	0	752	-105	-212	0	0	0	0	-843	-1590
35	0	749	-104	-214	0	0	-1	0	-845	-1594
35	0	749	-104	-214	0	0	-1	0	-847	-1598
35	0	749	-104	-214	0	0	-1	0	-849	-1602
35	0	748	-104	-216	0	0	-1	0	-851	-1607
35	0	748	-104	-216	0	0	-1	0	-853	-1611
35	0	748	-104	-216	0	0	-1	0	-855	-1615
35	0	748	-104	-216	0	0	-1	0	-857	-1620
35	0	746	-104	-220	0	0	0	-1	-859	-1624
35	0	746	-104	-220	0	0	0	-1	-861	-1628
35	0	746	-104	-220	0	0	0	-1	-864	-1633
35	0	744	-105	-223	0	0	0	-1	-866	-1637
35	0	744	-105	-223	0	0	0	-1	-868	-1642
35	0	744	-105	-223	0	0	0	-1	-870	-1646
34	0	745	-109	-219	0	0	0	-1	-872	-1651
34	0	745	-109	-219	0	0	0	-1	-874	-1655
34	0	745	-109	-219	0	0	0	-1	-876	-1660
34	0	745	-110	-217	0	0	0	0	-879	-1664
34	0	745	-110	-217	0	0	0	0	-881	-1668
34	0	745	-110	-217	0	0	0	0	-883	-1673
34	0	745	-110	-217	0	0	0	0	-885	-1677
34	0	744	-112	-215	0	0	0	0	-887	-1681
34	0	744	-112	-215	0	0	0	0	-890	-1686
34	0	744	-112	-215	0	0	0	0	-892	-1690
34	0	743	-114	-214	0	0	0	0	-894	-1694
34	0	743	-114	-214	0	0	0	0	-896	-1698
34	0	743	-114	-214	0	0	0	0	-899	-1703
34	0	746	-116	-214	0	0	0	0	-901	-1707
34	0	746	-116	-214	0	0	0	0	-903	-1711
34	0	746	-116	-214	0	0	0	0	-906	-1716
34	0	746	-116	-214	0	0	0	1	-908	-1720
34	0	746	-118	-214	0	0	0	1	-910	-1724
34	0	746	-118	-214	0	0	0	1	-913	-1729
34	0	746	-118	-214	0	0	0	1	-915	-1733
34	0	743	-119	-214	0	0	0	1	-918	-1737
34	0	743	-119	-214	0	0	0	1	-920	-1742
34	0	743	-119	-214	0	0	0	1	-922	-1746
34	0	743	-118	-214	0	0	0	1	-925	-1750
34	0	743	-118	-214	0	0	0	1	-927	-1754
34	0	743	-118	-214	0	0	0	1	-929	-1759
34	0	743	-115	-214	0	0	0	1	-932	-1763
34	0	743	-115	-214	0	0	0	1	-934	-1767
34	0	743	-115	-214	0	0	0	1	-936	-1772
34	0	741	-112	-215	0	0	0	0	-939	-1776
34	0	741	-112	-215	0	0	0	0	-941	-1780
34	0	741	-112	-215	0	0	0	0	-943	-1784
34	0	741	-112	-215	0	0	0	0	-945	-1789
34	0	740	-110	-215	0	0	0	0	-948	-1793
34	0	740	-110	-215	0	0	0	0	-950	-1797
34	0	740	-110	-215	0	0	0	0	-952	-1802
34	0	741	-109	-214	0	0	0	0	-954	-1806
34	0	741	-109	-214	0	0	0	0	-956	-1810
34	0	741	-109	-214	0	0	0	0	-959	-1814
34	0	741	-104	-212	0	0	0	0	-961	-1819
34	0	741	-104	-212	0	0	0	0	-963	-1823
34	0	741	-104	-212	0	0	0	0	-965	-1827
34	0	741	-104	-212	0	0	0	0	-967	-1831
34	0	740	-100	-211	0	0	0	-1	-969	-1836
34	0	740	-100	-211	0	0	0	-1	-971	-1840
34	0	740	-100	-211	0	0	0	-1	-973	-1844
34	0	741	-97	-211	0	0	0	-2	-975	-1848
34	0	741	-97	-211	0	0	0	-2	-977	-1853
34	0	741	-97	-211	0	0	0	-2	-979	-1857
34	0	742	-98	-206	0	0	0	-1	-981	-1861
34	0	742	-98	-206	0	0	0	-1	-983	-1865
34	0	742	-98	-206	0	0	0	-1	-985	-1869
33	0	746	-95	-200	0	0	0	-1	-987	-1873
33	0	746	-95	-200	0	0	0	-1	-989	-1877
33	0	746	-95	-200	0	0	0	-1	-991	-1881
33	0	746	-95	-194	0	0	0	-1	-993	-1885
33	0	746	-95	-194	0	0	0	-1	-994	-1889
33	0	746	-95	-194	0	0	0	-1	-996	-1893
33	0	746	-95	-194	0	0	0	-1	-998	-1897
33	0	748	-96	-191	0	0	0	0	-1000	-1901
33	0	748	-96	-191	0	0	0	0	-1002	-1905
33	0	748	-96	-191	0	0	0	0	-1004	-1909
33	0	748	-95	-190	0	0	0	0	-1006	-1912
33	0	748	-95	-190	0	0	0	0	-1008	-1916
33	0	748	-95	-190	0	0	0	0	-1010	-1920
33	0	753	-95	-192	0	0	0	0	-1012	-1924
33	0	753	-95	-192	0	0	0	0	-1014	-1928
33	0	753	-95	-192	0	0	0	0	-1015	-1932
33	0	753	-95	-192	0	0	0	0	-1017	-1935
33	0	754	-96	-195	0	0	0	1	-1019	-1939
33	0	754	-96	-195	0	0	0	1	-1021	-1943
33	0	754	-96	-195	0	0	0	1	-1023	-1947
33	0	754	-94	-199	0	0	0	1	-1025	-1951
33	0	754	-94	-199	0	0	0	1	-1027	-1955
33	0	754	-94	-199	0	0	0	1	-1029	-1959
33	0	755	-92	-202	0	0	0	1	-1031	-1963
33	0	755	-92	-202	0	0	0	1	-1033	-1967
33	0	755	-92	-202	0	0	0	1	-1034	-1971
33	0	755	-88	-207	0	0	0	0	-1036	-1975
33	0	755	-88	-207	0	0	0	0	-1038	-1979
33	0	755	-88	-207	0	0	0	0	-1040	-1983
33	0	755	-88	-207	0	0	0	0	-1042	-1988
33	0	755	-86	-211	0	0	0	0	-1043	-1992
33	0	755	-86	-211	0	0	0	0	-1045	-1996
33	0	755	-86	-211	0	0	0	0	-1047	-2000
33	0	755	-83	-213	0	0	0	0	-1049	-2004
33	0	755	-83	-213	0	0	0	0	-1050	-2009
33	0	755	-83	-213	0	0	0	0	-1052	-2013
33	0	756	-79	-214	0	0	0	0	-1054	-2017
33	0	756	-79	-214	0	0	0	0	-1055	-2021
33	0	756	-79	-214	0	0	0	0	-1057	-2026
33	0	757	-74	-215	0	0	0	-1	-1058	-2030
33	0	757	-74	-215	0	0	0	-1	-1060	-2034
33	0	757	-74	-215	0	0	0	-1	-1061	-2039
33	0	757	-71	-214	0	0	0	-1	-1063	-2043
33	0	757	-71	-214	0	0	0	-1	-1064	-2047
33	0	757	-71	-214	0	0	0	-1	-1066	-2052
33	0	757	-71	-214	0	0	0	-1	-1067	-2056
33	0	758	-66	-206	0	0	0	-1	-1068	-2060
33	0	758	-66	-206	0	0	0	-1	-1070	-2064
33	0	758	-66	-206	0	0	0	-1	-1071	-2068
33	0	758	-59	-197	0	0	0	0	-1072	-2073
33	0	758	-59	-197	0	0	0	0	-1074	-2077
33	0	758	-59	-197	0	0	0	0	-1075	-2080
33	0	758	-55	-190	0	0	0	0	-1076	-2084
33	0	758	-55	-190	0	0	0	0	-1077	-2088
33	0	758	-55	-190	0	0	0	0	-1078	-2092
33	0	758	-55	-190	0	0	0	0	-1079	-2096
33	0	757	-52	-185	0	0	0	0	-1080	-2100
33	0	757	-52	-185	0	0	0	0	-1082	-2103
33	0	757	-52	-185	0	0	0	0	-1083	-2107
33	0	755	-49	-183	0	0	0	0	-1084	-2111
33	0	755	-49	-183	0	0	0	0	-1085	-2114
33	0	755	-49	-183	0	0	0	0	-1086	-2118
33	0	752	-48	-181	0	0	0	1	-1087	-2122
33	0	752	-48	-181	0	0	0	1	-1088	-2125
33	0	752	-48	-181	0	0	0	1	-1089	-2129
33	0	750	-46	-180	0	0	0	1	-1090	-2133
33	0	750	-46	-180	0	0	0	1	-1090	-2136
33	0	750	-46	-180	0	0	0	1	-1092	-2141
33	0	750	-46	-180	0	0	0	1	-1092	-2144
33	0	749	-45	-180	0	0	0	1	-1093	-2147
33	0	749	-45	-180	0	0	0	1	-1094	-2151
33	0	749	-45	-180	0	0	0	1	-1095	-2154
33	0	748	-45	-178	0	0	0	1	-1096	-2158
33	0	748	-45	-178	0	0	0	1	-1097	-2162
33	0	748	-45	-178	0	0	0	1	-1098	-2165
33	0	746	-45	-177	0	0	0	0	-1099	-2169
33	0	746	-45	-177	0	0	0	0	-1100	-2172
33	0	746	-45	-177	0	0	0	0	-1100	-2176
33	0	745	-48	-177	0	0	0	0	-1101	-2179
33	0	745	-48	-177	0	0	0	0	-1102	-2183
33	0	745	-48	-177	0	0	0	0	-1103	-2186
33	0	745	-48	-177	0	0	0	0	-1104	-2190
33	0	744	-50	-179	0	0	0	0	-1105	-2194
33	0	744	-50	-179	0	0	0	0	-1106	-2197
33	0	744	-50	-179	0	0	0	0	-1107	-2201
33	0	743	-54	-178	0	0	0	0	-1108	-2204
33	0	743	-54	-178	0	0	0	0	-1109	-2208
33	0	743	-54	-178	0	0	0	0	-1110	-2211
33	0	741	-55	-180	0	0	0	-1	-1112	-2215
33	0	741	-55	-180	0	0	0	-1	-1113	-2219
33	0	741	-55	-180	0	0	0	-1	-1114	-2222
33	0	743	-58	-179	0	0	0	-1	-1115	-2226
33	0	743	-58	-179	0	0	0	-1	-1116	-2229
33	0	743	-58	-179	0	0	0	-1	-1117	-2233
33	0	743	-58	-179	0	0	0	-1	-1118	-2237
33	0	741	-60	-172	0	0	0	-1	-1120	-2240
33	0	741	-60	-172	0	0	0	-1	-1121	-2244
33	0	741	-60	-172	0	0	0	-1	-1122	-2247
33	0	742	-62	-164	0	0	0	-1	-1123	-2251
33	0	742	-62	-164	0	0	0	-1	-1124	-2254
33	0	742	-62	-164	0	0	0	-1	-1126	-2257
33	0	741	-63	-159	0	0	0	0	-1127	-2260
33	0	741	-63	-159	0	0	0	0	-1128	-2264
33	0	741	-63	-159	0	0	0	0	-1130	-2267
33	0	743	-65	-155	0	0	0	0	-1131	-2270
33	0	743	-65	-155	0	0	0	0	-1132	-2273
33	0	743	-65	-155	0	0	0	0	-1133	-2276
33	0	743	-65	-155	0	0	0	0	-1135	-2279
33	0	740	-69	-152	0	0	0	0	-1136	-2283
33	0	740	-69	-152	0	0	0	0	-1137	-2286
33	0	740	-69	-152	0	0	0	0	-1139	-2289
33	0	740	-74	-151	0	0	0	0	-1140	-2292
33	0	740	-74	-151	0	0	0	0	-1142	-2295
33	0	740	-74	-151	0	0	0	0	-1143	-2298
33	0	741	-79	-150	0	0	0	0	-1145	-2301
33	0	741	-79	-150	0	0	0	0	-1146	-2304
33	0	741	-79	-150	0	0	0	0	-1148	-2307
33	0	741	-79	-150	0	0	0	0	-1149	-2310
33	0	741	-85	-148	0	0	0	1	-1151	-2313
33	0	741	-85	-148	0	0	0	1	-1153	-2316
33	0	741	-85	-148	0	0	0	1	-1154	-2319
33	0	739	-90	-144	0	0	0	1	-1156	-2322
33	0	739	-90	-144	0	0	0	1	-1158	-2325
33	0	739	-90	-144	0	0	0	1	-1160	-2328
33	0	741	-95	-141	0	0	0	1	-1162	-2330
33	0	741	-95	-141	0	0	0	1	-1163	-2333
33	0	741	-95	-141	0	0	0	1	-1165	-2336
33	0	742	-99	-137	0	0	0	1	-1167	-2339
33	0	742	-99	-137	0	0	0	1	-1169	-2342
33	0	742	-99	-137	0	0	0	1	-1171	-2344
33	0	744	-102	-136	0	0	0	0	-1173	-2347
33	0	744	-102	-136	0	0	0	0	-1175	-2350
33	0	744	-102	-136	0	0	0	0	-1177	-2353
33	0	744	-102	-136	0	0	0	0	-1180	-2356
33	0	745	-103	-134	0	0	0	0	-1182	-2358
33	0	745	-103	-134	0	0	0	0	-1184	-2361
33	0	745	-103	-134	0	0	0	0	-1186	-2364
33	0	746	-100	-133	0	0	0	0	-1188	-2366
33	0	746	-100	-133	0	0	0	0	-1190	-2369
33	0	746	-100	-133	0	0	0	0	-1192	-2372
33	0	749	-94	-130	0	0	0	-1	-1194	-2374
33	0	749	-94	-130	0	0	0	-1	-1196	-2377
33	0	749	-94	-130	0	0	0	-1	-1198	-2380
33	0	749	-90	-126	0	0	0	-1	-1199	-2382
33	0	749	-90	-126	0	0	0	-1	-1201	-2385
33	0	749	-90	-126	0	0	0	-1	-1203	-2387
33	0	749	-90	-126	0	0	0	-1	-1205	-2390
33	0	750	-87	-115	0	0	0	-1	-1207	-2392
33	0	750	-87	-115	0	0	0	-1	-1208	-2395
33	0	750	-87	-115	0	0	0	-1	-1210	-2397
33	0	755	-84	-104	0	0	0	-1	-1212	-2399
33	0	755	-84	-104	0	0	0	-1	-1214	-2402
33	0	755	-84	-104	0	0	0	-1	-1215	-2404
33	0	757	-80	-97	0	0	0	-1	-1217	-2406
33	0	757	-80	-97	0	0	0	-1	-1219	-2408
33	0	757	-80	-97	0	0	0	-1	-1220	-2410
33	0	760	-79	-91	0	0	0	0	-1222	-2411
33	0	760	-79	-91	0	0	0	0	-1224	-2413
33	0	760	-79	-91	0	0	0	0	-1225	-2415
33	0	760	-79	-91	0	0	0	0	-1227	-2417
33	0	763	-77	-87	0	0	0	0	-1228	-2419
33	0	763	-77	-87	0	0	0	0	-1230	-2421
33	0	763	-77	-87	0	0	0	0	-1231	-2422
33	0	764	-78	-83	0	0	0	0	-1233	-2424
33	0	764	-78	-83	0	0	0	0	-1235	-2426
33	0	764	-78	-83	0	0	0	0	-1236	-2427
33	0	768	-81	-82	0	0	0	0	-1238	-2429
33	0	768	-81	-82	0	0	0	0	-1239	-2431
33	0	768	-81	-82	0	0	0	0	-1241	-2432
33	0	772	-82	-82	0	0	0	0	-1243	-2434
33	0	772	-82	-82	0	0	0	0	-1244	-2436
33	0	772	-82	-82	0	0	0	0	-1246	-2437
33	0	772	-82	-82	0	0	0	0	-1248	-2439
33	0	776	-83	-81	0	0	0	1	-1249	-2441
33	0	776	-83	-81	0	0	0	1	-1251	-2442
33	0	776	-83	-81	0	0	0	1	-1253	-2444
33	0	777	-84	-81	0	0	0	1	-1254	-2446
33	0	777	-84	-81	0	0	0	1	-1256	-2447
33	0	777	-84	-81	0	0	0	1	-1258	-2449
33	0	779	-83	-80	0	0	0	1	-1259	-2450
33	0	779	-83	-80	0	0	0	1	-1261	-2452
33	0	779	-83	-80	0	0	0	1	-1263	-2454
33	0	781	-84	-78	0	0	0	0	-1264	-2455
33	0	781	-84	-78	0	0	0	0	-1266	-2457
33	0	781	-84	-78	0	0	0	0	-1268	-2458
33	0	781	-84	-78	0	0	0	0	-1269	-2460
33	0	784	-88	-75	0	0	0	0	-1271	-2462
33	0	784	-88	-75	0	0	0	0	-1273	-2463
33	0	784	-88	-75	0	0	0	0	-1275	-2465
33	0	784	-90	-75	0	0	0	0	-1276	-2466
33	0	784	-90	-75	0	0	0	0	-1278	-2468
33	0	784	-90	-75	0	0	0	0	-1280	-2469
33	0	788	-88	-74	0	0	0	-1	-1282	-2471
33	0	788	-88	-74	0	0	0	-1	-1284	-2472
33	0	788	-88	-74	0	0	0	-1	-1285	-2474
33	0	789	-84	-75	0	0	0	-1	-1287	-2475
33	0	789	-84	-75	0	0	0	-1	-1289	-2477
33	0	789	-84	-75	0	0	0	-1	-1291	-2478
33	0	789	-84	-75	0	0	0	-1	-1292	-2480
33	0	788	-80	-73	0	0	0	-1	-1294	-2481
33	0	788	-80	-73	0	0	0	-1	-1296	-2483
33	0	788	-80	-73	0	0	0	-1	-1297	-2484
33	0	786	-77	-68	0	0	0	0	-1299	-2486
33	0	786	-77	-68	0	0	0	0	-1300	-2487
33	0	786	-77	-68	0	0	0	0	-1302	-2488
33	0	793	-73	-64	0	0	0	0	-1304	-2490
33	0	793	-73	-64	0	0	0	0	-1305	-2491
33	0	793	-73	-64	0	0	0	0	-1306	-2492
33	0	793	-70	-61	0	0	0	0	-1308	-2494
33	0	793	-70	-61	0	0	0	0	-1309	-2495
33	0	793	-70	-61	0	0	0	0	-1311	-2496
33	0	793	-70	-61	0	0	0	0	-1312	-2497
33	0	794	-67	-60	0	0	0	0	-1314	-2499
33	0	794	-67	-60	0	0	0	0	-1315	-2500
33	0	794	-67	-60	0	0	0	0	-1316	-2501
33	0	791	-63	-61	0	0	0	1	-1318	-2502
33	0	791	-63	-61	0	0	0	1	-1319	-2503
33	0	791	-63	-61	0	0	0	1	-1320	-2505
33	0	792	-59	-65	0	0	0	1	-1321	-2506
33	0	792	-59	-65	0	0	0	1	-1323	-2507
33	0	792	-59	-65	0	0	0	1	-1324	-2509
33	0	791	-55	-68	0	0	0	1	-1325	-2510
33	0	791	-55	-68	0	0	0	1	-1326	-2511
33	0	791	-55	-68	0	0	0	1	-1327	-2513
33	0	791	-55	-68	0	0	0	1	-1328	-2514
33	0	789	-50	-73	0	0	0	0	-1329	-2515
33	0	789	-50	-73	0	0	0	0	-1330	-2517
33	0	789	-50	-73	0	0	0	0	-1331	-2518
33	0	789	-46	-79	0	0	0	0	-1332	-2520
33	0	789	-46	-79	0	0	0	0	-1333	-2521
33	0	789	-46	-79	0	0	0	0	-1334	-2523
33	0	787	-40	-86	0	0	0	0	-1335	-2525
33	0	787	-40	-86	0	0	0	0	-1336	-2526
33	0	787	-40	-86	0	0	0	0	-1337	-2528
33	0	784	-30	-94	0	0	0	0	-1338	-2530
33	0	784	-30	-94	0	0	0	0	-1338	-2532
33	0	784	-30	-94	0	0	0	0	-1339	-2534
33	0	784	-30	-94	0	0	0	0	-1340	-2536
33	0	785	-24	-101	0	0	0	-1	-1340	-2537
33	0	785	-24	-101	0	0	0	-1	-1341	-2540
33	0	785	-24	-101	0	0	0	-1	-1341	-2542
33	0	781	-17	-109	0	0	0	-1	-1342	-2544
33	0	781	-17	-109	0	0	0	-1	-1342	-2546
33	0	781	-17	-109	0	0	0	-1	-1342	-2548
33	0	781	-13	-112	0	0	0	-1	-1343	-2550
33	0	781	-13	-112	0	0	0	-1	-1343	-2552
33	0	781	-13	-112	0	0	0	-1	-1343	-2555
33	0	779	-12	-113	0	0	0	-1	-1344	-2557
33	0	779	-12	-113	0	0	0	-1	-1344	-2559
33	0	779	-12	-113	0	0	0	-1	-1344	-2561
33	0	779	-12	-113	0	0	0	-1	-1344	-2564
32	0	779	-11	-114	0	0	0	0	-1344	-2566
32	0	779	-11	-114	0	0	0	0	-1345	-2568
32	0	779	-11	-114	0	0	0	0	-1345	-2571
32	0	776	-13	-115	0	0	0	0	-1345	-2573
32	0	776	-13	-115	0	0	0	0	-1345	-2575
32	0	776	-13	-115	0	0	0	0	-1346	-2578
32	0	774	-17	-116	0	0	0	0	-1346	-2580
32	0	774	-17	-116	0	0	0	0	-1346	-2582
32	0	774	-17	-116	0	0	0	0	-1347	-2584
32	0	771	-23	-117	0	0	0	1	-1347	-2587
32	0	771	-23	-117	0	0	0	1	-1347	-2589
32	0	771	-23	-117	0	0	0	1	-1348	-2591
32	0	771	-23	-117	0	0	0	1	-1348	-2594
32	0	769	-26	-119	0	0	0	1	-1349	-2596
32	0	769	-26	-119	0	0	0	1	-1349	-2599
32	0	769	-26	-119	0	0	0	1	-1350	-2601
32	0	766	-30	-119	0	0	0	1	-1350	-2603
32	0	766	-30	-119	0	0	0	1	-1351	-2606
32	0	766	-30	-119	0	0	0	1	-1352	-2608
32	0	763	-32	-120	0	0	0	0	-1352	-2611
32	0	763	-32	-120	0	0	0	0	-1353	-2613
32	0	763	-32	-120	0	0	0	0	-1354	-2615
32	0	760	-35	-120	0	0	0	0	-1354	-2618
32	0	760	-35	-120	0	0	0	0	-1355	-2620
32	0	760	-35	-120	0	0	0	0	-1356	-2623
32	0	760	-35	-120	0	0	0	0	-1356	-2625
32	0	755	-34	-121	0	0	0	0	-1357	-2628
32	0	755	-34	-121	0	0	0	0	-1358	-2630
32	0	755	-34	-121	0	0	0	0	-1358	-2632
32	0	751	-32	-123	0	0	0	0	-1359	-2635
32	0	751	-32	-123	0	0	0	0	-1360	-2637
32	0	751	-32	-123	0	0	0	0	-1360	-2640
32	0	747	-29	-123	0	0	0	-1	-1361	-2642
32	0	747	-29	-123	0	0	0	-1	-1362	-2645
32	0	747	-29	-123	0	0	0	-1	-1362	-2647
32	0	742	-26	-122	0	0	0	-1	-1363	-2650
32	0	742	-26	-122	0	0	0	-1	-1363	-2652
32	0	742	-26	-122	0	0	0	-1	-1364	-2655
32	0	742	-26	-122	0	0	0	-1	-1364	-2657
32	0	738	-21	-117	0	0	0	-1	-1365	-2659
32	0	738	-21	-117	0	0	0	-1	-1365	-2662
32	0	738	-21	-117	0	0	0	-1	-1366	-2664
32	0	735	-14	-112	0	0	0	0	-1366	-2667
32	0	735	-14	-112	0	0	0	0	-1367	-2669
32	0	735	-14	-112	0	0	0	0	-1367	-2671
32	0	732	-7	-108	0	0	0	0	-1367	-2673
32	0	732	-7	-108	0	0	0	0	-1367	-2676
32	0	732	-7	-108	0	0	0	0	-1367	-2678
31	0	729	-3	-106	0	0	0	0	-1368	-2680
31	0	729	-3	-106	0	0	0	0	-1368	-2682
31	0	729	-3	-106	0	0	0	0	-1368	-2684
31	0	729	-3	-106	0	0	0	0	-1368	-2686
31	0	726	-2	-106	0	0	0	0	-1368	-2688
31	0	726	-2	-106	0	0	0	0	-1368	-2691
31	0	726	-2	-106	0	0	0	0	-1368	-2693
31	0	724	-1	-105	0	0	0	1	-1368	-2695
31	0	724	-1	-105	0	0	0	1	-1368	-2697
31	0	724	-1	-105	0	0	0	1	-1368	-2699
31	0	721	-3	-107	0	0	0	1	-1368	-2701
31	0	721	-3	-107	0	0	0	1	-1368	-2703
31	0	721	-3	-107	0	0	0	1	-1368	-2706
31	0	720	-8	-108	0	0	0	1	-1368	-2708
31	0	720	-8	-108	0	0	0	1	-1368	-2710
31	0	720	-8	-108	0	0	0	1	-1369	-2712
31	0	720	-8	-108	0	0	0	1	-1369	-2714
31	0	718	-15	-109	0	0	0	1	-1369	-2716
31	0	718	-15	-109	0	0	0	1	-1369	-2719
31	0	718	-15	-109	0	0	0	1	-1370	-2721
31	0	717	-15	-126	0	0	-2	1	-1370	-2723
31	0	717	-15	-126	0	0	-2	1	-1370	-2726
31	0	717	-15	-126	0	0	-2	1	-1371	-2730
31	0	714	-17	-166	0	0	-4	1	-1371	-2731
31	0	714	-17	-166	0	0	-4	1	-1371	-2734
31	0	714	-17	-166	0	0	-4	1	-1372	-2737
31	0	712	19	-229	0	0	-7	1	-1372	-2741
31	0	712	19	-229	0	0	-7	1	-1372	-2745
31	0	712	19	-229	0	0	-7	1	-1371	-2750
31	0	712	19	-229	0	0	-7	1	-1371	-2754
31	0	710	30	-316	0	0	-9	1	-1370	-2759
31	0	710	30	-316	0	0	-9	1	-1370	-2765
31	0	710	30	-316	0	0	-9	1	-1369	-2772
31	0	711	30	-419	0	0	-10	1	-1369	-2778
31	0	711	30	-419	0	0	-10	1	-1368	-2787
31	0	711	30	-419	0	0	-10	1	-1367	-2795
31	0	712	31	-512	0	0	-8	1	-1367	-2804
31	0	712	31	-512	0	0	-8	1	-1366	-2813
31	0	712	31	-512	0	0	-8	1	-1365	-2824
31	0	713	34	-555	0	0	-4	1	-1365	-2834
31	0	713	34	-555	0	0	-4	1	-1364	-2845
31	0	713	34	-555	0	0	-4	1	-1363	-2856
31	0	713	39	-552	0	0	0	1	-1363	-2867
31	0	713	39	-552	0	0	0	1	-1362	-2878
31	0	713	39	-552	0	0	0	1	-1361	-2889
31	0	713	39	-552	0	0	0	1	-1360	-2900
31	0	713	41	-520	0	0	1	0	-1360	-2911
31	0	713	41	-520	0	0	1	0	-1359	-2922
31	0	713	41	-520	0	0	1	0	-1358	-2934
31	0	710	39	-475	0	0	2	0	-1357	-2944
31	0	710	39	-475	0	0	2	0	-1356	-2953
31	0	710	39	-475	0	0	2	0	-1355	-2963
31	0	699	38	-426	0	0	2	0	-1355	-2972
31	0	699	38	-426	0	0	2	0	-1354	-2981
31	0	699	38	-426	0	0	2	0	-1353	-2989
31	0	699	32	-376	0	0	2	-1	-1352	-2998
31	0	704	32	-376	0	0	2	-1	-1352	-3005
31	0	704	32	-376	0	0	2	-1	-1351	-3013
31	0	704	32	-376	0	0	2	-1	-1350	-3020
31	0	703	24	-332	0	0	2	-1	-1350	-3028
31	0	703	24	-332	0	0	2	-1	-1349	-3035
31	0	703	24	-332	0	0	2	-1	-1349	-3041
31	0	704	15	-287	0	0	2	-1	-1348	-3048
31	0	704	15	-287	0	0	2	-1	-1348	-3054
31	0	704	15	-287	0	0	2	-1	-1348	-3059
31	0	706	8	-247	0	0	2	-1	-1347	-3065
31	0	706	8	-247	0	0	2	-1	-1347	-3070
31	0	706	8	-247	0	0	2	-1	-1347	-3075
31	0	706	8	-247	0	0	2	-1	-1347	-3080
31	0	707	2	-214	0	0	1	-1	-1347	-3085
31	0	707	2	-214	0	0	1	-1	-1346	-3089
31	0	707	2	-214	0	0	1	-1	-1346	-3094
31	0	711	-3	-195	0	0	0	-1	-1346	-3098
31	0	711	-3	-195	0	0	0	-1	-1346	-3102
31	0	711	-3	-195	0	0	0	-1	-1347	-3106
31	0	716	-10	-205	0	0	-2	-1	-1347	-3110
31	0	716	-10	-205	0	0	-2	-1	-1347	-3114
31	0	716	-10	-205	0	0	-2	-1	-1347	-3118
31	0	721	-16	-234	0	0	-3	-1	-1347	-3122
31	0	721	-16	-234	0	0	-3	-1	-1348	-3127
31	0	721	-16	-234	0	0	-3	-1	-1348	-3131
31	0	724	-21	-263	0	0	-3	0	-1348	-3136
31	0	724	-21	-263	0	0	-3	0	-1349	-3141
31	0	724	-21	-263	0	0	-3	0	-1349	-3147
31	0	724	-21	-263	0	0	-3	0	-1350	-3152
31	0	731	-26	-285	0	0	-2	0	-1350	-3157
31	0	731	-26	-285	0	0	-2	0	-1350	-3163
31	0	731	-26	-285	0	0	-2	0	-1351	-3169
31	0	735	-31	-297	0	0	-1	0	-1352	-3174
31	0	735	-31	-297	0	0	-1	0	-1352	-3180
31	0	735	-31	-297	0	0	-1	0	-1353	-3186
31	0	739	-33	-295	0	0	0	0	-1353	-3192
31	0	739	-33	-295	0	0	0	0	-1354	-3198
31	0	739	-33	-295	0	0	0	0	-1355	-3204
31	0	744	-37	-284	0	0	0	0	-1355	-3210
31	0	744	-37	-284	0	0	0	0	-1356	-3216
31	0	744	-37	-284	0	0	0	0	-1357	-3221
31	0	744	-37	-284	0	0	0	0	-1358	-3227
31	0	747	-37	-267	0	0	0	1	-1358	-3233
31	0	747	-37	-267	0	0	0	1	-1359	-3238
31	0	747	-37	-267	0	0	0	1	-1360	-3243
30	0	750	-25	-248	0	-1	0	0	-1361	-3249
30	0	750	-25	-248	0	-1	0	0	-1361	-3254
30	0	750	-25	-248	0	-1	0	0	-1362	-3259
30	0	748	7	-229	0	-3	0	0	-1362	-3264
30	0	748	7	-229	0	-3	0	0	-1362	-3269
30	0	748	7	-229	0	-3	0	0	-1362	-3273
30	0	747	63	-207	0	-4	1	0	-1362	-3278
30	0	747	63	-207	0	-4	1	0	-1360	-3282
30	0	747	63	-207	0	-4	1	0	-1359	-3286
30	0	747	63	-207	0	-4	1	0	-1358	-3290
30	0	750	109	-176	0	-3	1	0	-1357	-3294
30	0	750	109	-176	0	-3	1	0	-1354	-3298
30	0	750	109	-176	0	-3	1	0	-1352	-3301
30	0	752	138	-142	0	-2	2	0	-1350	-3305
30	0	752	138	-142	0	-2	2	0	-1347	-3308
30	0	752	138	-142	0	-2	2	0	-1345	-3311
30	0	752	145	-108	0	0	2	0	-1342	-3314
30	0	752	145	-108	0	0	2	0	-1339	-3316
30	0	752	145	-108	0	0	2	0	-1336	-3318
30	0	752	130	-72	0	1	2	0	-1333	-3320
30	0	752	130	-72	0	1	2	0	-1330	-3322
30	0	752	130	-72	0	1	2	0	-1328	-3323
30	0	752	130	-72	0	1	2	0	-1325	-3324
30	0	753	99	-39	0	2	2	0	-1323	-3326
30	0	753	99	-39	0	2	2	0	-1321	-3327
30	0	753	99	-39	0	2	2	0	-1319	-3327
30	0	756	59	-12	0	3	1	0	-1317	-3328
30	0	756	59	-12	0	3	1	0	-1315	-3328
30	0	756	59	-12	0	3	1	0	-1314	-3329
30	0	759	21	4	0	3	1	0	-1313	-3329
30	0	759	21	4	0	3	1	0	-1313	-3329
30	0	759	21	4	0	3	1	0	-1312	-3329
30	0	760	-14	11	0	2	0	0	-1312	-3329
30	0	760	-14	11	0	2	0	0	-1312	-3328
30	0	760	-14	11	0	2	0	0	-1312	-3328
30	0	760	-14	11	0	2	0	0	-1313	-3328
30	0	760	-40	12	0	2	0	0	-1313	-3328
30	0	760	-40	12	0	2	0	0	-1314	-3328
30	0	760	-40	12	0	2	0	0	-1315	-3327
30	0	759	-60	11	0	1	0	0	-1315	-3327
30	0	759	-60	11	0	1	0	0	-1317	-3327
30	0	759	-60	11	0	1	0	0	-1318	-3327
30	0	759	-73	10	0	0	0	0	-1319	-3326
30	0	759	-73	10	0	0	0	0	-1320	-3326
30	0	759	-73	10	0	0	0	0	-1322	-3326
30	0	758	-78	8	0	0	0	0	-1323	-3326
30	0	758	-78	8	0	0	0	0	-1325	-3326
30	0	758	-78	8	0	0	0	0	-1326	-3325
30	0	758	-78	8	0	0	0	0	-1328	-3325
30	0	745	-79	8	0	0	0	0	-1330	-3325
30	0	745	-79	8	0	0	0	0	-1331	-3325
30	0	745	-79	8	0	0	0	0	-1333	-3325
30	0	720	-80	19	0	0	0	0	-1334	-3325
30	0	720	-80	19	0	0	0	0	-1336	-3324
30	0	720	-80	19	0	0	0	0	-1338	-3324
30	0	698	-84	22	0	0	-1	0	-1339	-3323
30	0	698	-84	22	0	0	-1	0	-1341	-3323
30	0	698	-84	22	0	0	-1	0	-1342	-3323
30	0	698	-84	22	0	0	-1	0	-1344	-3322
30	0	659	-89	12	0	0	-1	0	-1346	-3322
30	0	659	-89	12	0	0	-1	0	-1348	-3321
30	0	659	-89	12	0	0	-1	0	-1349	-3321
30	0	628	-92	-7	0	0	-1	0	-1351	-3321
30	0	628	-92	-7	0	0	-1	0	-1353	-3321
30	0	628	-92	-7	0	0	-1	0	-1355	-3321
30	0	590	-92	-25	0	0	-1	0	-1357	-3321
30	0	590	-92	-25	0	0	-1	0	-1359	-3322
30	0	590	-92	-25	0	0	-1	0	-1361	-3322
30	0	542	-92	-38	0	0	0	0	-1362	-3323
30	0	542	-92	-38	0	0	0	0	-1364	-3324
30	0	542	-92	-38	0	0	0	0	-1366	-3324
30	0	497	-92	-45	0	0	0	0	-1368	-3325
30	0	497	-92	-45	0	0	0	0	-1370	-3326
30	0	497	-92	-45	0	0	0	0	-1372	-3327
30	0	497	-92	-45	0	0	0	0	-1374	-3328
30	0	447	-88	-44	0	0	0	0	-1375	-3329
30	0	447	-88	-44	0	0	0	0	-1377	-3330
30	0	447	-88	-44	0	0	0	0	-1379	-3331
30	0	395	-87	-34	0	-1	-1	0	-1381	-3332
30	0	395	-87	-34	0	-1	-1	0	-1382	-3332
30	0	395	-87	-34	0	-1	-1	0	-1384	-3333
30	0	342	-57	-64	0	-3	-2	0	-1386	-3334
30	0	342	-57	-64	0	-3	-2	0	-1387	-3335
30	0	342	-57	-64	0	-3	-2	0	-1388	-3336
30	0	342	-57	-64	0	-3	-2	0	-1389	-3337
30	0	0	0	0	0	-5	-3	0	-1391	-3339
30	0	0	0	0	0	-5	-3	0	-1391	-3339
30	0	0	0	0	0	-5	-3	0	-1391	-3339
30	0	0	0	0	0	-8	-2	0	-1391	-3339
30	0	0	0	0	0	-8	-2	0	-1391	-3339
30	0	0	0	0	0	-8	-2	0	-1391	-3339
30	0	0	0	0	0	-11	-2	0	-1391	-3339
30	0	0	0	0	0	-11	-2	0	-1391	-3339
30	0	0	0	0	0	-11	-2	0	-1391	-3339
30	0	0	0	0	0	-3	0	0	-1391	-3339
30	0	0	0	0	0	-3	0	0	-1391	-3339
30	0	0	0	0	0	-3	0	0	-1391	-3339
30	0	0	0	0	0	-3	0	0	-1391	-3339
30	0	0	0	0	0	1	0	1	-1391	-3339
30	0	0	0	0	0	1	0	1	-1391	-3339
30	0	0	0	0	0	0	0	2	-1391	-3339
30	0	0	0	0	0	0	0	2	-1391	-3339
30	0	0	0	0	0	0	0	2	-1391	-3339
30	0	0	0	0	0	0	0	2	-1391	-3339
30	0	0	0	0	0	0	0	2	-1391	-3339
30	0	0	0	0	0	0	0	2	-1391	-3339
30	0	0	0	0	0	0	0	2	-1391	-3339
30	0	0	0	0	0	0	0	2	-1391	-3339
30	0	0	0	0	0	0	0	2	-1391	-3339
30	0	0	0	0	0	0	0	2	-1391	-3339
30	0	0	0	0	0	0	0	2	-1391	-3339
30	0	0	0	0	0	0	0	2	-1391	-3339
30	0	0	0	0	0	0	0	2	-1391	-3339
30	0	0	0	0	0	0	0	2	-1391	-3339
30	0	0	0	0	0	0	0	2	-1391	-3339
30	0	0	0	0	0	0	0	2	-1391	-3339
30	0	0	0	0	0	0	0	2	-1391	-3339
30	0	0	0	0	0	0	0	2	-1391	-3339
30	0	0	0	0	0	0	0	2	-1391	-3339
30	0	0	0	0	0	0	0	2	-1391	-3339
30	0	0	0	0	0	0	0	2	-1391	-3339
30	0	0	0	0	0	0	0	2	-1391	-3339
30	0	0	0	0	0	0	0	2	-1391	-3339
30	0	0	0	0	0	0	0	2	-1391	-3339
30	0	0	0	0	0	0	0	2	-1391	-3339
30	0	0	0	0	0	0	0	2	-1391	-3339
30	0	0	0	0	0	0	0	2	-1391	-3339
30	0	0	0	0	0	0	0	2	-1391	-3339
30	0	0	0	0	0	0	0	2	-1391	-3339
30	0	0	0	0	0	0	0	2	-1391	-3339
30	0	0	0	0	0	0	0	2	-1391	-3339
30	0	0	0	0	0	0	0	2	-1391	-3339
30	0	0	0	0	0	0	0	2	-1391	-3339
30	0	0	0	0	0	0	0	2	-1391	-3339
30	0	0	0	0	0	0	0	2	-1391	-3339
30	0	0	0	0	0	0	0	2	-1391	-3339
30	0	0	0	0	0	0	0	2	-1391	-3339
30	0	0	0	0	0	0	0	2	-1391	-3339
30	0	0	0	0	0	0	0	2	-1391	-3339
30	0	0	0	0	0	0	0	2	-1391	-3339
30	0	0	0	0	0	0	0	2	-1391	-3339
30	0	0	0	0	0	0	0	2	-1391	-3339
30	0	0	0	0	0	0	0	2	-1391	-3339
30	0	0	0	0	0	0	0	2	-1391	-3339
30	0	0	0	0	0	0	0	2	-1391	-3339
30	0	0	0	0	0	0	0	2	-1391	-3339
30	0	0	0	0	0	0	0	2	-1391	-3339
30	0	0	0	0	0	0	0	2	-1391	-3339
30	0	0	0	0	0	0	0	2	-1391	-3339
30	0	0	0	0	0	0	0	2	-1391	-3339
30	0	0	0	0	0	0	0	2	-1391	-3339
30	0	0	0	0	0	0	0	2	-1391	-3339
30	0	0	0	0	0	0	0	2	-1391	-3339
30	0	0	0	0	0	0	0	2	-1391	-3339
30	0	0	0	0	0	0	0	2	-1391	-3339
30	0	0	0	0	0	0	0	2	-1391	-3339
30	0	0	0	0	0	0	0	2	-1391	-3339
30	0	0	0	0	0	0	0	2	-1391	-3339
30	0	0	0	0	0	0	0	2	-1391	-3339
30	0	0	0	0	0	0	0	2	-1391	-3339
30	0	0	0	0	0	0	0	2	-1391	-3339
30	0	0	0	0	0	0	0	2	-1391	-3339
30	0	0	0	0	0	0	0	2	-1391	-3339
30	0	0	0	0	0	0	0	2	-1391	-3339
30	0	0	0	0	0	0	0	2	-1391	-3339
30	0	0	0	0	0	0	0	2	-1391	-3339
30	0	0	0	0	0	0	0	2	-1391	-3339
30	0	0	0	0	0	0	0	2	-1391	-3339
30	0	0	0	0	0	0	0	2	-1391	-3339
30	0	0	0	0	0	0	0	2	-1391	-3339
30	0	0	0	0	0	0	0	2	-1391	-3339
30	0	0	0	0	0	0	0	2	-1391	-3339
30	0	0	0	0	0	0	0	2	-1391	-3339
30	0	0	0	0	0	0	0	2	-1391	-3339
30	0	0	0	0	0	0	0	2	-1391	-3339
30	0	0	0	0	0	0	0	2	-1391	-3339
30	0	0	0	0	0	0	0	2	-1391	-3339
30	0	0	0	0	0	0	0	2	-1391	-3339
30	0	0	0	0	0	0	0	2	-1391	-3339
30	0	0	0	0	0	0	0	2	-1391	-3339
30	0	0	0	0	0	0	0	2	-1391	-3339
30	0	0	0	0	0	0	0	2	-1391	-3339
30	0	0	0	0	0	0	0	2	-1391	-3339
30	0	0	0	0	0	0	0	2	-1391	-3339
30	0	0	0	0	0	0	0	2	-1391	-3339
30	0	0	0	0	0	0	0	2	-1391	-3339
30	0	0	0	0	0	0	0	2	-1391	-3339
30	0	0	0	0	0	0	0	2	-1391	-3339
30	0	0	0	0	0	0	0	2	-1391	-3339
30	0	0	0	0	0	0	0	2	-1391	-3339
30	0	0	0	0	0	0	0	2	-1391	-3339
30	0	0	0	0	0	0	0	2	-1391	-3339
30	0	0	0	0	0	0	0	2	-1391	-3339
30	0	0	0	0	0	0	0	2	-1391	-3339
30	0	0	0	0	0	0	0	2	-1391	-3339
30	0	0	0	0	0	0	0	2	-1391	-3339
30	0	0	0	0	0	0	0	2	-1391	-3339
30	0	0	0	0	0	0	0	2	-1391	-3339
30	0	0	0	0	0	0	0	2	-1391	-3339
30	0	0	0	0	0	0	0	2	-1391	-3339
30	0	0	0	0	0	0	0	2	-1391	-3339
30	0	0	0	0	0	0	0	2	-1391	-3339
30	0	0	0	0	0	0	0	2	-1391	-3339
30	0	0	0	0	0	0	0	2	-1391	-3339
30	0	0	0	0	0	0	0	2	-1391	-3339
30	0	0	0	0	0	0	0	2	-1391	-3339
30	0	0	0	0	0	0	0	2	-1391	-3339
30	0	0	0	0	0	0	0	2	-1391	-3339
30	0	0	0	0	0	0	0	2	-1391	-3339
30	0	0	0	0	0	0	0	2	-1391	-3339
30	0	0	0	0	0	0	0	2	-1391	-3339
30	0	0	0	0	0	0	0	2	-1391	-3339
30	0	0	0	0	0	0	0	2	-1391	-3339
30	0	0	0	0	0	0	0	2	-1391	-3339
30	0	0	0	0	0	0	0	2	-1391	-3339
30	0	0	0	0	0	0	0	2	-1391	-3339
30	0	0	0	0	0	0	0	2	-1391	-3339
30	0	0	0	0	0	0	0	2	-1391	-3339
30	0	0	0	0	0	0	0	2	-1391	-3339
30	0	0	0	0	0	0	0	2	-1391	-3339
30	0	0	0	0	0	0	0	2	-1391	-3339
30	0	0	0	0	0	0	0	2	-1391	-3339
30	0	0	0	0	0	0	0	2	-1391	-3339
30	0	0	0	0	0	0	0	2	-1391	-3339
30	0	0	0	0	0	0	0	2	-1391	-3339
30	0	0	0	0	0	0	0	2	-1391	-3339
30	0	0	0	0	0	0	0	2	-1391	-3339
30	0	0	0	0	0	0	0	2	-1391	-3339
30	0	0	0	0	0	0	0	2	-1391	-3339
30	0	0	0	0	0	0	0	2	-1391	-3339
30	0	0	0	0	0	0	0	2	-1391	-3339
30	0	0	0	0	0	0	0	2	-1391	-3339
30	0	0	0	0	0	0	0	2	-1391	-3339
30	0	0	0	0	0	0	0	2	-1391	-3339
30	0	0	0	0	0	0	0	2	-1391	-3339
30	0	0	0	0	0	0	0	2	-1391	-3339
30	0	0	0	0	0	0	0	2	-1391	-3339
30	0	0	0	0	0	0	0	2	-1391	-3339
30	0	0	0	0	0	0	0	2	-1391	-3339
30	0	0	0	0	0	0	0	2	-1391	-3339
30	0	0	0	0	0	0	0	2	-1391	-3339
30	0	0	0	0	0	0	0	2	-1391	-3339
30	0	0	0	0	0	0	0	2	-1391	-3339
30	0	0	0	0	0	0	0	2	-1391	-3339
30	0	0	0	0	0	0	0	2	-1391	-3339
30	0	0	0	0	0	0	0	2	-1391	-3339
30	0	0	0	0	0	0	0	2	-1391	-3339
30	0	0	0	0	0	0	0	2	-1391	-3339
30	0	0	0	0	0	0	0	2	-1391	-3339
30	0	0	0	0	0	0	0	2	-1391	-3339
30	0	0	0	0	0	0	0	2	-1391	-3339
30	0	0	0	0	0	0	0	2	-1391	-3339
30	0	0	0	0	0	0	0	2	-1391	-3339
30	0	0	0	0	0	0	0	2	-1391	-3339
30	0	0	0	0	0	0	0	2	-1391	-3339
30	0	0	0	0	0	0	0	2	-1391	-3339
30	0	0	0	0	0	0	0	2	-1391	-3339
30	0	0	0	0	0	0	0	2	-1391	-3339
30	0	0	0	0	0	0	0	2	-1391	-3339
30	0	0	0	0	0	0	0	2	-1391	-3339
30	0	0	0	0	0	0	0	2	-1391	-3339
30	0	0	0	0	0	0	0	2	-1391	-3339
30	0	0	0	0	0	0	0	2	-1391	-3339
30	0	0	0	0	0	0	0	2	-1391	-3339
30	0	0	0	0	0	0	0	2	-1391	-3339
30	0	0	0	0	0	0	0	2	-1391	-3339
30	0	0	0	0	0	0	0	2	-1391	-3339
30	0	0	0	0	0	0	0	2	-1391	-3339
30	0	0	0	0	0	0	0	2	-1391	-3339
30	0	0	0	0	0	0	0	2	-1391	-3339
30	0	0	0	0	0	0	0	2	-1391	-3339
30	0	0	0	0	0	0	0	2	-1391	-3339
30	0	0	0	0	0	0	0	2	-1391	-3339
30	0	0	0	0	0	0	0	2	-1391	-3339
30	0	0	0	0	0	0	0	2	-1391	-3339
30	0	0	0	0	0	0	0	2	-1391	-3339
30	0	0	0	0	0	0	0	2	-1391	-3339
30	0	0	0	0	0	0	0	2	-1391	-3339
30	0	0	0	0	0	0	0	2	-1391	-3339
30	0	0	0	0	0	0	0	2	-1391	-3339
30	0	0	0	0	0	0	0	2	-1391	-3339
30	0	0	0	0	0	0	0	2	-1391	-3339
30	0	0	0	0	0	0	0	2	-1391	-3339
30	0	0	0	0	0	0	0	2	-1391	-3339
30	0	0	0	0	0	0	0	2	-1391	-3339
30	0	0	0	0	0	0	0	2	-1391	-3339
30	0	0	0	0	0	0	0	2	-1391	-3339
30	0	0	0	0	0	0	0	2	-1391	-3339
30	0	0	0	0	0	0	0	2	-1391	-3339
30	0	0	0	0	0	0	0	2	-1391	-3339
30	0	0	0	0	0	0	0	2	-1391	-3339
30	0	0	0	0	0	0	0	2	-1391	-3339
30	0	0	0	0	0	0	0	2	-1391	-3339
30	0	0	0	0	0	0	0	2	-1391	-3339
30	0	0	0	0	0	0	0	2	-1391	-3339
30	0	0	0	0	0	0	0	2	-1391	-3339
30	0	0	0	0	0	0	0	2	-1391	-3339
30	0	0	0	0	0	0	0	2	-1391	-3339
30	0	0	0	0	0	0	0	2	-1391	-3339
30	0	0	0	0	0	0	0	2	-1391	-3339
30	0	0	0	0	0	0	0	2	-1391	-3339
30	0	0	0	0	0	0	0	2	-1391	-3339
30	0	0	0	0	0	0	0	2	-1391	-3339
30	0	0	0	0	0	0	0	2	-1391	-3339
30	0	0	0	0	0	0	0	2	-1391	-3339
30	0	0	0	0	0	0	0	2	-1391	-3339
30	0	0	0	0	0	0	0	2	-1391	-3339
30	0	0	0	0	0	0	0	2	-1391	-3339
30	0	0	0	0	0	0	0	2	-1391	-3339
30	0	0	0	0	0	0	0	2	-1391	-3339
30	0	0	0	0	0	0	0	2	-1391	-3339
30	0	0	0	0	0	0	0	2	-1391	-3339
30	0	0	0	0	0	0	0	2	-1391	-3339
30	0	0	0	0	0	0	0	2	-1391	-3339
30	0	0	0	0	0	0	0	2	-1391	-3339
30	0	0	0	0	0	0	0	2	-1391	-3339
30	0	0	0	0	0	0	0	2	-1391	-3339
30	0	0	0	0	0	-1	0	2	-1391	-3339
30	0	0	0	0	0	-1	0	2	-1391	-3339
30	0	0	0	0	0	-1	0	2	-1391	-3339
30	0	0	0	0	0	-1	0	2	-1391	-3339
30	0	0	0	0	0	-1	0	2	-1391	-3339
30	0	0	0	0	0	-1	0	2	-1391	-3339
30	0	0	0	0	0	-1	0	2	-1391	-3339
30	0	0	0	0	0	-1	0	2	-1391	-3339
30	0	0	0	0	0	-1	0	2	-1391	-3339
30	0	0	0	0	0	-1	0	2	-1391	-3339
30	0	0	0	0	0	-1	0	2	-1391	-3339
30	0	0	0	0	0	-1	0	2	-1391	-3339
30	0	0	0	0	0	-1	0	2	-1391	-3339
30	0	0	0	0	0	-1	0	2	-1391	-3339
30	0	0	0	0	0	-1	0	2	-1391	-3339
30	0	0	0	0	0	-1	0	2	-1391	-3339
30	0	0	0	0	0	-1	0	2	-1391	-3339
