bat	flyst.	alt	vx	vy	vz	theta	phi	psi	px	py
0	0	0	0	0	0	0	0	0	0	0
0	0	0	0	0	0	0	0	0	0	0
0	0	0	0	0	0	0	0	0	0	0
0	0	0	0	0	0	0	0	0	0	0
0	0	0	0	0	0	0	0	0	0	0
0	0	0	0	0	0	0	0	0	0	0
0	0	0	0	0	0	0	0	0	0	0
0	0	0	0	0	0	0	0	0	0	0
0	0	0	0	0	0	0	0	0	0	0
0	0	0	0	0	0	0	0	0	0	0
0	0	0	0	0	0	0	0	0	0	0
0	0	0	0	0	0	0	0	0	0	0
0	0	0	0	0	0	0	0	0	0	0
0	0	0	0	0	0	0	0	0	0	0
0	0	0	0	0	0	0	0	0	0	0
0	0	0	0	0	0	0	0	0	0	0
0	0	0	0	0	0	0	0	0	0	0
0	0	0	0	0	0	0	0	0	0	0
0	0	0	0	0	0	0	0	0	0	0
0	0	0	0	0	0	0	0	0	0	0
0	0	0	0	0	0	0	0	0	0	0
26	0	0	0	0	0	-1	0	-7	0	0
26	0	0	0	0	0	-1	0	-7	0	0
26	0	0	0	0	0	-1	0	-7	0	0
26	0	0	0	0	0	-1	0	-7	0	0
26	0	0	0	0	0	-1	0	-7	0	0
26	0	0	0	0	0	-1	0	-7	0	0
26	0	0	0	0	0	-1	0	-7	0	0
26	0	0	0	0	0	-1	0	-7	0	0
26	0	0	0	0	0	-1	0	-7	0	0
26	0	0	0	0	0	-1	0	-7	0	0
26	0	0	0	0	0	-1	0	-7	0	0
26	0	0	0	0	0	-1	0	-7	0	0
26	0	0	0	0	0	-1	0	-7	0	0
26	0	0	0	0	0	-1	0	-7	0	0
26	0	0	0	0	0	-1	0	-7	0	0
26	0	0	0	0	0	-1	0	-7	0	0
26	0	0	0	0	0	-1	0	-7	0	0
26	0	0	0	0	0	-1	0	-7	0	0
26	0	0	0	0	0	-1	0	-7	0	0
26	0	0	0	0	0	-1	0	-7	0	0
26	0	0	0	0	0	-1	0	-7	0	0
26	0	0	0	0	0	-1	0	-7	0	0
26	0	0	0	0	0	-1	0	-7	0	0
26	0	0	0	0	0	-1	0	-7	0	0
26	0	0	0	0	0	-1	0	-7	0	0
26	0	0	0	0	0	-1	0	-7	0	0
26	0	0	0	0	0	-1	0	-7	0	0
26	0	0	0	0	0	-1	0	-7	0	0
26	0	0	0	0	0	-1	0	-7	0	0
26	0	0	0	0	0	-1	0	-7	0	0
26	0	0	0	0	0	-1	0	-7	0	0
26	0	0	0	0	0	-1	0	-7	0	0
26	0	0	0	0	0	-1	0	-7	0	0
26	0	0	0	0	0	-1	0	-7	0	0
26	0	0	0	0	0	-1	0	-7	0	0
26	0	0	0	0	0	-1	0	-7	0	0
26	0	0	0	0	0	-1	0	-7	0	0
26	0	0	0	0	0	-1	0	-7	0	0
26	0	0	0	0	0	-1	0	-7	0	0
26	0	0	0	0	0	-1	0	-7	0	0
26	0	0	0	0	0	-1	0	-7	0	0
26	0	0	0	0	0	-1	0	-7	0	0
26	0	0	0	0	0	-1	0	-7	0	0
26	0	0	0	0	0	-1	0	-7	0	0
26	0	0	0	0	0	-1	0	-7	0	0
26	0	0	0	0	0	-1	0	-7	0	0
26	0	0	0	0	0	-1	0	-7	0	0
26	0	0	0	0	0	-1	0	-7	0	0
26	0	0	0	0	0	-1	0	-7	0	0
26	0	0	0	0	0	-1	0	-7	0	0
26	0	0	0	0	0	-1	0	-7	0	0
26	0	0	0	0	0	-1	0	-7	0	0
26	0	0	0	0	0	-1	0	-7	0	0
26	0	0	0	0	0	-1	0	-7	0	0
26	0	0	0	0	0	-1	0	-7	0	0
26	0	0	0	0	0	-1	0	-7	0	0
26	0	0	0	0	0	-1	0	-7	0	0
26	0	0	0	0	0	-1	0	-7	0	0
26	0	0	0	0	0	-1	0	-7	0	0
26	0	0	0	0	0	-1	0	-7	0	0
26	0	0	0	0	0	-1	0	-7	0	0
26	0	0	0	0	0	-1	0	-7	0	0
26	0	0	0	0	0	-1	0	-7	0	0
26	0	0	0	0	0	-1	0	-7	0	0
26	0	0	0	0	0	-1	0	-7	0	0
26	0	0	0	0	0	-1	0	-7	0	0
26	0	0	0	0	0	-1	0	-7	0	0
26	0	0	0	0	0	-1	0	-7	0	0
26	0	0	0	0	0	-1	0	-7	0	0
26	0	0	0	0	0	-1	0	-7	0	0
26	0	0	0	0	0	-1	0	-7	0	0
26	0	0	0	0	0	-1	0	-7	0	0
26	0	0	0	0	0	-1	0	-7	0	0
26	0	0	0	0	0	-1	0	-7	0	0
26	0	0	0	0	0	-1	0	-7	0	0
26	0	0	0	0	0	-1	0	-7	0	0
26	0	0	0	0	0	-1	0	-7	0	0
26	0	0	0	0	0	-1	0	-7	0	0
26	0	0	0	0	0	-1	0	-7	0	0
26	0	0	0	0	0	-1	0	-7	0	0
26	0	0	0	0	0	-1	0	-7	0	0
26	0	0	0	0	0	-1	0	-7	0	0
26	0	0	0	0	0	-1	0	-7	0	0
26	0	0	0	0	0	-1	0	-7	0	0
26	0	0	0	0	0	-1	0	-7	0	0
26	0	0	0	0	0	-1	0	-7	0	0
26	0	0	0	0	0	-1	0	-7	0	0
26	0	0	0	0	0	-1	0	-7	0	0
26	0	0	0	0	0	-1	0	-7	0	0
26	0	0	0	0	0	-1	0	-7	0	0
26	0	0	0	0	0	-1	0	-7	0	0
26	0	0	0	0	0	-1	0	-7	0	0
26	0	0	0	0	0	-1	0	-7	0	0
26	0	0	0	0	0	-1	0	-7	0	0
26	0	0	0	0	0	-1	0	-7	0	0
26	0	0	0	0	0	-1	0	-7	0	0
26	0	0	0	0	0	-1	0	-7	0	0
26	0	0	0	0	0	-1	0	-7	0	0
26	0	0	0	0	0	-1	0	-7	0	0
26	0	0	0	0	0	-1	0	-7	0	0
26	0	0	0	0	0	-1	0	-7	0	0
26	0	0	0	0	0	-1	0	-7	0	0
26	0	0	0	0	0	-1	0	-7	0	0
26	0	0	0	0	0	-1	0	-7	0	0
26	0	0	0	0	0	-1	0	-7	0	0
26	0	0	0	0	0	-1	0	-7	0	0
26	0	0	0	0	0	-1	0	-7	0	0
26	0	0	0	0	0	-1	0	-7	0	0
26	0	0	0	0	0	-1	0	-7	0	0
26	0	0	0	0	0	-1	0	-7	0	0
26	0	0	0	0	0	-1	0	-7	0	0
26	0	0	0	0	0	-1	0	-7	0	0
26	0	0	0	0	0	-1	0	-7	0	0
26	0	0	0	0	0	-1	0	-7	0	0
26	0	0	0	0	0	-1	0	-7	0	0
26	0	0	0	0	0	-1	0	-7	0	0
26	0	0	0	0	0	-1	0	-7	0	0
26	0	0	0	0	0	-1	0	-7	0	0
26	0	0	0	0	0	-1	0	-7	0	0
26	0	0	0	0	0	-1	0	-7	0	0
26	0	0	0	0	0	-1	0	-7	0	0
26	0	0	0	0	0	-1	0	-7	0	0
26	0	0	0	0	0	-1	0	-7	0	0
26	0	0	0	0	0	-1	0	-7	0	0
26	0	0	0	0	0	-1	0	-7	0	0
26	0	0	0	0	0	-1	0	-7	0	0
26	0	0	0	0	0	-1	0	-7	0	0
26	0	0	0	0	0	-1	0	-7	0	0
26	0	0	0	0	0	-1	0	-7	0	0
26	0	0	0	0	0	-1	0	-7	0	0
26	0	0	0	0	0	-1	0	-7	0	0
26	0	0	0	0	0	-1	0	-7	0	0
26	0	0	0	0	0	-1	0	-7	0	0
26	0	0	0	0	0	-1	0	-7	0	0
26	0	0	0	0	0	-1	0	-7	0	0
26	0	0	0	0	0	-1	0	-7	0	0
26	0	0	0	0	0	-1	0	-7	0	0
26	0	0	0	0	0	-1	0	-7	0	0
26	0	0	0	0	0	-1	0	-7	0	0
26	0	0	0	0	0	-1	0	-7	0	0
26	0	0	0	0	0	-1	0	-7	0	0
26	0	0	0	0	0	-1	0	-7	0	0
26	0	0	0	0	0	-1	0	-7	0	0
26	0	0	0	0	0	-1	0	-7	0	0
26	0	0	0	0	0	-1	0	-7	0	0
26	0	0	0	0	0	-1	0	-7	0	0
26	0	0	0	0	0	-1	0	-7	0	0
26	0	0	0	0	0	-1	0	-7	0	0
26	0	0	0	0	0	-1	0	-7	0	0
26	0	0	0	0	0	-1	0	-7	0	0
26	0	0	0	0	0	-1	0	-7	0	0
26	0	0	0	0	0	-1	0	-7	0	0
26	0	0	0	0	0	-1	0	-7	0	0
26	0	0	0	0	0	-1	0	-7	0	0
26	0	0	0	0	0	-1	0	-7	0	0
26	0	0	0	0	0	-1	0	-7	0	0
26	0	0	0	0	0	-1	0	-7	0	0
26	0	0	0	0	0	-1	0	-7	0	0
26	0	0	0	0	0	-1	0	-7	0	0
26	0	0	0	0	0	-1	0	-7	0	0
26	0	0	0	0	0	-1	0	-7	0	0
26	0	0	0	0	0	-1	0	-7	0	0
26	0	0	0	0	0	-1	0	-7	0	0
26	0	0	0	0	0	-1	0	-7	0	0
26	0	0	0	0	0	-1	0	-7	0	0
26	0	0	0	0	0	-1	0	-7	0	0
26	0	0	0	0	0	0	0	-7	0	0
26	0	0	0	0	0	0	0	-7	0	0
26	0	0	0	0	0	0	0	-7	0	0
26	0	0	0	0	0	0	0	-7	0	0
26	0	0	0	0	0	0	0	-7	0	0
26	0	0	0	0	0	0	0	-7	0	0
26	0	0	0	0	0	0	0	-7	0	0
26	0	0	0	0	0	0	0	-7	0	0
26	0	0	0	0	0	0	0	-7	0	0
26	0	0	0	0	0	0	0	-7	0	0
26	0	0	0	0	0	0	0	-7	0	0
26	0	0	0	0	0	0	0	-7	0	0
26	0	0	0	0	0	0	0	-7	0	0
26	0	0	0	0	0	0	0	-7	0	0
26	0	0	0	0	0	0	0	-7	0	0
26	0	0	0	0	0	0	0	-7	0	0
26	0	0	0	0	0	0	0	-7	0	0
26	0	0	0	0	0	0	0	-7	0	0
26	0	0	0	0	0	0	0	-7	0	0
26	0	0	0	0	0	0	0	-7	0	0
26	0	0	0	0	0	0	0	-7	0	0
26	0	0	0	0	0	0	0	-7	0	0
26	0	0	0	0	0	0	0	-7	0	0
26	0	0	0	0	0	0	0	-7	0	0
26	0	0	0	0	0	0	0	-7	0	0
26	0	0	0	0	0	0	0	-7	0	0
26	0	0	0	0	0	0	0	-7	0	0
26	0	0	0	0	0	0	0	-7	0	0
26	0	0	0	0	0	0	0	-7	0	0
26	0	0	0	0	0	0	0	-7	0	0
26	0	0	0	0	0	0	0	-7	0	0
26	0	0	0	0	0	0	0	-7	0	0
26	0	0	0	0	0	0	0	-7	0	0
26	0	0	0	0	0	0	0	-7	0	0
26	0	0	0	0	0	0	0	-7	0	0
26	0	0	0	0	0	0	0	-7	0	0
26	0	0	0	0	0	0	0	-7	0	0
26	0	0	0	0	0	0	0	-7	0	0
26	0	0	0	0	0	0	0	-7	0	0
26	0	0	0	0	0	0	0	-7	0	0
26	0	0	0	0	0	0	0	-7	0	0
26	0	0	0	0	0	0	0	-7	0	0
26	0	0	0	0	0	0	0	-7	0	0
26	0	0	0	0	0	0	0	-7	0	0
26	0	0	0	0	0	0	0	-7	0	0
26	0	0	0	0	0	0	0	-7	0	0
26	0	0	0	0	0	0	0	-7	0	0
26	0	0	0	0	0	0	0	-7	0	0
26	0	0	0	0	0	0	0	-7	0	0
26	0	0	0	0	0	-1	0	-7	0	0
26	0	0	0	0	0	-1	0	-7	0	0
26	0	0	0	0	0	-1	0	-7	0	0
26	0	0	0	0	0	-1	0	-7	0	0
26	0	0	0	0	0	-1	0	-7	0	0
26	0	0	0	0	0	-1	0	-7	0	0
26	0	0	0	0	0	-1	0	-7	0	0
26	0	0	0	0	0	-1	0	-7	0	0
26	0	0	0	0	0	-1	0	-7	0	0
26	0	0	0	0	0	-1	0	-7	0	0
26	0	0	0	0	0	-1	0	-7	0	0
26	0	0	0	0	0	-1	0	-7	0	0
26	0	0	0	0	0	-1	0	-7	0	0
26	0	0	0	0	0	-1	0	-7	0	0
26	0	0	0	0	0	-1	0	-7	0	0
26	0	0	0	0	0	-1	0	-7	0	0
26	0	0	0	0	0	-1	0	-7	0	0
26	0	0	0	0	0	-1	0	-7	0	0
26	0	0	0	0	0	-1	0	-7	0	0
26	0	0	0	0	0	-1	0	-7	0	0
26	0	0	0	0	0	-1	0	-7	0	0
26	0	0	0	0	0	-1	0	-7	0	0
26	0	0	0	0	0	-1	0	-7	0	0
26	0	0	0	0	0	-1	0	-7	0	0
26	0	0	0	0	0	-1	0	-7	0	0
26	0	0	0	0	0	-1	0	-7	0	0
26	0	0	0	0	0	-1	0	-7	0	0
26	0	0	0	0	0	-1	0	-7	0	0
26	0	0	0	0	0	-1	0	-7	0	0
26	0	0	0	0	0	-1	0	-7	0	0
26	0	0	0	0	0	-1	0	-7	0	0
26	0	0	0	0	0	-1	0	-7	0	0
26	0	0	0	0	0	-1	0	-7	0	0
26	0	0	0	0	0	-1	0	-7	0	0
26	0	0	0	0	0	-1	0	-7	0	0
26	0	0	0	0	0	-1	0	-7	0	0
26	0	0	0	0	0	-1	0	-7	0	0
26	0	0	0	0	0	-1	0	-7	0	0
26	0	0	0	0	0	-1	0	-7	0	0
26	0	0	0	0	0	-1	0	-7	0	0
26	0	0	0	0	0	-1	0	-7	0	0
26	0	0	0	0	0	-1	0	-7	0	0
26	0	0	0	0	0	0	0	-7	0	0
26	0	0	0	0	0	0	0	-7	0	0
26	0	0	0	0	0	0	0	-7	0	0
26	0	0	0	0	0	0	0	-7	0	0
26	0	0	0	0	0	0	0	-7	0	0
26	0	0	0	0	0	0	0	-7	0	0
26	0	0	0	0	0	0	0	-7	0	0
26	0	0	0	0	0	0	0	-7	0	0
26	0	0	0	0	0	0	0	-7	0	0
26	0	0	0	0	0	0	0	-7	0	0
26	0	0	0	0	0	0	0	-7	0	0
26	0	0	0	0	0	0	0	-7	0	0
26	0	0	0	0	0	0	0	-7	0	0
26	0	0	0	0	0	0	0	-6	0	0
26	0	0	0	0	0	0	0	-6	0	0
26	0	0	0	0	0	0	0	-6	0	0
26	0	0	0	0	0	0	0	-6	0	0
26	0	0	0	0	0	0	0	-6	0	0
26	0	0	0	0	0	0	0	-6	0	0
26	0	0	0	0	0	0	0	-6	0	0
26	0	0	0	0	0	0	0	-6	0	0
26	0	0	0	0	0	0	0	-6	0	0
26	0	0	0	0	0	0	0	-6	0	0
26	0	0	0	0	0	0	0	-6	0	0
26	0	0	0	0	0	0	0	-6	0	0
26	0	0	0	0	0	0	0	-6	0	0
26	0	0	0	0	0	0	0	-6	0	0
26	0	0	0	0	0	0	0	-6	0	0
26	0	0	0	0	0	0	0	-6	0	0
26	0	0	0	0	0	0	0	-6	0	0
26	0	0	0	0	0	0	0	-6	0	0
26	0	0	0	0	0	0	0	-6	0	0
26	0	0	0	0	0	0	0	-6	0	0
26	0	0	0	0	0	0	0	-6	0	0
26	0	0	0	0	0	0	0	-6	0	0
26	0	0	0	0	0	0	0	-6	0	0
26	0	0	0	0	0	0	0	-6	0	0
26	0	0	0	0	0	0	0	-6	0	0
26	0	0	0	0	0	0	0	-6	0	0
26	0	0	0	0	0	0	0	-6	0	0
26	0	0	0	0	0	0	0	-6	0	0
26	0	0	0	0	0	0	0	-6	0	0
26	0	0	0	0	0	0	0	-6	0	0
26	0	0	0	0	0	0	0	-6	0	0
26	0	0	0	0	0	0	0	-6	0	0
26	0	0	0	0	0	0	0	-6	0	0
26	0	0	0	0	0	0	0	-6	0	0
26	0	0	0	0	0	0	0	-6	0	0
26	0	0	0	0	0	0	0	-6	0	0
26	0	0	0	0	0	0	0	-6	0	0
26	0	0	0	0	0	0	0	-6	0	0
26	0	0	0	0	0	0	0	-6	0	0
26	0	0	0	0	0	0	0	-6	0	0
26	0	0	0	0	0	0	0	-6	0	0
26	0	0	0	0	0	0	0	-6	0	0
26	0	0	0	0	0	0	0	-6	0	0
26	0	0	0	0	0	0	0	-6	0	0
26	0	0	0	0	0	0	0	-6	0	0
26	0	0	0	0	0	0	0	-6	0	0
26	0	0	0	0	0	0	0	-6	0	0
26	0	0	0	0	0	0	0	-6	0	0
26	0	0	0	0	0	0	0	-6	0	0
26	0	0	0	0	0	0	0	-6	0	0
26	0	0	0	0	0	0	0	-6	0	0
26	0	0	0	0	0	0	0	-6	0	0
26	0	0	0	0	0	-1	0	-6	0	0
26	0	0	0	0	0	-1	0	-6	0	0
26	0	0	0	0	0	-1	0	-6	0	0
26	0	0	0	0	0	-1	0	-6	0	0
26	0	0	0	0	0	-1	0	-6	0	0
26	0	0	0	0	0	-1	0	-6	0	0
26	0	0	0	0	0	-1	0	-6	0	0
26	0	0	0	0	0	-1	0	-6	0	0
26	0	0	0	0	0	-1	0	-6	0	0
26	0	0	0	0	0	-1	0	-6	0	0
26	0	0	0	0	0	-1	0	-6	0	0
26	0	0	0	0	0	-1	0	-6	0	0
26	0	0	0	0	0	-1	0	-6	0	0
26	0	0	0	0	0	-1	0	-6	0	0
26	0	0	0	0	0	-1	0	-6	0	0
26	0	0	0	0	0	-1	0	-6	0	0
26	0	0	0	0	0	-1	0	-6	0	0
26	0	0	0	0	0	-1	0	-6	0	0
26	0	0	0	0	0	-1	0	-6	0	0
26	0	0	0	0	0	-1	0	-6	0	0
26	0	0	0	0	0	-1	0	-6	0	0
26	0	0	0	0	0	-1	0	-6	0	0
26	0	0	0	0	0	-1	0	-6	0	0
26	0	0	0	0	0	-1	0	-6	0	0
26	0	0	0	0	0	-1	0	-6	0	0
26	0	0	0	0	0	-1	0	-6	0	0
26	0	0	0	0	0	-1	0	-6	0	0
26	0	0	0	0	0	-1	0	-6	0	0
26	0	0	0	0	0	-1	0	-6	0	0
26	0	0	0	0	0	-1	0	-6	0	0
26	0	0	0	0	0	-1	0	-6	0	0
26	0	0	0	0	0	-1	0	-6	0	0
26	0	0	0	0	0	-1	0	-6	0	0
26	0	0	0	0	0	-1	0	-6	0	0
26	0	0	0	0	0	-1	0	-6	0	0
26	0	0	0	0	0	-1	0	-6	0	0
26	0	0	0	0	0	-1	0	-6	0	0
26	0	0	0	0	0	-1	0	-6	0	0
26	0	0	0	0	0	-1	0	-6	0	0
26	0	0	0	0	0	-1	0	-6	0	0
26	0	0	0	0	0	-1	0	-6	0	0
26	0	0	0	0	0	-1	0	-6	0	0
26	0	0	0	0	0	-1	0	-6	0	0
26	0	0	0	0	0	-1	0	-6	0	0
26	0	0	0	0	0	-1	0	-6	0	0
26	0	0	0	0	0	-1	0	-6	0	0
26	0	0	0	0	0	-1	0	-6	0	0
26	0	0	0	0	0	-1	0	-6	0	0
26	0	0	0	0	0	-1	0	-6	0	0
26	0	0	0	0	0	-1	0	-6	0	0
26	0	0	0	0	0	-1	0	-6	0	0
26	0	0	0	0	0	-1	0	-6	0	0
26	0	0	0	0	0	-1	0	-6	0	0
26	0	0	0	0	0	-1	0	-6	0	0
26	0	0	0	0	0	-1	0	-6	0	0
26	0	0	0	0	0	-1	0	-6	0	0
26	0	0	0	0	0	-1	0	-6	0	0
26	0	0	0	0	0	-1	0	-6	0	0
26	0	0	0	0	0	-1	0	-6	0	0
26	0	0	0	0	0	-1	0	-6	0	0
26	0	0	0	0	0	-1	0	-6	0	0
26	0	0	0	0	0	-1	0	-6	0	0
26	0	0	0	0	0	-1	0	-6	0	0
26	0	0	0	0	0	-1	0	-6	0	0
26	0	0	0	0	0	-1	0	-6	0	0
26	0	0	0	0	0	-1	0	-6	0	0
26	0	0	0	0	0	-1	0	-6	0	0
26	0	0	0	0	0	-1	0	-6	0	0
26	0	0	0	0	0	-1	0	-6	0	0
26	0	0	0	0	0	-1	0	-6	0	0
26	0	0	0	0	0	-1	0	-6	0	0
26	0	0	0	0	0	-1	0	-6	0	0
26	0	0	0	0	0	-1	0	-6	0	0
26	0	0	0	0	0	-1	0	-6	0	0
26	0	0	0	0	0	-1	0	-6	0	0
26	0	0	0	0	0	-1	0	-6	0	0
26	0	0	0	0	0	-1	0	-6	0	0
26	0	0	0	0	0	-1	0	-6	0	0
26	0	0	0	0	0	-1	0	-6	0	0
26	0	0	0	0	0	-1	0	-6	0	0
26	0	0	0	0	0	-1	0	-6	0	0
26	0	0	0	0	0	-1	0	-6	0	0
26	0	0	0	0	0	-1	0	-6	0	0
26	0	0	0	0	0	-1	0	-6	0	0
26	0	0	0	0	0	-1	0	-6	0	0
26	0	0	0	0	0	-1	0	-6	0	0
26	0	0	0	0	0	-1	0	-6	0	0
26	0	0	0	0	0	-1	0	-6	0	0
26	0	0	0	0	0	-1	0	-6	0	0
26	0	0	0	0	0	-1	0	-6	0	0
26	0	0	0	0	0	-1	0	-6	0	0
26	0	0	0	0	0	-1	0	-6	0	0
26	0	0	0	0	0	-1	0	-6	0	0
26	0	0	0	0	0	-1	0	-6	0	0
26	0	0	0	0	0	-1	0	-6	0	0
26	0	0	0	0	0	-1	0	-6	0	0
26	0	0	0	0	0	-1	0	-6	0	0
26	0	0	0	0	0	-1	0	-6	0	0
26	0	0	0	0	0	-1	0	-6	0	0
26	0	0	0	0	0	-1	0	-6	0	0
26	0	0	0	0	0	-1	0	-6	0	0
26	0	0	0	0	0	-1	0	-6	0	0
26	0	0	0	0	0	-1	0	-6	0	0
26	0	0	0	0	0	-1	0	-6	0	0
26	0	0	0	0	0	-1	0	-6	0	0
26	0	0	0	0	0	-1	0	-6	0	0
26	0	0	0	0	0	-1	0	-6	0	0
26	0	0	0	0	0	-1	0	-6	0	0
26	0	0	0	0	0	-1	0	-6	0	0
26	0	0	0	0	0	-1	0	-6	0	0
26	0	0	0	0	0	-1	0	-6	0	0
26	0	0	0	0	0	-1	0	-6	0	0
26	0	0	0	0	0	-1	0	-6	0	0
26	0	0	0	0	0	-1	0	-6	0	0
26	0	0	0	0	0	-1	0	-6	0	0
26	0	0	0	0	0	-1	0	-6	0	0
26	0	0	0	0	0	-1	0	-6	0	0
26	0	0	0	0	0	-1	0	-6	0	0
26	0	0	0	0	0	-1	0	-6	0	0
26	0	0	0	0	0	-1	0	-6	0	0
26	0	0	0	0	0	-1	0	-6	0	0
26	0	0	0	0	0	-1	0	-6	0	0
26	0	0	0	0	0	-1	0	-6	0	0
26	0	0	0	0	0	-1	0	-6	0	0
26	0	0	0	0	0	-1	0	-6	0	0
26	0	0	0	0	0	-1	0	-6	0	0
26	0	0	0	0	0	-1	0	-6	0	0
26	0	0	0	0	0	-1	0	-6	0	0
26	0	0	0	0	0	-1	0	-6	0	0
26	0	0	0	0	0	-1	0	-6	0	0
26	0	0	0	0	0	-1	0	-6	0	0
26	0	0	0	0	0	-1	0	-6	0	0
26	0	0	0	0	0	-1	0	-6	0	0
26	0	0	0	0	0	-1	0	-6	0	0
26	0	0	0	0	0	-1	0	-6	0	0
26	0	0	0	0	0	-1	0	-6	0	0
26	0	0	0	0	0	-1	0	-6	0	0
26	0	0	0	0	0	-1	0	-6	0	0
26	0	0	0	0	0	-1	0	-6	0	0
26	0	0	0	0	0	-1	0	-6	0	0
26	0	0	0	0	0	-1	0	-6	0	0
26	0	0	0	0	0	-1	0	-6	0	0
26	0	0	0	0	0	-1	0	-6	0	0
26	0	0	0	0	0	-1	0	-6	0	0
26	0	0	0	0	0	-1	0	-6	0	0
26	0	0	0	0	0	-1	0	-6	0	0
26	0	0	0	0	0	-1	0	-6	0	0
26	0	0	0	0	0	-1	0	-6	0	0
26	0	0	0	0	0	-1	0	-6	0	0
26	0	0	0	0	0	-1	0	-6	0	0
26	0	0	0	0	0	-1	0	-6	0	0
26	0	0	0	0	0	-1	0	-6	0	0
26	0	0	0	0	0	-1	0	-6	0	0
26	0	0	0	0	0	-1	0	-6	0	0
26	0	0	0	0	0	-1	0	-6	0	0
26	0	0	0	0	0	-1	0	-6	0	0
26	0	0	0	0	0	-1	0	-6	0	0
26	0	0	0	0	0	-1	0	-6	0	0
26	0	0	0	0	0	-1	0	-6	0	0
26	0	0	0	0	0	-1	0	-6	0	0
26	0	0	0	0	0	-1	0	-6	0	0
26	0	0	0	0	0	-1	0	-6	0	0
26	0	0	0	0	0	-1	0	-6	0	0
26	0	0	0	0	0	-1	0	-6	0	0
26	0	0	0	0	0	-1	0	-6	0	0
26	0	0	0	0	0	-1	0	-6	0	0
26	0	0	0	0	0	-1	0	-6	0	0
26	0	0	0	0	0	-1	0	-6	0	0
26	0	0	0	0	0	-1	0	-6	0	0
26	0	0	0	0	0	-1	0	-6	0	0
26	0	0	0	0	0	-1	0	-6	0	0
26	0	0	0	0	0	-1	0	-6	0	0
26	0	0	0	0	0	-1	0	-6	0	0
26	0	0	0	0	0	-1	0	-6	0	0
26	0	0	0	0	0	-1	0	-6	0	0
26	0	0	0	0	0	-1	0	-6	0	0
26	0	0	0	0	0	-1	0	-6	0	0
26	0	0	0	0	0	-1	0	-6	0	0
26	0	0	0	0	0	-1	0	-6	0	0
26	0	0	0	0	0	-1	0	-6	0	0
26	0	0	0	0	0	-1	0	-6	0	0
26	0	0	0	0	0	-1	0	-6	0	0
26	0	0	0	0	0	-1	0	-6	0	0
26	0	0	0	0	0	-1	0	-6	0	0
26	0	0	0	0	0	-1	0	-6	0	0
26	0	0	0	0	0	-1	0	-6	0	0
26	0	0	0	0	0	-1	0	-6	0	0
26	0	0	0	0	0	-1	0	-6	0	0
26	0	0	0	0	0	-1	0	-6	0	0
26	0	0	0	0	0	-1	0	-6	0	0
26	0	0	0	0	0	-1	0	-6	0	0
26	0	0	0	0	0	-1	0	-6	0	0
26	0	0	0	0	0	-1	0	-6	0	0
26	0	0	0	0	0	-1	0	-6	0	0
26	0	0	0	0	0	-1	0	-6	0	0
26	0	0	0	0	0	-1	0	-6	0	0
26	0	0	0	0	0	-1	0	-6	0	0
26	0	0	0	0	0	-1	0	-6	0	0
26	0	0	0	0	0	-1	0	-6	0	0
26	0	0	0	0	0	-1	0	-6	0	0
26	0	0	0	0	0	-1	0	-6	0	0
26	0	0	0	0	0	-1	0	-6	0	0
26	0	0	0	0	0	-1	0	-6	0	0
26	0	0	0	0	0	-1	0	-6	0	0
26	0	0	0	0	0	-1	0	-6	0	0
26	0	0	0	0	0	-1	0	-6	0	0
26	0	0	0	0	0	-1	0	-6	0	0
26	0	0	0	0	0	-1	0	-6	0	0
26	0	0	0	0	0	-1	0	-6	0	0
26	0	0	0	0	0	-1	0	-6	0	0
26	0	0	0	0	0	-1	0	-6	0	0
26	0	0	0	0	0	-1	0	-6	0	0
26	0	0	0	0	0	-1	0	-6	0	0
26	0	0	0	0	0	-1	0	-6	0	0
26	0	0	0	0	0	-1	0	-6	0	0
26	0	0	0	0	0	-1	0	-6	0	0
26	0	0	0	0	0	-1	0	-6	0	0
26	0	0	0	0	0	-1	0	-6	0	0
26	0	0	0	0	0	-1	0	-6	0	0
26	0	0	0	0	0	-1	0	-6	0	0
26	0	0	0	0	0	-1	0	-6	0	0
26	0	0	0	0	0	-1	0	-6	0	0
26	0	0	0	0	0	-1	0	-6	0	0
26	0	0	0	0	0	-1	0	-6	0	0
26	0	0	0	0	0	-1	0	-6	0	0
26	0	0	0	0	0	-1	0	-6	0	0
26	0	0	0	0	0	-1	0	-6	0	0
26	0	0	0	0	0	-1	0	-6	0	0
26	0	0	0	0	0	-1	0	-6	0	0
26	0	0	0	0	0	-1	0	-6	0	0
26	0	0	0	0	0	-1	0	-6	0	0
26	0	0	0	0	0	-1	0	-6	0	0
26	0	0	0	0	0	-1	0	-6	0	0
26	0	0	0	0	0	-1	0	-6	0	0
26	0	0	0	0	0	-1	0	-6	0	0
26	0	0	0	0	0	-1	0	-6	0	0
26	0	0	0	0	0	-1	0	-6	0	0
26	0	0	0	0	0	-1	0	-6	0	0
26	0	0	0	0	0	-1	0	-6	0	0
26	0	0	0	0	0	-1	0	-6	0	0
26	0	0	0	0	0	-1	0	-6	0	0
26	0	0	0	0	0	-1	0	-6	0	0
26	0	0	0	0	0	-1	0	-6	0	0
26	0	0	0	0	0	-1	0	-6	0	0
26	0	0	0	0	0	-1	0	-6	0	0
26	0	0	0	0	0	-1	0	-6	0	0
26	0	0	0	0	0	-1	0	-6	0	0
26	0	0	0	0	0	-1	0	-6	0	0
26	0	0	0	0	0	-1	0	-6	0	0
26	0	0	0	0	0	-1	0	-6	0	0
26	0	0	0	0	0	-1	0	-6	0	0
26	0	0	0	0	0	-1	0	-6	0	0
26	0	0	0	0	0	-1	0	-6	0	0
26	0	0	0	0	0	-1	0	-6	0	0
26	0	0	0	0	0	-1	0	-6	0	0
26	0	0	0	0	0	-1	0	-6	0	0
26	0	0	0	0	0	-1	0	-6	0	0
26	0	0	0	0	0	-1	0	-6	0	0
26	0	0	0	0	0	-1	0	-6	0	0
26	0	0	0	0	0	-1	0	-6	0	0
26	0	0	0	0	0	-1	0	-6	0	0
26	0	0	0	0	0	-1	0	-6	0	0
26	0	0	0	0	0	-1	0	-6	0	0
26	0	0	0	0	0	-1	0	-6	0	0
26	0	0	0	0	0	-1	0	-6	0	0
26	0	0	0	0	0	-1	0	-6	0	0
26	0	0	0	0	0	-1	0	-6	0	0
26	0	0	0	0	0	-1	0	-6	0	0
26	0	0	0	0	0	-1	0	-6	0	0
26	0	0	0	0	0	-1	0	-6	0	0
26	0	0	0	0	0	-1	0	-6	0	0
26	0	0	0	0	0	-1	0	-6	0	0
26	0	0	0	0	0	-1	0	-6	0	0
26	0	0	0	0	0	-1	0	-6	0	0
26	0	0	0	0	0	-1	0	-6	0	0
26	0	0	0	0	0	-1	0	-6	0	0
26	0	0	0	0	0	-1	0	-6	0	0
26	0	0	0	0	0	-1	0	-6	0	0
26	0	0	0	0	0	-1	0	-6	0	0
26	0	0	0	0	0	-1	0	-6	0	0
26	0	0	0	0	0	-1	0	-6	0	0
26	0	0	0	0	0	-1	0	-6	0	0
26	0	0	0	0	0	-1	0	-6	0	0
26	0	0	0	0	0	-1	0	-6	0	0
26	0	0	0	0	0	-1	0	-6	0	0
26	0	0	0	0	0	-1	0	-6	0	0
26	0	0	0	0	0	-1	0	-6	0	0
26	0	0	0	0	0	-1	0	-6	0	0
26	0	0	0	0	0	-1	0	-6	0	0
26	0	0	0	0	0	-1	0	-6	0	0
26	0	0	0	0	0	-1	0	-6	0	0
26	0	0	0	0	0	-1	0	-6	0	0
26	0	0	0	0	0	-1	0	-6	0	0
26	0	0	0	0	0	-1	0	-6	0	0
26	0	0	0	0	0	-1	0	-6	0	0
26	0	0	0	0	0	-1	0	-6	0	0
26	0	0	0	0	0	-1	0	-6	0	0
26	0	0	0	0	0	-1	0	-6	0	0
26	0	0	0	0	0	-1	0	-6	0	0
26	0	0	0	0	0	-1	0	-6	0	0
26	0	0	0	0	0	-1	0	-6	0	0
26	0	0	0	0	0	-1	0	-6	0	0
26	0	0	0	0	0	-1	0	-6	0	0
26	0	0	0	0	0	-1	0	-6	0	0
26	0	0	0	0	0	-1	0	-6	0	0
26	0	0	0	0	0	-1	0	-6	0	0
26	0	0	0	0	0	-1	0	-6	0	0
26	0	0	0	0	0	-1	0	-6	0	0
26	0	0	0	0	0	-1	0	-6	0	0
26	0	0	0	0	0	-1	0	-6	0	0
26	0	0	0	0	0	-1	0	-6	0	0
26	0	0	0	0	0	-1	0	-6	0	0
26	0	0	0	0	0	-1	0	-6	0	0
26	0	0	0	0	0	-1	0	-6	0	0
26	0	0	0	0	0	-1	0	-6	0	0
26	0	0	0	0	0	-1	0	-6	0	0
26	0	0	0	0	0	-1	0	-6	0	0
26	0	0	0	0	0	-1	0	-6	0	0
26	0	0	0	0	0	-1	0	-6	0	0
26	0	0	0	0	0	-1	0	-6	0	0
26	0	0	0	0	0	-1	0	-6	0	0
26	0	0	0	0	0	-1	0	-6	0	0
26	0	0	0	0	0	-1	0	-6	0	0
26	0	0	0	0	0	-1	0	-6	0	0
26	0	0	0	0	0	-1	0	-6	0	0
26	0	0	0	0	0	-1	0	-6	0	0
26	0	0	0	0	0	-1	0	-6	0	0
26	0	0	0	0	0	-1	0	-6	0	0
26	0	0	0	0	0	-1	0	-6	0	0
26	0	0	0	0	0	-1	0	-6	0	0
26	0	0	0	0	0	-1	0	-6	0	0
26	0	0	0	0	0	-1	0	-6	0	0
26	0	0	0	0	0	-1	0	-6	0	0
26	0	0	0	0	0	-1	0	-6	0	0
26	0	0	0	0	0	-1	0	-6	0	0
26	0	0	0	0	0	-1	0	-6	0	0
26	0	0	0	0	0	-1	0	-6	0	0
26	0	0	0	0	0	-1	0	-6	0	0
26	0	0	0	0	0	-1	0	-6	0	0
26	0	0	0	0	0	-1	0	-6	0	0
26	0	0	0	0	0	-1	0	-6	0	0
26	0	0	0	0	0	-1	0	-6	0	0
26	0	0	0	0	0	-1	0	-6	0	0
26	0	0	0	0	0	-1	0	-6	0	0
26	0	0	0	0	0	-1	0	-6	0	0
26	0	0	0	0	0	-1	0	-6	0	0
26	0	0	0	0	0	-1	0	-6	0	0
26	0	0	0	0	0	-1	0	-6	0	0
26	0	0	0	0	0	-1	0	-6	0	0
26	0	0	0	0	0	-1	0	-6	0	0
26	0	0	0	0	0	-1	0	-6	0	0
26	0	0	0	0	0	-1	0	-6	0	0
26	0	0	0	0	0	-1	0	-6	0	0
26	0	0	0	0	0	-1	0	-6	0	0
26	0	0	0	0	0	-1	0	-6	0	0
26	0	0	0	0	0	-1	0	-6	0	0
26	0	0	0	0	0	-1	0	-6	0	0
26	0	0	0	0	0	-1	0	-6	0	0
26	0	0	0	0	0	-1	0	-6	0	0
26	0	0	0	0	0	-1	0	-6	0	0
26	0	0	0	0	0	-1	0	-6	0	0
26	0	0	0	0	0	-1	0	-6	0	0
26	0	0	0	0	0	-1	0	-6	0	0
26	0	0	0	0	0	-1	0	-6	0	0
26	0	0	0	0	0	-1	0	-6	0	0
26	0	0	0	0	0	-1	0	-6	0	0
26	0	0	0	0	0	-1	0	-6	0	0
26	0	0	0	0	0	-1	0	-6	0	0
26	0	0	0	0	0	-1	0	-6	0	0
26	0	0	0	0	0	-1	0	-6	0	0
26	0	0	0	0	0	-1	0	-6	0	0
26	0	0	0	0	0	-1	0	-6	0	0
26	0	0	0	0	0	-1	0	-6	0	0
26	0	0	0	0	0	-1	0	-6	0	0
26	0	0	0	0	0	-1	0	-6	0	0
26	0	0	0	0	0	-1	0	-6	0	0
26	0	0	0	0	0	-1	0	-6	0	0
26	0	0	0	0	0	-1	0	-6	0	0
26	0	0	0	0	0	-1	0	-6	0	0
26	0	0	0	0	0	-1	0	-6	0	0
26	0	0	0	0	0	-1	0	-6	0	0
26	0	0	0	0	0	-1	0	-6	0	0
26	0	0	0	0	0	-1	0	-6	0	0
26	0	0	0	0	0	-1	0	-6	0	0
26	0	0	0	0	0	-1	0	-6	0	0
26	0	0	0	0	0	-1	0	-6	0	0
26	0	0	0	0	0	-1	0	-6	0	0
26	0	0	0	0	0	-1	0	-6	0	0
26	0	0	0	0	0	-1	0	-6	0	0
26	0	0	0	0	0	-1	0	-6	0	0
26	0	0	0	0	0	-1	0	-6	0	0
26	0	0	0	0	0	-1	0	-6	0	0
26	0	0	0	0	0	-1	0	-6	0	0
26	0	0	0	0	0	-1	0	-6	0	0
26	0	0	0	0	0	-1	0	-6	0	0
26	0	0	0	0	0	-1	0	-6	0	0
26	0	0	0	0	0	-1	0	-6	0	0
26	0	0	0	0	0	-1	0	-6	0	0
26	0	0	0	0	0	-1	0	-6	0	0
26	0	0	0	0	0	-1	0	-6	0	0
26	0	0	0	0	0	-1	0	-6	0	0
26	0	0	0	0	0	-1	0	-6	0	0
26	0	0	0	0	0	-1	0	-6	0	0
26	0	0	0	0	0	-1	0	-6	0	0
26	0	0	0	0	0	-1	0	-6	0	0
26	0	0	0	0	0	-1	0	-6	0	0
26	0	0	0	0	0	-1	0	-6	0	0
26	0	0	0	0	0	-1	0	-6	0	0
26	0	0	0	0	0	-1	0	-6	0	0
26	0	0	0	0	0	-1	0	-6	0	0
26	0	0	0	0	0	-1	0	-6	0	0
26	0	0	0	0	0	-1	0	-6	0	0
26	0	0	0	0	0	-1	0	-6	0	0
26	0	0	0	0	0	-1	0	-6	0	0
26	0	0	0	0	0	-1	0	-6	0	0
26	0	0	0	0	0	-1	0	-6	0	0
26	0	0	0	0	0	-1	0	-6	0	0
26	0	0	0	0	0	-1	0	-6	0	0
26	0	0	0	0	0	-1	0	-6	0	0
26	0	0	0	0	0	-1	0	-6	0	0
26	0	0	0	0	0	-1	0	-6	0	0
26	0	0	0	0	0	-1	0	-6	0	0
26	0	0	0	0	0	-1	0	-6	0	0
26	0	0	0	0	0	-1	0	-6	0	0
26	0	0	0	0	0	-1	0	-6	0	0
26	0	0	0	0	0	-1	0	-6	0	0
26	0	0	0	0	0	-1	0	-6	0	0
26	0	0	0	0	0	-1	0	-6	0	0
26	0	0	0	0	0	-1	0	-6	0	0
26	0	0	0	0	0	-1	0	-6	0	0
26	0	0	0	0	0	-1	0	-6	0	0
26	0	0	0	0	0	-1	0	-6	0	0
26	0	0	0	0	0	-1	0	-6	0	0
26	0	0	0	0	0	-1	0	-6	0	0
26	0	0	0	0	0	-1	0	-6	0	0
26	0	0	0	0	0	-1	0	-6	0	0
26	0	0	0	0	0	-1	0	-6	0	0
26	0	0	0	0	0	-1	0	-6	0	0
26	0	0	0	0	0	-1	0	-6	0	0
26	0	0	0	0	0	-1	0	-6	0	0
26	0	0	0	0	0	-1	0	-6	0	0
26	0	0	0	0	0	-1	0	-6	0	0
26	0	0	0	0	0	-1	0	-6	0	0
26	0	0	0	0	0	-1	0	-6	0	0
26	0	0	0	0	0	-1	0	-6	0	0
26	0	0	0	0	0	-1	0	-6	0	0
26	0	0	0	0	0	-1	0	-6	0	0
26	0	0	0	0	0	-1	0	-6	0	0
26	0	0	0	0	0	-1	0	-6	0	0
26	0	0	0	0	0	-1	0	-6	0	0
26	0	0	0	0	0	-1	0	-6	0	0
26	0	0	0	0	0	-1	0	-6	0	0
26	0	0	0	0	0	-1	0	-6	0	0
26	0	0	0	0	0	-1	0	-6	0	0
26	0	0	0	0	0	-1	0	-6	0	0
26	0	0	0	0	0	-1	0	-6	0	0
26	0	0	0	0	0	-1	0	-6	0	0
26	0	0	0	0	0	-1	0	-6	0	0
26	0	0	0	0	0	-1	0	-6	0	0
26	0	0	0	0	0	0	0	-6	0	0
26	0	0	0	0	0	0	0	-6	0	0
26	0	0	0	0	0	0	0	-6	0	0
26	0	0	0	0	0	0	0	-6	0	0
26	0	0	0	0	0	0	0	-6	0	0
26	0	0	0	0	0	0	0	-6	0	0
26	0	0	0	0	0	0	0	-6	0	0
26	0	0	0	0	0	0	0	-6	0	0
26	0	0	0	0	0	0	0	-6	0	0
26	0	0	0	0	0	0	0	-6	0	0
26	0	0	0	0	0	0	0	-6	0	0
26	0	0	0	0	0	0	0	-6	0	0
26	0	0	0	0	0	0	0	-6	0	0
26	0	0	0	0	0	0	0	-6	0	0
26	0	0	0	0	0	0	0	-6	0	0
26	0	0	0	0	0	0	0	-6	0	0
26	0	0	0	0	0	0	0	-6	0	0
26	0	0	0	0	0	0	0	-6	0	0
26	0	0	0	0	0	0	0	-6	0	0
26	0	0	0	0	0	0	0	-6	0	0
26	0	0	0	0	0	0	0	-6	0	0
26	0	0	0	0	0	0	0	-6	0	0
26	0	0	0	0	0	0	0	-6	0	0
26	0	0	0	0	0	0	0	-6	0	0
26	0	0	0	0	0	0	0	-6	0	0
26	0	0	0	0	0	0	0	-6	0	0
26	0	0	0	0	0	0	0	-6	0	0
26	0	0	0	0	0	0	0	-6	0	0
26	0	0	0	0	0	0	0	-6	0	0
26	0	0	0	0	0	0	0	-6	0	0
26	0	0	0	0	0	0	0	-6	0	0
26	0	0	0	0	0	0	0	-6	0	0
26	0	0	0	0	0	0	0	-6	0	0
26	0	0	0	0	0	0	0	-6	0	0
26	0	0	0	0	0	0	0	-6	0	0
26	0	0	0	0	0	0	0	-6	0	0
26	0	0	0	0	0	0	0	-6	0	0
26	0	0	0	0	0	0	0	-6	0	0
26	0	0	0	0	0	0	0	-6	0	0
26	0	0	0	0	0	0	0	-6	0	0
26	0	0	0	0	0	0	0	-6	0	0
26	0	0	0	0	0	0	0	-6	0	0
26	0	0	0	0	0	0	0	-6	0	0
26	0	0	0	0	0	0	0	-6	0	0
26	0	0	0	0	0	0	0	-6	0	0
26	0	0	0	0	0	0	0	-6	0	0
26	0	0	0	0	0	0	0	-6	0	0
26	0	0	0	0	0	0	0	-6	0	0
26	0	0	0	0	0	0	0	-6	0	0
26	0	0	0	0	0	0	0	-6	0	0
26	0	0	0	0	0	0	0	-6	0	0
26	0	0	0	0	0	0	0	-6	0	0
26	0	0	0	0	0	0	0	-6	0	0
26	0	0	0	0	0	0	0	-6	0	0
26	0	0	0	0	0	0	0	-6	0	0
26	0	0	0	0	0	0	0	-6	0	0
26	0	0	0	0	0	0	0	-6	0	0
26	0	0	0	0	0	0	0	-6	0	0
26	0	0	0	0	0	0	0	-6	0	0
26	0	0	0	0	0	0	0	-6	0	0
26	0	0	0	0	0	0	0	-6	0	0
26	0	0	0	0	0	0	0	-6	0	0
26	0	0	0	0	0	0	0	-6	0	0
26	0	0	0	0	0	0	0	-6	0	0
26	0	0	0	0	0	0	0	-6	0	0
26	0	0	0	0	0	0	0	-6	0	0
26	0	0	0	0	0	0	0	-6	0	0
26	0	0	0	0	0	0	0	-6	0	0
26	0	0	0	0	0	0	0	-6	0	0
0	0	0	0	0	0	0	0	0	0	0
0	0	0	0	0	0	0	0	0	0	0
0	0	0	0	0	0	0	0	0	0	0
0	0	0	0	0	0	0	0	0	0	0
26	0	0	0	0	0	0	0	-6	0	0
26	0	0	0	0	0	0	0	-6	0	0
26	0	0	0	0	0	0	0	-6	0	0
26	0	0	0	0	0	0	0	-6	0	0
26	0	0	0	0	0	0	0	-6	0	0
26	0	0	0	0	0	0	0	-6	0	0
26	0	0	0	0	0	0	0	-6	0	0
26	0	0	0	0	0	0	0	-6	0	0
26	0	0	0	0	0	0	0	-6	0	0
26	0	0	0	0	0	0	0	-6	0	0
26	0	0	0	0	0	0	0	-6	0	0
26	0	0	0	0	0	0	0	-6	0	0
26	0	0	0	0	0	0	0	-6	0	0
26	0	0	0	0	0	0	0	-6	0	0
26	0	0	0	0	0	0	0	-6	0	0
26	0	0	0	0	0	0	0	-6	0	0
26	0	0	0	0	0	0	0	-6	0	0
26	0	0	0	0	0	0	0	-6	0	0
26	0	0	0	0	0	0	0	-6	0	0
26	0	0	0	0	0	0	0	-6	0	0
26	0	0	0	0	0	0	0	-6	0	0
26	0	0	0	0	0	0	0	-6	0	0
26	0	0	0	0	0	0	0	-6	0	0
26	0	0	0	0	0	0	0	-6	0	0
26	0	0	0	0	0	0	0	-6	0	0
26	0	0	0	0	0	0	0	-6	0	0
26	0	0	1	0	0	0	0	-6	0	0
26	0	0	1	0	0	0	0	-6	0	0
26	0	0	1	0	0	0	0	-6	0	0
26	0	0	1	0	0	0	0	-6	0	0
26	0	0	1	0	0	0	0	-6	0	0
26	0	0	1	0	0	0	0	-6	0	0
26	0	0	1	0	0	0	0	-6	0	0
26	0	0	0	0	0	0	0	-6	0	0
26	0	0	0	0	0	0	0	-6	0	0
26	0	0	0	0	0	0	0	-6	0	0
26	0	0	0	0	0	0	0	-6	0	0
26	0	0	0	0	0	0	0	-6	0	0
26	0	0	0	0	0	0	0	-6	0	0
26	0	0	0	0	0	0	0	-6	0	0
26	0	0	0	0	0	0	0	-6	0	0
26	0	0	0	0	0	0	0	-6	0	0
26	0	0	0	0	0	0	0	-6	0	0
26	0	0	0	0	0	0	0	-6	0	0
26	0	0	0	0	0	0	0	-6	0	0
26	0	0	0	0	0	0	0	-6	0	0
26	0	0	0	0	0	0	0	-6	0	0
26	0	0	0	0	0	0	0	-6	0	0
26	0	0	0	0	0	0	0	-6	0	0
26	0	0	0	0	0	0	0	-6	0	0
26	0	0	0	0	0	0	0	-6	0	0
26	0	0	0	0	0	0	0	-6	0	0
26	0	0	0	0	0	0	0	-6	0	0
26	0	0	0	0	0	0	0	-6	0	0
26	0	0	0	0	0	0	0	-6	0	0
26	0	0	0	0	0	0	0	-6	0	0
26	0	0	0	0	0	0	0	-6	0	0
26	0	0	0	0	0	0	0	-6	0	0
26	0	0	0	0	0	0	0	-6	0	0
26	0	0	0	0	0	0	0	-6	0	0
26	0	0	0	0	0	0	0	-6	0	0
26	0	0	0	0	0	0	0	-6	0	0
26	0	0	0	0	0	0	0	-6	0	0
26	0	0	0	0	0	0	0	-6	0	0
26	0	0	0	0	0	0	0	-6	0	0
26	0	0	0	0	0	0	0	-6	0	0
26	0	0	0	0	0	0	0	-6	0	0
26	0	0	0	0	0	0	0	-6	0	0
26	0	0	0	0	0	0	0	-6	0	0
26	0	0	0	0	0	0	0	-6	0	0
26	0	0	0	0	0	0	0	-6	0	0
26	0	0	0	0	0	0	0	-6	0	0
26	0	0	0	0	0	0	0	-6	0	0
26	0	0	0	0	0	0	0	-6	0	0
26	0	0	0	0	0	0	0	-6	0	0
26	0	0	0	0	0	0	0	-6	0	0
26	0	0	0	0	0	0	0	-6	0	0
26	0	0	0	0	0	0	0	-6	0	0
26	0	0	0	0	0	0	0	-6	0	0
26	0	0	0	0	0	0	0	-6	0	0
26	0	0	0	0	0	0	0	-6	0	0
26	0	0	0	0	0	0	0	-6	0	0
26	0	0	0	0	0	0	0	-6	0	0
26	0	0	0	0	0	0	0	-6	0	0
26	0	0	0	0	0	0	0	-6	0	0
26	0	0	0	0	0	0	0	-6	0	0
26	0	0	0	0	0	0	0	-6	0	0
26	0	0	0	0	0	0	0	-6	0	0
26	0	0	0	0	0	0	0	-6	0	0
26	0	0	0	0	0	0	0	-6	0	0
26	0	0	0	0	0	0	0	-6	0	0
26	0	0	0	0	0	0	0	-6	0	0
26	0	0	0	0	0	0	0	-6	0	0
26	0	0	0	0	0	0	0	-6	0	0
26	0	0	0	0	0	0	0	-6	0	0
26	0	0	0	0	0	0	0	-6	0	0
26	0	0	0	0	0	0	0	-6	0	0
26	0	0	0	0	0	0	0	-6	0	0
26	0	0	-1	0	0	0	0	-6	0	0
26	0	0	-1	0	0	0	0	-6	0	0
26	0	0	-1	0	0	0	0	-6	0	0
26	0	0	-1	0	0	0	0	-6	0	0
26	0	0	-1	0	0	0	0	-6	0	0
26	0	0	-1	0	0	0	0	-6	0	0
26	0	0	-1	0	0	0	0	-6	0	0
26	0	0	-1	0	0	0	0	-6	0	0
26	0	0	-1	0	0	0	0	-6	0	0
26	0	0	-2	1	0	0	0	-6	0	0
26	0	0	-2	1	0	0	0	-6	0	0
26	0	0	-2	1	0	0	0	-6	0	0
26	0	0	-1	0	0	0	0	-6	0	0
26	0	0	-1	0	0	0	0	-6	0	0
26	0	0	-1	0	0	0	0	-6	0	0
26	0	0	-1	0	0	0	0	-6	0	0
26	0	0	0	0	0	0	0	-7	0	0
26	0	0	0	0	0	0	0	-7	0	0
26	0	0	0	0	0	0	0	-7	0	0
26	0	0	-2	1	0	0	0	-7	0	0
26	0	0	-2	1	0	0	0	-7	0	0
26	0	0	-2	1	0	0	0	-7	0	0
26	0	0	-1	2	0	0	0	-7	0	0
26	0	0	-1	2	0	0	0	-7	0	0
26	0	0	-1	2	0	0	0	-7	0	0
26	0	0	-2	0	0	0	0	-6	0	0
26	0	0	-2	0	0	0	0	-6	0	0
26	0	0	-2	0	0	0	0	-6	0	0
26	0	0	-2	0	0	0	0	-6	0	0
26	0	0	-2	1	0	0	0	-6	0	0
26	0	0	-2	1	0	0	0	-6	0	0
26	0	0	-2	1	0	0	0	-6	0	0
26	0	0	0	3	0	0	0	-6	-1	0
26	0	0	0	3	0	0	0	-6	-1	0
26	0	0	0	3	0	0	0	-6	-1	0
26	0	0	-1	3	0	0	0	-6	-1	0
26	0	0	-1	3	0	0	0	-6	-1	1
26	0	0	-1	3	0	0	0	-6	-1	1
26	0	0	2	8	0	-1	1	-6	-1	1
26	0	0	2	8	0	-1	1	-6	-1	1
26	0	0	2	8	0	-1	1	-6	-1	1
26	0	0	2	8	0	-1	1	-6	-1	1
26	0	0	5	18	0	-1	2	-6	0	1
26	0	0	5	18	0	-1	2	-6	0	2
26	0	0	5	18	0	-1	2	-6	0	2
26	0	0	10	19	0	-2	3	-6	0	2
26	0	0	10	19	0	-2	3	-6	0	3
26	0	0	10	19	0	-2	3	-6	0	3
26	0	0	14	22	0	-2	3	-6	0	4
26	0	0	14	22	0	-2	3	-6	0	4
26	0	0	14	22	0	-2	3	-6	0	5
26	0	0	19	24	0	-2	3	-5	0	5
26	0	0	19	24	0	-2	3	-5	1	5
26	0	0	19	24	0	-2	3	-5	1	6
26	0	0	19	24	0	-2	3	-5	2	6
26	0	0	22	25	0	-2	3	-5	2	7
26	0	0	22	25	0	-2	3	-5	2	7
26	0	0	22	25	0	-2	3	-5	3	8
26	0	0	25	28	0	-2	3	-5	3	8
26	0	0	25	28	0	-2	3	-5	4	9
26	0	0	25	28	0	-2	3	-5	4	10
26	0	0	22	25	0	-2	2	-4	5	10
26	0	0	22	25	0	-2	2	-4	5	11
26	0	0	22	25	0	-2	2	-4	6	11
26	0	0	20	19	0	-2	2	-4	6	12
26	0	0	20	19	0	-2	2	-4	7	12
26	0	0	20	19	0	-2	2	-4	7	12
26	0	0	20	19	0	-2	2	-4	7	13
26	0	0	19	17	0	-1	2	-4	8	13
26	0	0	19	17	0	-1	2	-4	8	14
26	0	0	19	17	0	-1	2	-4	9	14
26	0	0	14	19	0	-1	2	-4	9	14
26	0	0	14	19	0	-1	2	-4	9	15
26	0	0	14	19	0	-1	2	-4	10	15
26	0	0	14	24	0	0	2	-4	10	15
26	0	0	14	24	0	0	2	-4	10	16
26	0	0	14	24	0	0	2	-4	10	16
26	0	0	9	26	0	0	2	-5	11	17
26	0	0	9	26	0	0	2	-5	11	17
26	0	0	9	26	0	0	2	-5	11	18
26	0	0	9	26	0	0	2	-5	11	19
26	0	0	8	29	0	0	2	-5	11	19
26	0	0	8	29	0	0	2	-5	12	20
26	0	0	8	29	0	0	2	-5	12	20
26	0	0	9	39	0	0	2	-5	12	21
26	0	0	9	39	0	0	2	-5	12	22
26	0	0	9	39	0	0	2	-5	12	22
26	0	0	11	53	0	0	1	-5	12	23
26	0	0	11	53	0	0	1	-5	13	24
26	0	0	11	53	0	0	1	-5	13	25
26	0	0	15	66	0	0	1	-9	13	26
26	0	0	15	66	0	0	1	-9	14	28
26	0	0	15	66	0	0	1	-9	14	29
26	0	0	15	66	0	0	1	-9	14	30
26	0	245	28	79	0	-1	1	-9	14	32
26	0	245	28	79	0	-1	1	-9	15	33
26	0	245	28	79	0	-1	1	-9	16	35
26	0	265	48	95	0	-1	1	-10	16	36
26	0	265	48	95	0	-1	1	-10	17	38
26	0	265	48	95	0	-1	1	-10	18	40
26	0	304	68	120	0	-1	2	-10	19	42
26	0	304	68	120	0	-1	2	-10	20	45
26	0	304	68	120	0	-1	2	-10	22	47
26	0	359	82	144	0	-1	2	-10	23	49
26	0	359	82	144	0	-1	2	-10	25	52
26	0	359	82	144	0	-1	2	-10	27	55
26	0	359	82	144	0	-1	2	-10	28	58
26	0	276	83	147	0	0	1	-10	30	61
26	0	276	83	147	0	0	1	-10	32	64
26	0	276	83	147	0	0	1	-10	33	67
26	0	267	78	122	0	0	0	-10	35	70
26	0	267	78	122	0	0	0	-10	36	72
26	0	267	78	122	0	0	0	-10	38	75
26	0	287	83	103	0	0	0	-10	40	77
26	0	287	83	103	0	0	0	-10	41	79
26	0	287	83	103	0	0	0	-10	43	81
26	0	328	90	81	0	0	0	-10	45	83
26	0	328	90	81	0	0	0	-10	46	85
26	0	328	90	81	0	0	0	-10	48	87
26	0	328	90	81	0	0	0	-10	50	88
26	0	366	108	55	0	-1	0	-10	52	90
26	0	366	108	55	0	-1	0	-10	54	91
26	0	366	108	55	0	-1	0	-10	56	92
26	0	421	43	-36	0	-1	-2	-10	58	93
26	0	421	43	-36	0	-1	-2	-10	59	93
26	0	421	43	-36	0	-1	-2	-10	60	92
26	0	457	29	-123	0	-1	-4	-11	61	91
26	0	457	29	-123	0	-1	-4	-11	62	89
26	0	457	29	-123	0	-1	-4	-11	62	86
26	0	490	151	69	0	-1	-6	-11	63	84
26	0	490	151	69	0	-1	-6	-11	66	85
26	0	490	151	69	0	-1	-6	-11	69	87
26	0	490	151	69	0	-1	-6	-11	72	88
26	0	527	158	-17	0	0	-8	-11	75	89
26	0	527	158	-17	0	0	-8	-11	78	89
26	0	527	158	-17	0	0	-8	-11	81	89
26	0	546	152	-104	0	0	-8	-11	84	88
26	0	546	152	-104	0	0	-8	-11	87	86
26	0	546	152	-104	0	0	-8	-11	90	84
26	0	557	144	-182	0	0	-9	-11	93	82
26	0	557	144	-182	0	0	-9	-11	96	78
26	0	557	144	-182	0	0	-9	-11	99	75
26	0	574	136	-277	0	0	-9	-11	102	71
26	0	574	136	-277	0	0	-9	-11	105	66
26	0	574	136	-277	0	0	-9	-11	108	60
26	0	574	136	-277	0	0	-9	-11	110	54
26	0	579	127	-353	0	0	-8	-11	113	49
26	0	579	127	-353	0	0	-8	-11	116	42
26	0	579	127	-353	0	0	-8	-11	118	35
26	0	592	113	-404	0	0	-4	-11	121	28
26	0	592	113	-404	0	0	-4	-11	123	20
26	0	592	113	-404	0	0	-4	-11	125	12
26	0	597	91	-372	0	1	1	-11	127	4
26	0	597	91	-372	0	1	1	-11	129	-3
26	0	597	91	-372	0	1	1	-11	131	-11
26	0	597	91	-372	0	1	1	-11	133	-18
26	0	606	65	-282	0	2	6	-10	135	-25
26	0	606	65	-282	0	2	6	-10	136	-31
26	0	606	65	-282	0	2	6	-10	137	-37
26	0	621	38	-173	0	2	8	-10	139	-42
26	0	621	38	-173	0	2	8	-10	139	-46
26	0	621	38	-173	0	2	8	-10	140	-49
26	0	630	12	-69	0	2	8	-11	141	-53
26	0	630	12	-69	0	2	8	-11	141	-54
26	0	630	12	-69	0	2	8	-11	141	-55
26	0	638	-11	20	0	1	7	-11	142	-57
26	0	638	-11	20	0	1	7	-11	141	-56
26	0	638	-11	20	0	1	7	-11	141	-56
26	0	648	-27	88	0	1	6	-11	141	-55
26	0	648	-27	88	0	1	6	-11	140	-54
26	0	648	-27	88	0	1	6	-11	140	-52
26	0	648	-27	88	0	1	6	-11	139	-50
26	0	655	-41	136	0	1	3	-11	139	-48
26	0	655	-41	136	0	1	3	-11	138	-46
26	0	655	-41	136	0	1	3	-11	137	-43
26	0	663	-50	120	0	0	-2	-11	136	-40
26	0	663	-50	120	0	0	-2	-11	135	-38
26	0	663	-50	120	0	0	-2	-11	134	-35
26	0	667	-55	54	0	0	-6	-11	133	-33
26	0	667	-55	54	0	0	-6	-11	132	-32
26	0	667	-55	54	0	0	-6	-11	131	-31
26	0	667	-55	54	0	0	-6	-11	130	-30
26	0	669	-58	-36	0	0	-8	-11	129	-29
26	0	669	-58	-36	0	0	-8	-11	128	-29
26	0	669	-58	-36	0	0	-8	-11	126	-30
26	0	673	-58	-141	0	0	-9	-11	125	-31
26	0	673	-58	-141	0	0	-9	-11	124	-34
26	0	673	-58	-141	0	0	-9	-11	123	-37
26	0	685	-60	-248	0	0	-9	-11	122	-39
26	0	685	-60	-248	0	0	-9	-11	121	-44
26	0	685	-60	-248	0	0	-9	-11	119	-49
26	0	691	-61	-338	0	0	-9	-11	118	-54
26	0	691	-61	-338	0	0	-9	-11	117	-61
26	0	691	-61	-338	0	0	-9	-11	116	-68
26	0	691	-61	-338	0	0	-9	-11	114	-74
26	0	696	-61	-417	0	0	-8	-11	113	-81
26	0	696	-61	-417	0	0	-8	-11	112	-90
26	0	696	-61	-417	0	0	-8	-11	111	-98
26	0	694	-62	-485	0	0	-8	-11	110	-106
26	0	694	-62	-485	0	0	-8	-11	108	-116
26	0	694	-62	-485	0	0	-8	-11	107	-126
26	0	695	-62	-549	0	0	-7	-11	106	-135
26	0	695	-62	-549	0	0	-7	-11	105	-146
26	0	695	-62	-549	0	0	-7	-11	103	-157
26	0	693	-60	-600	0	0	-6	-11	102	-168
26	0	693	-60	-600	0	0	-6	-11	101	-180
26	0	693	-60	-600	0	0	-6	-11	100	-192
26	0	693	-60	-600	0	0	-6	-11	99	-204
26	0	692	-60	-643	0	0	-6	-11	97	-216
26	0	692	-60	-643	0	0	-6	-11	96	-229
26	0	692	-60	-643	0	0	-6	-11	95	-242
26	0	693	-60	-680	0	0	-5	-11	94	-255
26	0	693	-60	-680	0	0	-5	-11	92	-269
26	0	693	-60	-680	0	0	-5	-11	91	-282
26	0	693	-62	-707	0	0	-5	-11	90	-296
26	0	693	-62	-707	0	0	-5	-11	89	-310
26	0	693	-62	-707	0	0	-5	-11	88	-324
26	0	693	-71	-706	0	0	0	-10	86	-338
26	0	693	-71	-706	0	0	0	-10	85	-352
26	0	693	-71	-706	0	0	0	-10	83	-367
26	0	693	-71	-706	0	0	0	-10	82	-381
26	0	693	-74	-627	0	0	8	-10	81	-395
26	0	693	-74	-627	0	0	8	-10	79	-407
26	0	693	-74	-627	0	0	8	-10	78	-420
26	0	692	-24	-120	0	0	13	-10	76	-432
26	0	692	-24	-120	0	0	13	-10	76	-435
26	0	692	-24	-120	0	0	13	-10	75	-437
26	0	693	-5	79	0	0	14	-10	75	-440
26	0	693	-5	79	0	0	14	-10	74	-438
26	0	693	-5	79	0	0	14	-10	74	-437
26	0	692	-2	109	0	0	11	-10	74	-435
26	0	692	-2	109	0	0	11	-10	74	-433
26	0	692	-2	109	0	0	11	-10	74	-431
26	0	692	-2	109	0	0	11	-10	74	-428
26	0	690	-3	158	0	0	8	-10	74	-426
26	0	690	-3	158	0	0	8	-10	74	-423
26	0	690	-3	158	0	0	8	-10	74	-420
26	0	690	-4	235	0	0	5	-11	74	-417
26	0	690	-4	235	0	0	5	-11	74	-412
26	0	690	-4	235	0	0	5	-11	74	-407
26	0	688	-5	282	0	0	3	-11	73	-403
26	0	688	-5	282	0	0	3	-11	73	-397
26	0	688	-5	282	0	0	3	-11	73	-391
26	0	681	-12	304	0	0	2	-11	73	-385
26	0	681	-12	304	0	0	2	-11	73	-379
26	0	681	-12	304	0	0	2	-11	73	-373
26	0	681	-12	304	0	0	2	-11	72	-367
26	0	675	11	263	0	0	0	-11	72	-361
26	0	675	11	263	0	0	0	-11	72	-356
26	0	675	11	263	0	0	0	-11	73	-350
26	0	671	76	216	0	0	0	-11	73	-345
26	0	671	76	216	0	0	0	-11	74	-341
26	0	671	76	216	0	0	0	-11	76	-336
26	0	665	133	168	0	0	-1	-11	77	-332
26	0	665	133	168	0	0	-1	-11	80	-329
26	0	665	133	168	0	0	-1	-11	83	-325
26	0	659	127	152	0	0	0	-11	85	-322
26	0	659	127	152	0	0	0	-11	88	-319
26	0	659	127	152	0	0	0	-11	91	-316
26	0	659	127	152	0	0	0	-11	93	-313
26	0	657	138	97	0	1	0	-11	96	-310
26	0	657	138	97	0	1	0	-11	99	-308
26	0	657	138	97	0	1	0	-11	101	-306
26	0	653	116	88	0	1	0	-11	104	-304
26	0	653	116	88	0	1	0	-11	106	-302
26	0	653	116	88	0	1	0	-11	109	-300
26	0	649	91	56	0	2	0	-11	111	-299
26	0	649	91	56	0	2	0	-11	113	-297
26	0	649	91	56	0	2	0	-11	115	-296
26	0	645	79	57	0	1	0	-11	117	-295
26	0	645	79	57	0	1	0	-11	118	-294
26	0	645	79	57	0	1	0	-11	120	-293
26	0	645	79	57	0	1	0	-11	121	-292
26	0	641	58	60	0	1	0	-11	123	-291
26	0	641	58	60	0	1	0	-11	124	-289
26	0	641	58	60	0	1	0	-11	125	-288
26	0	637	40	57	0	1	0	-11	126	-287
26	0	637	40	57	0	1	0	-11	127	-286
26	0	637	40	57	0	1	0	-11	128	-285
26	0	636	30	59	0	0	0	-11	129	-283
26	0	636	30	59	0	0	0	-11	129	-282
26	0	636	30	59	0	0	0	-11	130	-281
26	0	632	51	69	0	0	0	-11	131	-280
26	0	632	51	69	0	0	0	-11	132	-279
26	0	632	51	69	0	0	0	-11	133	-277
26	0	632	51	69	0	0	0	-11	134	-276
26	0	629	31	42	0	0	0	-11	135	-274
26	0	629	31	42	0	0	0	-11	135	-273
26	0	629	31	42	0	0	0	-11	136	-273
26	0	629	53	97	0	0	0	-11	137	-272
26	0	629	53	97	0	0	0	-11	138	-270
26	0	629	53	97	0	0	0	-11	139	-268
26	0	629	70	132	0	0	0	-11	140	-266
26	0	629	70	132	0	0	0	-11	141	-263
26	0	629	70	132	0	0	0	-11	143	-261
26	0	628	57	128	0	0	0	-11	144	-258
26	0	628	57	128	0	0	0	-11	145	-255
26	0	628	57	128	0	0	0	-11	146	-253
26	0	628	57	128	0	0	0	-11	148	-250
26	0	628	51	126	0	1	-1	-11	149	-248
26	0	628	51	126	0	1	-1	-11	150	-245
26	0	628	51	126	0	1	-1	-11	151	-243
26	0	630	74	176	0	1	-3	-11	152	-240
26	0	630	74	176	0	1	-3	-11	153	-237
26	0	630	74	176	0	1	-3	-11	155	-233
26	0	631	60	125	0	2	-5	-11	156	-230
26	0	631	60	125	0	2	-5	-11	158	-227
26	0	631	60	125	0	2	-5	-11	159	-225
26	0	635	45	84	0	4	-5	-11	160	-222
26	0	635	45	84	0	4	-5	-11	161	-220
26	0	635	45	84	0	4	-5	-11	162	-219
26	0	635	45	84	0	4	-5	-11	163	-217
26	0	639	-6	21	0	6	-3	-11	164	-215
26	0	639	-6	21	0	6	-3	-11	163	-215
26	0	639	-6	21	0	6	-3	-11	163	-214
26	0	643	-82	0	0	8	-2	-11	163	-214
26	0	643	-82	0	0	8	-2	-11	161	-214
26	0	643	-82	0	0	8	-2	-11	160	-214
25	0	649	-181	-12	0	9	0	-11	158	-214
25	0	649	-181	-12	0	9	0	-11	155	-214
25	0	649	-181	-12	0	9	0	-11	151	-215
25	0	649	-181	-12	0	9	0	-11	147	-215
25	0	652	-282	-8	0	9	0	-11	144	-215
25	0	652	-282	-8	0	9	0	-11	138	-215
25	0	652	-282	-8	0	9	0	-11	132	-215
25	0	656	-378	15	0	10	0	-11	127	-216
25	0	656	-378	15	0	10	0	-11	119	-215
25	0	656	-378	15	0	10	0	-11	112	-215
25	0	661	-500	21	0	10	1	-11	104	-215
25	0	661	-500	21	0	10	1	-11	94	-214
25	0	661	-500	21	0	10	1	-11	84	-214
25	0	662	-617	36	0	7	2	-11	74	-213
25	0	662	-617	36	0	7	2	-11	62	-213
25	0	662	-617	36	0	7	2	-11	49	-212
25	0	660	-644	64	0	3	2	-11	37	-211
25	0	660	-644	64	0	3	2	-11	24	-210
25	0	660	-644	64	0	3	2	-11	11	-209
25	0	660	-644	64	0	3	2	-11	-1	-207
25	0	654	-633	90	0	0	2	-11	-14	-206
25	0	654	-633	90	0	0	2	-11	-26	-204
25	0	654	-633	90	0	0	2	-11	-39	-202
25	0	652	-587	116	0	-3	1	-11	-51	-201
25	0	652	-587	116	0	-3	1	-11	-63	-198
25	0	652	-587	116	0	-3	1	-11	-75	-196
25	0	648	-511	127	0	-5	0	-11	-87	-194
25	0	648	-511	127	0	-5	0	-11	-97	-191
25	0	648	-511	127	0	-5	0	-11	-107	-188
25	0	648	-511	127	0	-5	0	-11	-118	-186
25	0	643	-422	113	0	-6	-2	-11	-128	-183
25	0	643	-422	113	0	-6	-2	-11	-136	-181
25	0	643	-422	113	0	-6	-2	-11	-145	-179
25	0	644	-332	65	0	-5	-5	-11	-153	-177
25	0	644	-332	65	0	-5	-5	-11	-160	-175
25	0	644	-332	65	0	-5	-5	-11	-166	-174
25	0	647	-253	-12	0	-4	-7	-11	-173	-173
25	0	647	-253	-12	0	-4	-7	-11	-178	-173
25	0	647	-253	-12	0	-4	-7	-11	-183	-173
25	0	653	-265	-73	0	-4	-9	-11	-188	-173
25	0	653	-265	-73	0	-4	-9	-11	-193	-175
25	0	653	-265	-73	0	-4	-9	-11	-199	-176
25	0	653	-265	-73	0	-4	-9	-11	-204	-178
25	0	658	-264	-113	0	-3	-9	-11	-209	-179
25	0	658	-264	-113	0	-3	-9	-11	-215	-182
25	0	658	-264	-113	0	-3	-9	-11	-220	-184
25	0	669	-194	-170	0	-2	-9	-11	-225	-186
25	0	669	-194	-170	0	-2	-9	-11	-229	-189
25	0	669	-194	-170	0	-2	-9	-11	-233	-193
24	0	677	-191	-247	0	-2	-10	-11	-237	-196
24	0	677	-191	-247	0	-2	-10	-11	-241	-201
24	0	677	-191	-247	0	-2	-10	-11	-245	-206
24	0	676	-177	-313	0	-1	-9	-11	-248	-211
24	0	676	-177	-313	0	-1	-9	-11	-252	-217
24	0	676	-177	-313	0	-1	-9	-11	-255	-224
24	0	676	-177	-313	0	-1	-9	-11	-259	-230
24	0	677	-168	-366	0	-1	-9	-11	-263	-236
24	0	677	-168	-366	0	-1	-9	-11	-266	-243
24	0	677	-168	-366	0	-1	-9	-11	-269	-251
24	0	680	-163	-439	0	0	-9	-11	-273	-258
24	0	680	-163	-439	0	0	-9	-11	-276	-267
24	0	680	-163	-439	0	0	-9	-11	-279	-276
24	0	681	-153	-513	0	0	-9	-11	-282	-285
24	0	681	-153	-513	0	0	-9	-11	-286	-295
24	0	681	-153	-513	0	0	-9	-11	-289	-305
24	0	682	-149	-584	0	0	-9	-11	-292	-315
24	0	682	-149	-584	0	0	-9	-11	-295	-327
24	0	682	-149	-584	0	0	-9	-11	-298	-339
24	0	682	-149	-584	0	0	-9	-11	-301	-350
24	0	684	-148	-652	0	0	-9	-10	-304	-362
24	0	684	-148	-652	0	0	-9	-10	-307	-375
24	0	684	-148	-652	0	0	-9	-10	-310	-388
24	0	683	-152	-714	0	1	-9	-10	-312	-401
24	0	683	-152	-714	0	1	-9	-10	-316	-415
24	0	683	-152	-714	0	1	-9	-10	-319	-430
24	0	687	-157	-781	0	1	-9	-10	-322	-444
24	0	687	-157	-781	0	1	-9	-10	-325	-460
24	0	687	-157	-781	0	1	-9	-10	-328	-475
24	0	692	-164	-842	0	1	-9	-10	-331	-491
24	0	692	-164	-842	0	1	-9	-10	-334	-508
24	0	692	-164	-842	0	1	-9	-10	-338	-525
24	0	692	-164	-842	0	1	-9	-10	-341	-541
24	0	698	-171	-898	0	1	-8	-10	-344	-558
24	0	698	-171	-898	0	1	-8	-10	-348	-576
24	0	698	-171	-898	0	1	-8	-10	-351	-594
24	0	699	-180	-920	0	1	-6	-10	-355	-612
24	0	699	-180	-920	0	1	-6	-10	-358	-631
24	0	699	-180	-920	0	1	-6	-10	-362	-649
24	0	701	-185	-915	0	1	-3	-10	-366	-668
24	0	701	-185	-915	0	1	-3	-10	-369	-686
24	0	701	-185	-915	0	1	-3	-10	-373	-704
24	0	696	-186	-880	0	0	0	-10	-377	-722
24	0	696	-186	-880	0	0	0	-10	-380	-740
24	0	696	-186	-880	0	0	0	-10	-384	-758
24	0	696	-186	-880	0	0	0	-10	-388	-775
24	0	696	-184	-818	0	0	1	-10	-392	-793
24	0	696	-184	-818	0	0	1	-10	-395	-809
24	0	696	-184	-818	0	0	1	-10	-399	-825
24	0	697	-178	-733	0	0	4	-10	-403	-842
24	0	697	-178	-733	0	0	4	-10	-407	-861
24	0	697	-178	-733	0	0	4	-10	-410	-871
24	0	699	-170	-622	0	0	6	-10	-413	-886
24	0	699	-170	-622	0	0	6	-10	-417	-898
24	0	699	-170	-622	0	0	6	-10	-420	-911
24	0	701	-157	-490	0	0	9	-10	-423	-923
24	0	701	-157	-490	0	0	9	-10	-427	-933
24	0	701	-157	-490	0	0	9	-10	-430	-943
24	0	701	-157	-490	0	0	9	-10	-433	-953
24	0	704	-143	-343	0	0	10	-10	-436	-962
24	0	704	-143	-343	0	0	10	-10	-439	-969
24	0	704	-143	-343	0	0	10	-10	-442	-976
24	0	708	-128	-185	0	0	10	-10	-445	-983
24	0	708	-128	-185	0	0	10	-10	-447	-987
24	0	708	-128	-185	0	0	10	-10	-450	-991
24	0	709	-115	-55	0	0	8	-10	-452	-994
24	0	709	-115	-55	0	0	8	-10	-455	-995
24	0	709	-115	-55	0	0	8	-10	-457	-996
24	0	712	-102	45	0	-1	6	-10	-459	-998
24	0	712	-102	45	0	-1	6	-10	-461	-997
24	0	712	-102	45	0	-1	6	-10	-463	-996
24	0	712	-102	45	0	-1	6	-10	-465	-995
24	0	712	-87	104	0	0	3	-10	-467	-994
24	0	712	-87	104	0	0	3	-10	-469	-992
24	0	712	-87	104	0	0	3	-10	-471	-990
24	0	715	-72	127	0	-1	0	-10	-473	-988
24	0	715	-72	127	0	-1	0	-10	-474	-985
24	0	715	-72	127	0	-1	0	-10	-476	-983
24	0	717	-58	124	0	0	-1	-10	-477	-980
24	0	717	-58	124	0	0	-1	-10	-478	-977
24	0	717	-58	124	0	0	-1	-10	-479	-975
24	0	717	-58	124	0	0	-1	-10	-481	-973
24	0	718	-46	102	0	0	-2	-10	-482	-970
24	0	718	-46	102	0	0	-2	-10	-483	-968
24	0	718	-46	102	0	0	-2	-10	-484	-966
24	0	708	-37	76	0	0	-3	-10	-485	-964
24	0	708	-37	76	0	0	-3	-10	-485	-962
24	0	708	-37	76	0	0	-3	-10	-486	-961
24	0	717	-29	46	0	0	-2	-10	-487	-959
24	0	717	-29	46	0	0	-2	-10	-487	-958
24	0	717	-29	46	0	0	-2	-10	-488	-957
24	0	717	-24	22	0	0	-2	-10	-488	-957
24	0	717	-24	22	0	0	-2	-10	-489	-956
24	0	717	-24	22	0	0	-2	-10	-489	-956
24	0	717	-24	22	0	0	-2	-10	-490	-955
24	0	714	-18	4	0	0	-2	-10	-490	-955
24	0	714	-18	4	0	0	-2	-10	-491	-955
24	0	714	-18	4	0	0	-2	-10	-491	-955
24	0	712	-16	-7	0	0	-1	-10	-492	-954
24	0	712	-16	-7	0	0	-1	-10	-492	-955
24	0	712	-16	-7	0	0	-1	-10	-492	-955
24	0	714	-12	-18	0	0	-1	-10	-493	-955
24	0	714	-12	-18	0	0	-1	-10	-493	-955
24	0	714	-12	-18	0	0	-1	-10	-493	-956
24	0	718	-10	-24	0	0	-1	-10	-493	-956
24	0	718	-10	-24	0	0	-1	-10	-494	-957
24	0	718	-10	-24	0	0	-1	-10	-494	-957
24	0	718	-10	-24	0	0	-1	-10	-494	-957
24	0	719	-11	-26	0	0	-1	-10	-494	-958
24	0	719	-11	-26	0	0	-1	-10	-494	-958
24	0	719	-11	-26	0	0	-1	-10	-495	-959
24	0	721	-12	-27	0	0	0	-10	-495	-960
24	0	721	-12	-27	0	0	0	-10	-495	-960
24	0	721	-12	-27	0	0	0	-10	-495	-961
24	0	725	-16	-24	0	0	0	-10	-496	-961
24	0	725	-16	-24	0	0	0	-10	-496	-962
24	0	725	-16	-24	0	0	0	-10	-496	-962
24	0	725	-16	-24	0	0	0	-10	-497	-963
24	0	729	-18	-21	0	0	0	-10	-497	-963
24	0	729	-18	-21	0	0	0	-10	-497	-964
24	0	729	-18	-21	0	0	0	-10	-498	-964
24	0	732	-18	-17	0	0	0	-10	-498	-964
24	0	732	-18	-17	0	0	0	-10	-498	-965
24	0	732	-18	-17	0	0	0	-10	-499	-965
24	0	731	-16	-15	0	0	0	-10	-499	-966
24	0	731	-16	-15	0	0	0	-10	-500	-966
24	0	731	-16	-15	0	0	0	-10	-500	-966
24	0	734	-12	-15	0	0	0	-10	-500	-966
24	0	734	-12	-15	0	0	0	-10	-500	-967
24	0	734	-12	-15	0	0	0	-10	-501	-967
24	0	736	-7	-17	0	0	0	-10	-501	-967
24	0	736	-7	-17	0	0	0	-10	-501	-968
24	0	736	-7	-17	0	0	0	-10	-501	-968
24	0	736	-7	-17	0	0	0	-10	-501	-968
24	0	733	-3	-21	0	0	-1	-11	-502	-969
24	0	733	-3	-21	0	0	-1	-11	-502	-969
24	0	733	-3	-21	0	0	-1	-11	-502	-970
24	0	737	0	-25	0	0	0	-11	-502	-970
24	0	737	0	-25	0	0	0	-11	-502	-971
24	0	737	0	-25	0	0	0	-11	-502	-971
24	0	741	0	-28	0	0	0	-11	-502	-972
24	0	741	0	-28	0	0	0	-11	-502	-972
24	0	741	0	-28	0	0	0	-11	-502	-973
24	0	739	0	-29	0	0	0	-11	-502	-973
24	0	739	0	-29	0	0	0	-11	-502	-974
24	0	739	0	-29	0	0	0	-11	-502	-974
24	0	739	0	-29	0	0	0	-11	-502	-975
24	0	742	-2	-31	0	0	0	-11	-502	-976
24	0	742	-2	-31	0	0	0	-11	-502	-976
24	0	742	-2	-31	0	0	0	-11	-502	-977
24	0	745	0	-33	0	0	0	-11	-502	-978
24	0	745	0	-33	0	0	0	-11	-502	-978
24	0	745	0	-33	0	0	0	-11	-502	-979
23	0	746	0	-38	0	0	0	-11	-502	-980
23	0	746	0	-38	0	0	0	-11	-502	-980
23	0	746	0	-38	0	0	0	-11	-502	-981
23	0	753	7	-27	0	0	0	-11	-502	-982
23	0	753	7	-27	0	0	0	-11	-502	-982
23	0	753	7	-27	0	0	0	-11	-502	-983
23	0	753	7	-27	0	0	0	-11	-502	-984
23	0	761	18	-2	0	0	1	-11	-501	-984
23	0	761	18	-2	0	0	1	-11	-501	-984
23	0	761	18	-2	0	0	1	-11	-501	-984
23	0	772	33	25	0	-1	2	-11	-500	-984
23	0	772	33	25	0	-1	2	-11	-500	-984
23	0	772	33	25	0	-1	2	-11	-499	-983
23	0	790	53	53	0	-1	2	-11	-498	-983
23	0	790	53	53	0	-1	2	-11	-497	-982
23	0	790	53	53	0	-1	2	-11	-496	-981
23	0	807	75	73	0	-2	1	-11	-495	-979
23	0	807	75	73	0	-2	1	-11	-494	-978
23	0	807	75	73	0	-2	1	-11	-492	-977
23	0	807	75	73	0	-2	1	-11	-491	-975
23	0	830	100	85	0	-2	1	-11	-489	-974
23	0	830	100	85	0	-2	1	-11	-487	-972
23	0	830	100	85	0	-2	1	-11	-485	-970
23	0	849	122	93	0	-2	0	-11	-483	-968
23	0	849	122	93	0	-2	0	-11	-481	-967
23	0	849	122	93	0	-2	0	-11	-478	-965
23	0	873	141	95	0	-2	0	-11	-476	-963
23	0	873	141	95	0	-2	0	-11	-473	-961
23	0	873	141	95	0	-2	0	-11	-470	-959
23	0	903	154	91	0	-1	0	-11	-467	-957
23	0	903	154	91	0	-1	0	-11	-464	-955
23	0	903	154	91	0	-1	0	-11	-461	-953
23	0	903	154	91	0	-1	0	-11	-458	-952
23	0	929	150	82	0	0	0	-11	-455	-950
23	0	929	150	82	0	0	0	-11	-452	-948
23	0	929	150	82	0	0	0	-11	-449	-946
23	0	956	137	66	0	0	0	-11	-446	-945
23	0	956	137	66	0	0	0	-11	-443	-943
23	0	956	137	66	0	0	0	-11	-440	-942
23	0	990	115	49	0	0	-1	-11	-438	-941
23	0	990	115	49	0	0	-1	-11	-435	-940
23	0	990	115	49	0	0	-1	-11	-433	-939
23	0	1026	91	31	0	1	-1	-11	-431	-938
23	0	1026	91	31	0	1	-1	-11	-429	-937
23	0	1026	91	31	0	1	-1	-11	-427	-937
23	0	1026	91	31	0	1	-1	-11	-425	-936
23	0	1064	63	11	0	1	-1	-11	-423	-935
23	0	1064	63	11	0	1	-1	-11	-422	-935
23	0	1064	63	11	0	1	-1	-11	-421	-935
23	0	1104	41	-7	0	1	-1	-11	-419	-935
23	0	1104	41	-7	0	1	-1	-11	-419	-935
23	0	1104	41	-7	0	1	-1	-11	-418	-935
23	0	1140	19	-21	0	1	-1	-11	-417	-935
23	0	1140	19	-21	0	1	-1	-11	-417	-936
23	0	1140	19	-21	0	1	-1	-11	-416	-936
23	0	1179	0	-33	0	1	-1	-11	-416	-936
23	0	1179	0	-33	0	1	-1	-11	-416	-937
23	0	1179	0	-33	0	1	-1	-11	-416	-938
23	0	1179	0	-33	0	1	-1	-11	-416	-938
23	0	1221	-15	-45	0	1	-1	-11	-416	-939
23	0	1221	-15	-45	0	1	-1	-11	-416	-940
23	0	1221	-15	-45	0	1	-1	-11	-416	-941
23	0	1261	-27	-57	0	0	-1	-11	-417	-942
23	0	1261	-27	-57	0	0	-1	-11	-417	-943
23	0	1261	-27	-57	0	0	-1	-11	-418	-944
23	0	1298	-39	-65	0	0	-1	-11	-418	-945
23	0	1298	-39	-65	0	0	-1	-11	-419	-947
23	0	1298	-39	-65	0	0	-1	-11	-420	-948
23	0	1326	-53	-73	0	0	0	-11	-421	-949
23	0	1326	-53	-73	0	0	0	-11	-422	-951
23	0	1326	-53	-73	0	0	0	-11	-423	-952
23	0	1326	-53	-73	0	0	0	-11	-424	-954
23	0	1357	-66	-82	0	0	-1	-11	-425	-955
23	0	1357	-66	-82	0	0	-1	-11	-426	-957
23	0	1357	-66	-82	0	0	-1	-11	-428	-958
23	0	1376	-72	-90	0	0	-1	-11	-429	-960
23	0	1376	-72	-90	0	0	-1	-11	-431	-962
23	0	1376	-72	-90	0	0	-1	-11	-432	-964
23	0	1409	-78	-96	0	0	0	-11	-433	-965
23	0	1409	-78	-96	0	0	0	-11	-435	-967
23	0	1409	-78	-96	0	0	0	-11	-437	-969
23	0	1409	-78	-96	0	0	0	-11	-438	-971
23	0	1439	-81	-101	0	0	0	-11	-440	-973
23	0	1439	-81	-101	0	0	0	-11	-442	-975
23	0	1439	-81	-101	0	0	0	-11	-443	-977
23	0	1467	-81	-106	0	0	0	-11	-445	-979
23	0	1467	-81	-106	0	0	0	-11	-446	-982
23	0	1467	-81	-106	0	0	0	-11	-448	-984
23	0	1497	38	-4	0	0	0	-11	-450	-986
23	0	1497	38	-4	0	0	0	-11	-449	-986
23	0	1497	38	-4	0	0	0	-11	-448	-986
23	0	1533	160	104	0	0	0	-11	-447	-986
23	0	1533	160	104	0	0	0	-11	-444	-984
23	0	1533	160	104	0	0	0	-11	-441	-982
23	0	1573	206	108	0	0	0	-11	-438	-980
23	0	1573	206	108	0	0	0	-11	-434	-978
23	0	1573	206	108	0	0	0	-11	-430	-975
23	0	1573	206	108	0	0	0	-11	-425	-973
23	0	1612	193	48	0	0	0	-11	-421	-971
23	0	1612	193	48	0	0	0	-11	-417	-970
23	0	1612	193	48	0	0	0	-11	-414	-969
23	0	1652	170	57	0	0	0	-11	-410	-968
23	0	1652	170	57	0	0	0	-11	-406	-967
23	0	1652	170	57	0	0	0	-11	-403	-966
23	0	1701	143	70	0	0	0	-11	-399	-965
23	0	1701	143	70	0	0	0	-11	-397	-963
23	0	1701	143	70	0	0	0	-11	-394	-962
23	0	1701	143	70	0	0	0	-11	-391	-961
23	0	1739	170	81	0	0	0	-11	-388	-959
23	0	1739	170	81	0	0	0	-11	-385	-958
23	0	1739	170	81	0	0	0	-11	-381	-956
23	0	1779	168	90	0	0	0	-11	-378	-954
23	0	1779	168	90	0	0	0	-11	-374	-952
23	0	1779	168	90	0	0	0	-11	-371	-951
23	0	1824	168	103	0	0	0	-11	-368	-949
23	0	1824	168	103	0	0	0	-11	-364	-947
23	0	1824	168	103	0	0	0	-11	-361	-945
23	0	1861	157	102	0	0	0	-11	-357	-942
23	0	1861	157	102	0	0	0	-11	-354	-940
23	0	1861	157	102	0	0	0	-11	-351	-938
23	0	1861	157	102	0	0	0	-11	-348	-936
23	0	1893	190	99	0	0	0	-11	-345	-934
23	0	1893	190	99	0	0	0	-11	-341	-932
23	0	1893	190	99	0	0	0	-11	-337	-930
23	0	1932	185	96	0	0	0	-11	-333	-928
23	0	1932	185	96	0	0	0	-11	-330	-926
23	0	1932	185	96	0	0	0	-11	-326	-924
23	0	1970	186	114	0	0	0	-11	-322	-922
23	0	1970	186	114	0	0	0	-11	-318	-920
23	0	1970	186	114	0	0	0	-11	-315	-918
23	0	1970	186	114	0	0	0	-11	-311	-916
23	0	2007	165	118	0	0	0	-11	-307	-913
23	0	2007	165	118	0	0	0	-11	-304	-911
23	0	2042	171	122	0	0	0	-11	-301	-909
23	0	2042	171	122	0	0	0	-11	-297	-906
23	0	2042	171	122	0	0	0	-11	-294	-904
23	0	2042	171	122	0	0	0	-11	-290	-901
23	0	2042	171	122	0	0	0	-11	-287	-899
23	0	2042	171	122	0	0	0	-11	-283	-896
23	0	2042	171	122	0	0	0	-11	-280	-894
23	0	2114	164	137	0	0	0	-11	-277	-891
23	0	2114	164	137	0	0	0	-11	-273	-889
23	0	2114	164	137	0	0	0	-11	-270	-886
23	0	2139	207	108	0	0	0	-11	-267	-883
23	0	2139	207	108	0	0	0	-11	-263	-881
23	0	2139	207	108	0	0	0	-11	-258	-879
23	0	2139	207	108	0	0	0	-11	-254	-877
23	0	2147	241	97	0	0	0	-11	-250	-875
23	0	2147	241	97	0	0	0	-11	-245	-873
23	0	2147	241	97	0	0	0	-11	-241	-871
23	0	2163	190	96	0	0	-1	-11	-236	-869
23	0	2163	190	96	0	0	-1	-11	-232	-867
23	0	2163	190	96	0	0	-1	-11	-228	-865
23	0	2176	185	91	0	1	-1	-11	-224	-863
23	0	2176	185	91	0	1	-1	-11	-221	-861
23	0	2176	185	91	0	1	-1	-11	-217	-859
23	0	2187	117	59	0	1	-1	-11	-213	-857
23	0	2187	117	59	0	1	-1	-11	-211	-856
23	0	2187	117	59	0	1	-1	-11	-208	-855
23	0	2187	117	59	0	1	-1	-11	-206	-854
23	0	2191	98	52	0	1	-2	-11	-204	-853
23	0	2191	98	52	0	1	-2	-11	-202	-852
23	0	2191	98	52	0	1	-2	-11	-200	-851
23	0	2192	99	58	0	1	-2	-11	-198	-849
23	0	2192	99	58	0	1	-2	-11	-196	-848
23	0	2192	99	58	0	1	-2	-11	-194	-847
23	0	2196	88	54	0	1	-2	-11	-192	-846
23	0	2196	88	54	0	1	-2	-11	-190	-845
23	0	2196	88	54	0	1	-2	-11	-188	-844
23	0	2200	74	44	0	1	-2	-11	-187	-843
23	0	2200	74	44	0	1	-2	-11	-185	-842
23	0	2200	74	44	0	1	-2	-11	-184	-841
23	0	2209	63	32	0	1	-1	-11	-182	-840
23	0	2209	63	32	0	1	-1	-11	-181	-839
23	0	2209	63	32	0	1	-1	-11	-180	-839
23	0	2209	63	32	0	1	-1	-11	-178	-838
23	0	2209	48	20	0	0	-1	-11	-177	-837
23	0	2209	48	20	0	0	-1	-11	-176	-837
23	0	2209	48	20	0	0	-1	-11	-175	-837
23	0	2212	40	7	0	0	-1	-11	-174	-836
23	0	2212	40	7	0	0	-1	-11	-173	-836
23	0	2212	40	7	0	0	-1	-11	-173	-836
23	0	2207	52	9	0	0	0	-11	-172	-836
23	0	2207	52	9	0	0	0	-11	-171	-836
23	0	2207	52	9	0	0	0	-11	-170	-835
23	0	2207	52	9	0	0	0	-11	-169	-835
23	0	2205	47	11	0	0	-1	-11	-168	-835
23	0	2205	47	11	0	0	-1	-11	-167	-835
23	0	2205	47	11	0	0	-1	-11	-166	-835
23	0	2211	26	0	0	0	-3	-11	-165	-834
23	0	2211	26	0	0	0	-3	-11	-164	-834
23	0	2211	26	0	0	0	-3	-11	-164	-834
23	0	2218	9	-33	0	0	-5	-11	-163	-834
23	0	2218	9	-33	0	0	-5	-11	-163	-835
23	0	2218	9	-33	0	0	-5	-11	-163	-836
23	0	2221	-11	-73	0	0	-7	-12	-163	-836
23	0	2221	-11	-73	0	0	-7	-12	-163	-838
23	0	2221	-11	-73	0	0	-7	-12	-163	-839
23	0	2221	-11	-73	0	0	-7	-12	-163	-841
23	0	2230	-15	-131	0	0	-9	-12	-163	-842
23	0	2230	-15	-131	0	0	-9	-12	-164	-845
23	0	2230	-15	-131	0	0	-9	-12	-164	-848
23	0	2233	-16	-195	0	0	-9	-12	-164	-850
23	0	2233	-16	-195	0	0	-9	-12	-165	-854
23	0	2233	-16	-195	0	0	-9	-12	-165	-858
23	0	2246	-5	-266	0	0	-10	-12	-165	-862
23	0	2246	-5	-266	0	0	-10	-12	-165	-867
23	0	2246	-5	-266	0	0	-10	-12	-166	-873
23	0	2256	-12	-341	0	0	-10	-12	-166	-878
23	0	2256	-12	-341	0	0	-10	-12	-166	-885
23	0	2256	-12	-341	0	0	-10	-12	-166	-892
23	0	2256	-12	-341	0	0	-10	-12	-166	-899
23	0	2261	10	-421	0	0	-9	-11	-167	-905
23	0	2261	10	-421	0	0	-9	-11	-166	-914
23	0	2261	10	-421	0	0	-9	-11	-166	-922
23	0	2272	37	-505	0	0	-9	-11	-166	-931
23	0	2272	37	-505	0	0	-9	-11	-165	-941
23	0	2272	37	-505	0	0	-9	-11	-164	-951
23	0	2263	41	-587	0	0	-8	-11	-164	-961
23	0	2263	41	-587	0	0	-8	-11	-163	-973
23	0	2263	41	-587	0	0	-8	-11	-162	-984
23	0	2251	50	-668	0	0	-8	-11	-161	-997
23	0	2251	50	-668	0	0	-8	-11	-160	-1010
23	0	2251	50	-668	0	0	-8	-11	-159	-1023
23	0	2251	50	-668	0	0	-8	-11	-158	-1037
23	0	2239	56	-739	0	0	-8	-11	-157	-1050
23	0	2239	56	-739	0	0	-8	-11	-156	-1065
23	0	2239	56	-739	0	0	-8	-11	-155	-1080
23	0	2225	52	-814	0	0	-8	-11	-154	-1095
23	0	2225	52	-814	0	0	-8	-11	-153	-1111
23	0	2225	52	-814	0	0	-8	-11	-152	-1127
23	0	2209	88	-907	0	0	-8	-11	-151	-1143
23	0	2209	88	-907	0	0	-8	-11	-149	-1161
23	0	2209	88	-907	0	0	-8	-11	-147	-1180
23	0	2209	88	-907	0	0	-8	-11	-145	-1202
23	0	2194	118	-1012	0	1	-8	-11	-143	-1219
23	0	2194	118	-1012	0	1	-8	-11	-141	-1239
23	0	2194	118	-1012	0	1	-8	-11	-139	-1259
23	0	2194	118	-1012	0	1	-8	-11	-136	-1279
23	0	2194	118	-1012	0	1	-8	-11	-134	-1300
23	0	2187	119	-1155	0	1	-8	-10	-131	-1320
23	0	2176	94	-1289	0	1	-8	-10	-129	-1343
23	0	2176	94	-1289	0	1	-8	-10	-127	-1369
23	0	2176	94	-1289	0	1	-8	-10	-125	-1394
23	0	2170	71	-1371	0	1	-8	-10	-123	-1425
23	0	2170	71	-1371	0	1	-8	-10	-122	-1452
23	0	2170	71	-1371	0	1	-8	-10	-120	-1479
23	0	2170	71	-1371	0	1	-8	-10	-119	-1506
23	0	2170	71	-1371	0	1	-8	-10	-117	-1534
23	0	2170	71	-1371	0	1	-8	-10	-116	-1561
23	0	2170	71	-1371	0	1	-8	-10	-114	-1589
23	0	2170	71	-1371	0	1	-8	-10	-113	-1616
23	0	2155	23	-1501	0	1	-8	-9	-112	-1643
23	0	2155	23	-1501	0	1	-8	-9	-111	-1673
23	0	2154	-9	-1601	0	1	-8	-9	-111	-1704
23	0	2154	-9	-1601	0	1	-8	-9	-111	-1735
23	0	2154	-9	-1601	0	1	-8	-9	-111	-1768
23	0	2154	-9	-1601	0	1	-8	-9	-111	-1799
23	0	2154	-9	-1601	0	1	-8	-9	-111	-1832
23	0	2154	-9	-1601	0	1	-8	-9	-112	-1864
23	0	2154	-9	-1601	0	1	-8	-9	-112	-1896
23	0	2153	-22	-1724	0	0	-4	-9	-112	-1928
23	0	2153	-22	-1724	0	0	-4	-9	-113	-1962
23	0	2159	-30	-1815	0	0	-2	-9	-113	-1997
23	0	2159	-30	-1815	0	0	-2	-9	-114	-2033
23	0	2159	-30	-1815	0	0	-2	-9	-114	-2070
23	0	2159	-30	-1815	0	0	-2	-9	-115	-2106
23	0	2159	-30	-1815	0	0	-2	-9	-115	-2142
23	0	2159	-30	-1815	0	0	-2	-9	-116	-2178
23	0	2159	-30	-1815	0	0	-2	-9	-117	-2214
23	0	2159	-30	-1815	0	0	-2	-9	-117	-2251
23	0	2191	-42	-1488	0	0	4	-9	-118	-2287
23	0	2191	-42	-1488	0	0	4	-9	-119	-2317
23	0	2194	8	-1363	0	0	6	-9	-120	-2346
23	0	2194	8	-1363	0	0	6	-9	-119	-2374
23	0	2194	8	-1363	0	0	6	-9	-119	-2401
23	0	2194	8	-1363	0	0	6	-9	-119	-2428
23	0	2194	8	-1363	0	0	6	-9	-119	-2455
23	0	2194	8	-1363	0	0	6	-9	-119	-2482
23	0	2194	8	-1363	0	0	6	-9	-119	-2510
23	0	2194	8	-1363	0	0	6	-9	-118	-2538
23	0	2185	84	-1141	0	0	11	-9	-118	-2564
23	0	2185	84	-1141	0	0	11	-9	-116	-2587
23	0	2174	89	-949	0	0	13	-9	-115	-2610
23	0	2174	89	-949	0	0	13	-9	-113	-2629
23	0	2174	89	-949	0	0	13	-9	-111	-2648
23	0	2184	88	-734	0	0	13	-9	-109	-2667
23	0	2184	88	-734	0	0	13	-9	-108	-2682
23	0	2184	88	-734	0	0	13	-9	-106	-2696
23	0	2180	82	-555	0	0	13	-9	-104	-2711
23	0	2180	82	-555	0	0	13	-9	-102	-2722
23	0	2180	82	-555	0	0	13	-9	-101	-2733
23	0	2180	82	-555	0	0	13	-9	-99	-2744
23	0	2180	82	-555	0	0	13	-9	-98	-2755
23	0	2180	82	-555	0	0	13	-9	-96	-2767
23	0	2138	42	-408	0	0	12	-9	-94	-2778
23	0	2109	-6	-223	0	0	9	-9	-93	-2786
23	0	2109	-6	-223	0	0	9	-9	-94	-2790
23	0	2109	-6	-223	0	0	9	-9	-94	-2795
23	0	2091	-78	-114	0	0	6	-10	-94	-2799
23	0	2091	-78	-114	0	0	6	-10	-95	-2801
23	0	2091	-78	-114	0	0	6	-10	-97	-2804
23	0	2091	-78	-114	0	0	6	-10	-98	-2806
23	0	2091	-78	-114	0	0	6	-10	-100	-2808
23	0	2091	-78	-114	0	0	6	-10	-102	-2811
23	0	2091	-78	-114	0	0	6	-10	-103	-2813
23	0	2057	-138	-55	0	0	-2	-10	-105	-2815
23	0	2057	-138	-55	0	0	-2	-10	-108	-2816
23	0	2057	-138	-55	0	0	-2	-10	-110	-2817
23	0	2051	-122	-140	0	0	-6	-10	-113	-2818
23	0	2051	-122	-140	0	0	-6	-10	-116	-2821
23	0	2051	-122	-140	0	0	-6	-10	-118	-2824
23	0	2051	-122	-140	0	0	-6	-10	-120	-2827
23	0	2051	-122	-140	0	0	-6	-10	-123	-2830
23	0	2051	-122	-140	0	0	-6	-10	-125	-2832
23	0	2051	-122	-140	0	0	-6	-10	-128	-2835
23	0	2051	-122	-140	0	0	-6	-10	-130	-2838
23	0	2063	-117	-287	0	0	-11	-10	-133	-2841
23	0	2063	-117	-287	0	0	-11	-10	-135	-2847
23	0	2072	-88	-408	0	0	-12	-10	-137	-2852
23	0	2072	-88	-408	0	0	-12	-10	-139	-2861
23	0	2072	-88	-408	0	0	-12	-10	-141	-2869
23	0	2060	-74	-508	0	0	-13	-10	-143	-2877
23	0	2060	-74	-508	0	0	-13	-10	-144	-2887
23	0	2060	-74	-508	0	0	-13	-10	-146	-2897
23	0	2061	-76	-607	0	0	-13	-10	-147	-2907
23	0	2061	-76	-607	0	0	-13	-10	-149	-2920
23	0	2061	-76	-607	0	0	-13	-10	-150	-2932
23	0	2061	-76	-607	0	0	-13	-10	-152	-2944
23	0	2061	-76	-607	0	0	-13	-10	-153	-2956
23	0	2061	-76	-607	0	0	-13	-10	-155	-2968
23	0	2061	-76	-607	0	0	-13	-10	-156	-2980
23	0	2070	-47	-815	0	0	-12	-10	-158	-2993
23	0	2070	-47	-815	0	0	-12	-10	-159	-3009
23	0	2070	-47	-815	0	0	-12	-10	-160	-3025
23	0	2072	-72	-935	0	0	-12	-10	-161	-3041
23	0	2072	-72	-935	0	0	-12	-10	-162	-3060
23	0	2072	-72	-935	0	0	-12	-10	-163	-3079
23	0	2072	-72	-935	0	0	-12	-10	-165	-3097
23	0	2072	-72	-935	0	0	-12	-10	-166	-3116
23	0	2072	-72	-935	0	0	-12	-10	-168	-3135
23	0	2072	-72	-935	0	0	-12	-10	-169	-3154
23	0	2074	-52	-1100	0	0	-11	-10	-171	-3172
23	0	2074	-52	-1100	0	0	-11	-10	-172	-3194
23	0	2074	-52	-1100	0	0	-11	-10	-173	-3218
23	0	2076	-41	-1120	0	0	-11	-10	-174	-3239
23	0	2076	-41	-1120	0	0	-11	-10	-175	-3262
23	0	2076	-41	-1120	0	0	-11	-10	-176	-3285
23	0	2076	-41	-1120	0	0	-11	-10	-176	-3306
23	0	2076	-41	-1120	0	0	-11	-10	-177	-3329
23	0	2076	-41	-1120	0	0	-11	-10	-178	-3351
23	0	2076	-41	-1120	0	0	-11	-10	-179	-3374
23	0	2076	-41	-1120	0	0	-11	-10	-180	-3396
23	0	2096	-42	-1055	0	0	-11	-10	-181	-3418
23	0	2096	-42	-1055	0	0	-11	-10	-181	-3440
23	0	2109	-54	-1104	0	0	-11	-10	-182	-3461
23	0	2109	-54	-1104	0	0	-11	-10	-183	-3483
23	0	2109	-54	-1104	0	0	-11	-10	-184	-3505
23	0	2113	-64	-1150	0	0	-10	-10	-186	-3527
23	0	2113	-64	-1150	0	0	-10	-10	-187	-3550
23	0	2113	-64	-1150	0	0	-10	-10	-188	-3573
23	0	2113	-64	-1150	0	0	-10	-10	-189	-3596
23	0	2113	-64	-1150	0	0	-10	-10	-191	-3619
23	0	2116	-69	-1205	0	0	-10	-10	-192	-3642
23	0	2120	-69	-1249	0	0	-10	-10	-193	-3666
23	0	2120	-69	-1249	0	0	-10	-10	-195	-3691
23	0	2120	-69	-1249	0	0	-10	-10	-196	-3716
23	0	2120	-69	-1249	0	0	-10	-10	-197	-3741
23	0	2119	-55	-1281	0	0	-10	-10	-199	-3767
23	0	2119	-55	-1281	0	0	-10	-10	-200	-3793
23	0	2119	-55	-1281	0	0	-10	-10	-201	-3819
23	0	2119	-55	-1281	0	0	-10	-10	-202	-3844
23	0	2119	-55	-1281	0	0	-10	-10	-203	-3870
23	0	2121	-51	-1323	0	0	-9	-10	-205	-3896
23	0	2122	-66	-1337	0	0	-9	-10	-206	-3922
23	0	2122	-66	-1337	0	0	-9	-10	-207	-3949
23	0	2122	-66	-1337	0	0	-9	-10	-208	-3976
23	0	2121	-42	-1416	0	0	-7	-9	-210	-4002
23	0	2121	-42	-1416	0	0	-7	-9	-210	-4031
23	0	2121	-42	-1416	0	0	-7	-9	-211	-4059
23	0	2121	-42	-1416	0	0	-7	-9	-212	-4087
23	0	2121	-42	-1416	0	0	-7	-9	-213	-4116
23	0	2121	-42	-1416	0	0	-7	-9	-214	-4144
23	0	2139	-3	-1649	0	0	-5	-9	-215	-4172
23	0	2141	-16	-1591	0	0	-2	-9	-215	-4205
23	0	2141	-16	-1591	0	0	-2	-9	-215	-4237
23	0	2141	-16	-1591	0	0	-2	-9	-215	-4269
23	0	2148	3	-1590	0	0	0	-9	-216	-4301
23	0	2148	3	-1590	0	0	0	-9	-216	-4332
23	0	2148	3	-1590	0	0	0	-9	-216	-4364
23	0	2148	3	-1590	0	0	0	-9	-216	-4396
23	0	2148	3	-1590	0	0	0	-9	-215	-4428
23	0	2148	3	-1590	0	0	0	-9	-215	-4460
23	0	2166	4	-1556	0	0	3	-9	-215	-4492
23	0	2169	47	-1415	0	0	6	-9	-215	-4523
23	0	2169	47	-1415	0	0	6	-9	-214	-4551
23	0	2169	47	-1415	0	0	6	-9	-213	-4580
23	0	2168	100	-1234	0	0	9	-9	-212	-4609
23	0	2168	100	-1234	0	0	9	-9	-210	-4633
23	0	2168	100	-1234	0	0	9	-9	-208	-4658
23	0	2168	100	-1234	0	0	9	-9	-206	-4683
23	0	2168	100	-1234	0	0	9	-9	-204	-4707
23	0	2168	100	-1234	0	0	9	-9	-202	-4732
23	0	2168	100	-1234	0	0	9	-9	-200	-4758
23	0	2175	-21	-900	0	-1	12	-9	-198	-4781
23	0	2175	-21	-900	0	-1	12	-9	-199	-4799
23	0	2175	-21	-900	0	-1	12	-9	-199	-4817
23	0	2182	-63	-801	0	-2	10	-10	-200	-4835
23	0	2182	-63	-801	0	-2	10	-10	-201	-4851
23	0	2182	-63	-801	0	-2	10	-10	-202	-4867
23	0	2182	-63	-801	0	-2	10	-10	-203	-4884
23	0	2182	-63	-801	0	-2	10	-10	-205	-4899
23	0	2182	-63	-801	0	-2	10	-10	-206	-4915
23	0	2182	-63	-801	0	-2	10	-10	-207	-4931
23	0	2184	66	-722	0	-8	4	-11	-208	-4947
23	0	2184	66	-722	0	-8	4	-11	-207	-4962
23	0	2182	175	-727	0	-10	1	-11	-206	-4976
23	0	2182	175	-727	0	-10	1	-11	-202	-4991
23	0	2182	175	-727	0	-10	1	-11	-199	-5005
23	0	2182	175	-727	0	-10	1	-11	-195	-5020
23	0	2182	175	-727	0	-10	1	-11	-192	-5035
23	0	2182	175	-727	0	-10	1	-11	-188	-5049
23	0	2182	175	-727	0	-10	1	-11	-185	-5064
23	0	2182	175	-727	0	-10	1	-11	-181	-5078
23	0	2175	502	-673	0	-11	-2	-10	-178	-5093
23	0	2175	502	-673	0	-11	-2	-10	-168	-5106
23	0	2168	627	-602	0	-11	-2	-10	-158	-5120
23	0	2168	627	-602	0	-11	-2	-10	-145	-5132
23	0	2168	627	-602	0	-11	-2	-10	-133	-5144
23	0	2168	627	-602	0	-11	-2	-10	-120	-5156
23	0	2162	744	-534	0	-10	-3	-10	-107	-5168
23	0	2162	744	-534	0	-10	-3	-10	-92	-5179
23	0	2162	744	-534	0	-10	-3	-10	-78	-5189
23	0	2162	744	-534	0	-10	-3	-10	-63	-5200
23	0	2160	824	-518	0	-9	-3	-10	-48	-5211
23	0	2160	824	-518	0	-9	-3	-10	-31	-5221
23	0	2157	911	-547	0	-9	-3	-10	-15	-5231
23	0	2157	911	-547	0	-9	-3	-10	2	-5242
23	0	2157	911	-547	0	-9	-3	-10	20	-5253
23	0	2141	1054	-520	0	-8	-3	-10	39	-5264
23	0	2141	1054	-520	0	-8	-3	-10	60	-5275
23	0	2141	1054	-520	0	-8	-3	-10	81	-5285
23	0	2141	1054	-520	0	-8	-3	-10	102	-5296
23	0	2141	1054	-520	0	-8	-3	-10	123	-5306
23	0	2141	1054	-520	0	-8	-3	-10	144	-5316
23	0	2153	1096	-483	0	-7	-2	-10	167	-5328
23	0	2121	1169	-441	0	-7	-2	-10	188	-5337
23	0	2121	1169	-441	0	-7	-2	-10	211	-5346
23	0	2121	1169	-441	0	-7	-2	-10	235	-5355
23	0	2112	1187	-436	0	-6	-1	-10	258	-5363
23	0	2112	1187	-436	0	-6	-1	-10	282	-5372
23	0	2112	1187	-436	0	-6	-1	-10	306	-5381
23	0	2112	1187	-436	0	-6	-1	-10	330	-5390
23	0	2112	1187	-436	0	-6	-1	-10	353	-5398
23	0	2112	1187	-436	0	-6	-1	-10	377	-5407
23	0	2096	1205	-313	0	-6	-1	-9	401	-5416
23	0	2096	1205	-313	0	-6	-1	-9	425	-5422
23	0	2096	1205	-313	0	-6	-1	-9	449	-5428
23	0	2096	1205	-313	0	-6	-1	-9	473	-5435
23	0	2084	1183	-252	0	-6	-1	-10	498	-5441
23	0	2084	1183	-252	0	-6	-1	-10	522	-5446
23	0	2084	1183	-252	0	-6	-1	-10	546	-5451
23	0	2084	1183	-252	0	-6	-1	-10	569	-5456
23	0	2084	1183	-252	0	-6	-1	-10	593	-5461
23	0	2084	1183	-252	0	-6	-1	-10	617	-5466
23	0	2086	1144	-214	0	-6	-1	-10	640	-5472
23	0	2086	1144	-214	0	-6	-1	-10	663	-5476
23	0	2086	1144	-214	0	-6	-1	-10	686	-5480
23	0	2064	1121	-213	0	-6	-1	-10	709	-5484
23	0	2064	1121	-213	0	-6	-1	-10	731	-5489
23	0	2064	1121	-213	0	-6	-1	-10	753	-5493
23	0	2064	1121	-213	0	-6	-1	-10	776	-5497
23	0	2064	1121	-213	0	-6	-1	-10	798	-5501
23	0	2064	1121	-213	0	-6	-1	-10	821	-5506
23	0	2064	1121	-213	0	-6	-1	-10	843	-5510
23	0	2066	1386	-221	0	-1	-3	-10	866	-5514
23	0	2066	1386	-221	0	-1	-3	-10	893	-5519
23	0	2066	1386	-221	0	-1	-3	-10	921	-5523
23	0	2064	1376	-258	0	1	-4	-10	949	-5528
23	0	2064	1376	-258	0	1	-4	-10	976	-5533
23	0	2064	1376	-258	0	1	-4	-10	1004	-5538
23	0	2064	1376	-258	0	1	-4	-10	1032	-5543
23	0	2064	1376	-258	0	1	-4	-10	1059	-5548
23	0	2064	1376	-258	0	1	-4	-10	1086	-5553
23	0	2064	1376	-258	0	1	-4	-10	1114	-5559
23	0	2066	1331	-251	0	6	-3	-11	1142	-5564
23	0	2066	1331	-251	0	6	-3	-11	1168	-5569
23	0	2066	1331	-251	0	6	-3	-11	1195	-5574
23	0	2068	1244	-273	0	8	-2	-11	1221	-5579
23	0	2068	1244	-273	0	8	-2	-11	1246	-5584
23	0	2068	1244	-273	0	8	-2	-11	1271	-5590
23	0	2068	1244	-273	0	8	-2	-11	1296	-5595
23	0	2068	1244	-273	0	8	-2	-11	1321	-5601
23	0	2068	1244	-273	0	8	-2	-11	1346	-5606
23	0	2068	1244	-273	0	8	-2	-11	1371	-5612
23	0	2068	1244	-273	0	8	-2	-11	1395	-5617
23	0	2084	924	-289	0	11	0	-11	1420	-5623
23	0	2084	924	-289	0	11	0	-11	1439	-5628
23	0	2083	779	-278	0	10	1	-11	1457	-5634
23	0	2083	779	-278	0	10	1	-11	1473	-5640
23	0	2083	779	-278	0	10	1	-11	1488	-5645
23	0	2075	720	-270	0	8	3	-11	1504	-5651
23	0	2075	720	-270	0	8	3	-11	1518	-5656
23	0	2075	720	-270	0	8	3	-11	1533	-5662
23	0	2075	720	-270	0	8	3	-11	1547	-5667
23	0	2075	720	-270	0	8	3	-11	1562	-5672
23	0	2079	708	-122	0	5	5	-11	1576	-5678
23	0	2073	721	69	0	3	7	-11	1590	-5680
23	0	2073	721	69	0	3	7	-11	1605	-5679
23	0	2073	721	69	0	3	7	-11	1619	-5678
23	0	2073	721	69	0	3	7	-11	1634	-5676
23	0	2067	699	182	0	2	8	-11	1648	-5675
23	0	2067	699	182	0	2	8	-11	1662	-5671
23	0	2067	699	182	0	2	8	-11	1676	-5667
23	0	2067	699	182	0	2	8	-11	1690	-5664
23	0	2067	699	182	0	2	8	-11	1704	-5660
23	0	2066	599	245	0	1	9	-11	1718	-5656
23	0	2068	542	347	0	0	9	-11	1730	-5652
23	0	2068	542	347	0	0	9	-11	1741	-5645
23	0	2068	542	347	0	0	9	-11	1752	-5638
23	0	2068	500	498	0	0	9	-11	1762	-5631
23	0	2068	500	498	0	0	9	-11	1773	-5621
23	0	2068	500	498	0	0	9	-11	1782	-5611
23	0	2068	500	498	0	0	9	-11	1793	-5601
23	0	2068	500	498	0	0	9	-11	1802	-5591
23	0	2068	500	498	0	0	9	-11	1812	-5581
23	0	2062	418	591	0	0	9	-11	1822	-5571
23	0	2056	363	675	0	-1	9	-11	1831	-5559
23	0	2056	363	675	0	-1	9	-11	1838	-5546
23	0	2056	363	675	0	-1	9	-11	1845	-5532
23	0	2052	319	745	0	-2	8	-11	1853	-5519
23	0	2052	319	745	0	-2	8	-11	1859	-5504
23	0	2052	319	745	0	-2	8	-11	1865	-5489
23	0	2052	319	745	0	-2	8	-11	1872	-5474
23	0	2050	269	818	0	-2	8	-11	1878	-5459
23	0	2050	269	818	0	-2	8	-11	1884	-5443
23	0	2050	269	818	0	-2	8	-11	1889	-5426
23	0	2039	214	870	0	-2	7	-11	1894	-5410
23	0	2039	214	870	0	-2	7	-11	1899	-5393
23	0	2039	214	870	0	-2	7	-11	1903	-5375
23	0	2030	161	913	0	-2	7	-11	1907	-5358
23	0	2030	161	913	0	-2	7	-11	1911	-5339
23	0	2030	161	913	0	-2	7	-11	1914	-5321
23	0	2023	188	949	0	-2	7	-11	1917	-5303
23	0	2023	188	949	0	-2	7	-11	1921	-5284
23	0	2023	188	949	0	-2	7	-11	1925	-5265
23	0	2023	188	949	0	-2	7	-11	1928	-5246
23	0	2029	185	1026	0	-2	7	-11	1932	-5227
23	0	2029	185	1026	0	-2	7	-11	1936	-5207
23	0	2029	185	1026	0	-2	7	-11	1939	-5186
23	0	2058	204	1046	0	-2	7	-11	1943	-5165
23	0	2058	204	1046	0	-2	7	-11	1947	-5145
23	0	2058	204	1046	0	-2	7	-11	1951	-5124
22	0	2073	207	1111	0	-2	7	-11	1955	-5103
22	0	2073	207	1111	0	-2	7	-11	1960	-5080
22	0	2073	207	1111	0	-2	7	-11	1964	-5057
22	0	2082	204	1140	0	-2	7	-11	1968	-5036
22	0	2082	204	1140	0	-2	7	-11	1972	-5013
22	0	2082	204	1140	0	-2	7	-11	1976	-4990
22	0	2082	204	1140	0	-2	7	-11	1980	-4968
22	0	2097	215	1183	0	-2	7	-11	1984	-4945
22	0	2097	215	1183	0	-2	7	-11	1989	-4921
22	0	2097	215	1183	0	-2	7	-11	1993	-4897
22	0	2102	215	1224	0	-1	7	-11	1997	-4874
22	0	2102	215	1224	0	-1	7	-11	2001	-4849
22	0	2102	215	1224	0	-1	7	-11	2006	-4825
22	0	2121	199	1260	0	-1	7	-11	2010	-4800
22	0	2121	199	1260	0	-1	7	-11	2014	-4775
22	0	2121	199	1260	0	-1	7	-11	2018	-4750
22	0	2139	200	1306	0	-1	7	-11	2022	-4724
22	0	2139	200	1306	0	-1	7	-11	2026	-4698
22	0	2139	200	1306	0	-1	7	-11	2030	-4672
22	0	2139	200	1306	0	-1	7	-11	2034	-4646
22	0	2174	199	1341	0	-1	7	-11	2038	-4620
22	0	2174	199	1341	0	-1	7	-11	2042	-4593
22	0	2174	199	1341	0	-1	7	-11	2046	-4567
22	0	2199	199	1384	0	-1	7	-11	2050	-4538
22	0	2199	199	1384	0	-1	7	-11	2054	-4511
22	0	2199	199	1384	0	-1	7	-11	2058	-4483
22	0	2232	187	1459	0	-1	6	-11	2062	-4455
22	0	2232	187	1459	0	-1	6	-11	2066	-4426
22	0	2232	187	1459	0	-1	6	-11	2070	-4397
22	0	2264	168	1429	0	-1	4	-11	2073	-4368
22	0	2264	168	1429	0	-1	4	-11	2077	-4339
22	0	2264	168	1429	0	-1	4	-11	2080	-4311
22	0	2264	168	1429	0	-1	4	-11	2084	-4282
22	0	2278	157	1376	0	-1	1	-11	2087	-4254
22	0	2278	157	1376	0	-1	1	-11	2090	-4226
22	0	2278	157	1376	0	-1	1	-11	2093	-4199
22	0	2305	130	1251	0	-1	0	-11	2096	-4171
22	0	2305	130	1251	0	-1	0	-11	2099	-4146
22	0	2305	130	1251	0	-1	0	-11	2102	-4121
22	0	2333	134	1192	0	0	0	-11	2104	-4096
22	0	2333	134	1192	0	0	0	-11	2107	-4072
22	0	2333	134	1192	0	0	0	-11	2110	-4048
22	0	2356	128	1218	0	0	0	-11	2112	-4024
22	0	2356	128	1218	0	0	0	-11	2115	-4000
22	0	2356	128	1218	0	0	0	-11	2117	-3975
22	0	2356	128	1218	0	0	0	-11	2120	-3951
22	0	2351	122	1249	0	0	2	-11	2123	-3927
22	0	2351	122	1249	0	0	2	-11	2125	-3902
22	0	2351	122	1249	0	0	2	-11	2127	-3877
22	0	2343	116	1291	0	0	4	-11	2130	-3852
22	0	2343	116	1291	0	0	4	-11	2132	-3826
22	0	2343	116	1291	0	0	4	-11	2135	-3799
22	0	2331	118	1329	0	0	6	-11	2137	-3775
22	0	2331	118	1329	0	0	6	-11	2139	-3748
22	0	2331	118	1329	0	0	6	-11	2142	-3721
22	0	2304	102	1378	0	0	7	-11	2144	-3695
22	0	2304	102	1378	0	0	7	-11	2146	-3667
22	0	2304	102	1378	0	0	7	-11	2148	-3640
22	0	2304	102	1378	0	0	7	-11	2150	-3612
22	0	2274	76	1448	0	0	6	-11	2152	-3584
22	0	2274	76	1448	0	0	6	-11	2154	-3556
22	0	2274	76	1448	0	0	6	-11	2155	-3527
22	0	2241	45	1433	0	0	4	-11	2157	-3498
22	0	2241	45	1433	0	0	4	-11	2158	-3469
22	0	2241	45	1433	0	0	4	-11	2159	-3441
22	0	2258	48	1423	0	-1	2	-11	2160	-3410
22	0	2258	48	1423	0	-1	2	-11	2160	-3382
22	0	2258	48	1423	0	-1	2	-11	2161	-3354
22	0	2237	44	1375	0	-1	0	-12	2162	-3325
22	0	2237	44	1375	0	-1	0	-12	2163	-3298
22	0	2237	44	1375	0	-1	0	-12	2164	-3270
22	0	2237	44	1375	0	-1	0	-12	2165	-3243
22	0	2254	51	1407	0	-1	-3	-12	2166	-3213
22	0	2254	51	1407	0	-1	-3	-12	2167	-3186
22	0	2254	51	1407	0	-1	-3	-12	2168	-3158
22	0	2266	55	1510	0	-1	-5	-12	2169	-3129
22	0	2266	55	1510	0	-1	-5	-12	2170	-3099
22	0	2266	55	1510	0	-1	-5	-12	2171	-3069
22	0	2246	86	1454	0	0	-6	-12	2172	-3039
22	0	2246	86	1454	0	0	-6	-12	2174	-3007
22	0	2246	86	1454	0	0	-6	-12	2176	-2979
22	0	2239	133	1371	0	0	-5	-11	2178	-2950
22	0	2239	133	1371	0	0	-5	-11	2180	-2923
22	0	2239	133	1371	0	0	-5	-11	2183	-2895
22	0	2239	133	1371	0	0	-5	-11	2186	-2868
22	0	2236	181	1324	0	0	-1	-11	2188	-2840
22	0	2236	181	1324	0	0	-1	-11	2192	-2813
22	0	2236	181	1324	0	0	-1	-11	2196	-2788
22	0	2231	224	1325	0	0	2	-11	2199	-2761
22	0	2231	224	1325	0	0	2	-11	2204	-2735
22	0	2231	224	1325	0	0	2	-11	2208	-2708
22	0	2219	155	1290	0	1	3	-11	2213	-2682
22	0	2219	155	1290	0	1	3	-11	2216	-2656
22	0	2219	155	1290	0	1	3	-11	2219	-2629
22	0	2216	98	1208	0	0	3	-11	2222	-2604
22	0	2216	98	1208	0	0	3	-11	2224	-2580
22	0	2216	98	1208	0	0	3	-11	2226	-2556
22	0	2216	98	1208	0	0	3	-11	2228	-2532
22	0	2210	93	1080	0	0	5	-11	2230	-2507
22	0	2210	93	1080	0	0	5	-11	2232	-2486
22	0	2210	93	1080	0	0	5	-11	2234	-2464
22	0	2200	107	1148	0	0	7	-11	2236	-2443
22	0	2200	107	1148	0	0	7	-11	2238	-2420
22	0	2200	107	1148	0	0	7	-11	2240	-2397
22	0	2194	101	1203	0	0	9	-11	2242	-2373
22	0	2194	101	1203	0	0	9	-11	2244	-2350
22	0	2194	101	1203	0	0	9	-11	2246	-2326
22	0	2186	75	1259	0	0	10	-11	2248	-2300
22	0	2186	75	1259	0	0	10	-11	2250	-2275
22	0	2186	75	1259	0	0	10	-11	2251	-2250
22	0	2186	75	1259	0	0	10	-11	2253	-2225
22	0	2175	30	1410	0	-1	10	-11	2254	-2200
22	0	2175	30	1410	0	-1	10	-11	2255	-2171
22	0	2175	30	1410	0	-1	10	-11	2256	-2143
22	0	2164	-21	1392	0	-1	9	-11	2256	-2114
22	0	2164	-21	1392	0	-1	9	-11	2256	-2087
22	0	2164	-21	1392	0	-1	9	-11	2255	-2059
22	0	2157	-6	1431	0	-1	7	-11	2255	-2032
22	0	2157	-6	1431	0	-1	7	-11	2255	-2003
22	0	2157	-6	1431	0	-1	7	-11	2255	-1974
22	0	2149	-42	1407	0	-1	5	-11	2254	-1946
22	0	2149	-42	1407	0	-1	5	-11	2254	-1915
22	0	2149	-42	1407	0	-1	5	-11	2253	-1888
22	0	2149	-42	1407	0	-1	5	-11	2252	-1860
22	0	2142	1	1373	0	-1	2	-11	2251	-1832
22	0	2142	1	1373	0	-1	2	-11	2251	-1804
22	0	2142	1	1373	0	-1	2	-11	2251	-1777
22	0	2135	-16	1281	0	0	0	-11	2251	-1749
22	0	2135	-16	1281	0	0	0	-11	2251	-1723
22	0	2135	-16	1281	0	0	0	-11	2250	-1698
22	0	2132	16	1216	0	0	-3	-11	2250	-1672
22	0	2132	16	1216	0	0	-3	-11	2250	-1648
22	0	2132	16	1216	0	0	-3	-11	2251	-1624
22	0	2133	55	1129	0	0	-6	-11	2251	-1600
22	0	2133	55	1129	0	0	-6	-11	2252	-1577
22	0	2133	55	1129	0	0	-6	-11	2253	-1553
22	0	2136	64	975	0	0	-9	-11	2254	-1530
22	0	2136	64	975	0	0	-9	-11	2256	-1511
22	0	2136	64	975	0	0	-9	-11	2257	-1492
22	0	2136	64	975	0	0	-9	-11	2258	-1472
22	0	2144	139	750	0	0	-11	-11	2260	-1453
22	0	2144	139	750	0	0	-11	-11	2262	-1438
22	0	2144	139	750	0	0	-11	-11	2265	-1422
22	0	2148	173	616	0	1	-10	-11	2268	-1408
22	0	2148	173	616	0	1	-10	-11	2271	-1395
22	0	2148	173	616	0	1	-10	-11	2275	-1383
22	0	2166	154	548	0	4	-8	-11	2278	-1371
22	0	2166	154	548	0	4	-8	-11	2281	-1360
22	0	2166	154	548	0	4	-8	-11	2285	-1349
22	0	2166	154	548	0	4	-8	-11	2288	-1338
22	0	2161	119	528	0	6	-5	-11	2291	-1327
22	0	2161	119	528	0	6	-5	-11	2293	-1316
22	0	2161	119	528	0	6	-5	-11	2296	-1306
22	0	2157	78	514	0	8	-2	-11	2298	-1295
22	0	2157	78	514	0	8	-2	-11	2299	-1285
22	0	2157	78	514	0	8	-2	-11	2301	-1275
22	0	2156	-16	481	0	9	0	-11	2303	-1264
22	0	2156	-16	481	0	9	0	-11	2302	-1255
22	0	2156	-16	481	0	9	0	-11	2302	-1245
22	0	2162	-143	422	0	9	0	-11	2302	-1235
22	0	2162	-143	422	0	9	0	-11	2299	-1227
22	0	2162	-143	422	0	9	0	-11	2296	-1218
22	0	2162	-143	422	0	9	0	-11	2293	-1210
22	0	2162	-258	381	0	9	1	-11	2290	-1202
22	0	2162	-258	381	0	9	1	-11	2285	-1194
22	0	2162	-258	381	0	9	1	-11	2280	-1186
22	0	2168	-394	342	0	9	2	-11	2275	-1179
22	0	2168	-394	342	0	9	2	-11	2267	-1172
22	0	2168	-394	342	0	9	2	-11	2259	-1165
22	0	2169	-516	312	0	9	2	-11	2251	-1158
22	0	2169	-516	312	0	9	2	-11	2240	-1151
22	0	2169	-516	312	0	9	2	-11	2229	-1145
22	0	2175	-669	278	0	9	2	-11	2219	-1139
22	0	2175	-669	278	0	9	2	-11	2206	-1133
22	0	2175	-669	278	0	9	2	-11	2192	-1128
22	0	2175	-669	278	0	9	2	-11	2179	-1122
22	0	2182	-807	254	0	8	2	-11	2165	-1116
22	0	2182	-807	254	0	8	2	-11	2149	-1111
22	0	2182	-807	254	0	8	2	-11	2133	-1106
22	0	2185	-929	227	0	8	2	-11	2117	-1101
22	0	2185	-929	227	0	8	2	-11	2098	-1097
22	0	2185	-929	227	0	8	2	-11	2080	-1092
22	0	2195	-1053	207	0	7	2	-11	2061	-1088
22	0	2195	-1053	207	0	7	2	-11	2040	-1083
22	0	2195	-1053	207	0	7	2	-11	2018	-1079
22	0	2197	-1178	196	0	7	2	-10	1998	-1075
22	0	2197	-1178	196	0	7	2	-10	1974	-1071
22	0	2197	-1178	196	0	7	2	-10	1951	-1067
22	0	2197	-1178	196	0	7	2	-10	1925	-1063
22	0	2192	-1279	185	0	7	2	-10	1902	-1059
22	0	2192	-1279	185	0	7	2	-10	1871	-1055
22	0	2192	-1279	185	0	7	2	-10	1846	-1051
22	0	2185	-1392	184	0	7	2	-10	1821	-1047
22	0	2185	-1392	184	0	7	2	-10	1793	-1044
22	0	2185	-1392	184	0	7	2	-10	1765	-1040
22	0	2178	-1497	178	0	7	2	-10	1737	-1036
22	0	2178	-1497	178	0	7	2	-10	1707	-1033
22	0	2178	-1497	178	0	7	2	-10	1677	-1029
21	0	2177	-1594	185	0	7	2	-10	1647	-1026
21	0	2177	-1594	185	0	7	2	-10	1616	-1022
21	0	2177	-1594	185	0	7	2	-10	1584	-1018
21	0	2183	-1691	185	0	7	2	-10	1552	-1014
21	0	2183	-1691	185	0	7	2	-10	1518	-1011
21	0	2183	-1691	185	0	7	2	-10	1484	-1007
21	0	2183	-1691	185	0	7	2	-10	1450	-1003
21	0	2176	-1837	185	0	7	2	-10	1416	-1000
21	0	2176	-1837	185	0	7	2	-10	1380	-996
21	0	2176	-1837	185	0	7	2	-10	1343	-992
21	0	2168	-1907	176	0	7	2	-10	1306	-988
21	0	2168	-1907	176	0	7	2	-10	1269	-985
21	0	2168	-1907	176	0	7	2	-10	1230	-981
21	0	2159	-1982	163	0	7	2	-10	1192	-978
21	0	2159	-1982	163	0	7	2	-10	1153	-975
21	0	2159	-1982	163	0	7	2	-10	1113	-971
21	0	2150	-2069	154	0	7	2	-10	1074	-968
21	0	2150	-2069	154	0	7	2	-10	1032	-965
21	0	2150	-2069	154	0	7	2	-10	991	-962
21	0	2150	-2069	154	0	7	2	-10	950	-959
21	0	2141	-2172	149	0	7	1	-10	908	-956
21	0	2141	-2172	149	0	7	1	-10	865	-953
21	0	2141	-2172	149	0	7	1	-10	822	-950
21	0	2132	-2276	146	0	7	2	-10	779	-947
21	0	2132	-2276	146	0	7	2	-10	733	-944
21	0	2132	-2276	146	0	7	2	-10	688	-941
21	0	2124	-2376	150	0	7	2	-10	642	-938
21	0	2124	-2376	150	0	7	2	-10	595	-935
21	0	2124	-2376	150	0	7	2	-10	547	-932
21	0	2118	-2475	148	0	7	2	-10	500	-929
21	0	2118	-2475	148	0	7	2	-10	450	-926
21	0	2118	-2475	148	0	7	2	-10	401	-923
21	0	2118	-2475	148	0	7	2	-10	351	-920
21	0	2111	-2538	153	0	7	2	-10	301	-917
21	0	2111	-2538	153	0	7	2	-10	251	-914
21	0	2111	-2538	153	0	7	2	-10	201	-911
21	0	2105	-2598	164	0	7	2	-10	150	-908
21	0	2105	-2598	164	0	7	2	-10	98	-905
21	0	2105	-2598	164	0	7	2	-10	46	-901
21	0	2099	-2663	168	0	7	3	-10	-5	-898
21	0	2099	-2663	168	0	7	3	-10	-58	-895
21	0	2099	-2663	168	0	7	3	-10	-111	-891
21	0	2099	-2663	168	0	7	3	-10	-171	-888
21	0	2091	-2689	182	0	6	3	-11	-223	-884
21	0	2091	-2689	182	0	6	3	-11	-277	-881
21	0	2091	-2689	182	0	6	3	-11	-332	-877
21	0	2102	-2631	210	0	2	3	-11	-384	-873
21	0	2102	-2631	210	0	2	3	-11	-437	-869
21	0	2102	-2631	210	0	2	3	-11	-490	-865
21	0	2097	-2419	162	0	0	4	-11	-542	-861
21	0	2097	-2419	162	0	0	4	-11	-591	-858
21	0	2097	-2419	162	0	0	4	-11	-639	-854
20	0	2096	-2118	85	0	-3	4	-11	-687	-851
20	0	2096	-2118	85	0	-3	4	-11	-730	-849
20	0	2096	-2118	85	0	-3	4	-11	-772	-848
20	0	2097	-1896	80	0	-6	4	-12	-814	-846
20	0	2097	-1896	80	0	-6	4	-12	-852	-844
20	0	2097	-1896	80	0	-6	4	-12	-890	-843
20	0	2097	-1896	80	0	-6	4	-12	-928	-841
20	0	2097	-1730	126	0	-9	4	-12	-966	-839
20	0	2097	-1730	126	0	-9	4	-12	-1000	-837
20	0	2097	-1730	126	0	-9	4	-12	-1035	-834
20	0	2102	-1479	187	0	-12	3	-12	-1069	-832
20	0	2102	-1479	187	0	-12	3	-12	-1099	-828
20	0	2102	-1479	187	0	-12	3	-12	-1129	-824
20	0	2111	-1151	152	0	-13	2	-12	-1158	-821
20	0	2111	-1151	152	0	-13	2	-12	-1181	-818
20	0	2111	-1151	152	0	-13	2	-12	-1204	-815
20	0	2120	-816	46	0	-14	1	-12	-1227	-811
20	0	2120	-816	46	0	-14	1	-12	-1244	-811
20	0	2120	-816	46	0	-14	1	-12	-1260	-810
20	0	2120	-816	46	0	-14	1	-12	-1276	-809
20	0	2122	-662	23	0	-14	0	-12	-1293	-808
20	0	2122	-662	23	0	-14	0	-12	-1306	-807
20	0	2122	-662	23	0	-14	0	-12	-1319	-807
20	0	2127	-523	33	0	-14	-1	-11	-1332	-806
20	0	2127	-523	33	0	-14	-1	-11	-1343	-806
20	0	2127	-523	33	0	-14	-1	-11	-1353	-805
20	0	2127	-405	33	0	-13	-1	-11	-1364	-804
20	0	2127	-405	33	0	-13	-1	-11	-1372	-804
20	0	2127	-405	33	0	-13	-1	-11	-1380	-803
20	0	2136	-281	54	0	-13	-2	-11	-1388	-802
20	0	2136	-281	54	0	-13	-2	-11	-1394	-801
20	0	2136	-281	54	0	-13	-2	-11	-1399	-800
20	0	2136	-281	54	0	-13	-2	-11	-1405	-799
20	0	2151	-72	69	0	-10	-2	-11	-1410	-798
20	0	2151	-72	69	0	-10	-2	-11	-1412	-797
20	0	2151	-72	69	0	-10	-2	-11	-1413	-795
20	0	2142	6	70	0	-7	-2	-11	-1415	-794
20	0	2142	6	70	0	-7	-2	-11	-1415	-792
20	0	2142	6	70	0	-7	-2	-11	-1415	-791
20	0	2137	55	87	0	-3	-2	-11	-1414	-790
20	0	2137	55	87	0	-3	-2	-11	-1413	-788
20	0	2137	55	87	0	-3	-2	-11	-1412	-786
20	0	2129	62	110	0	0	-1	-11	-1411	-784
20	0	2129	62	110	0	0	-1	-11	-1410	-782
20	0	2129	62	110	0	0	-1	-11	-1409	-780
20	0	2129	62	110	0	0	-1	-11	-1407	-778
20	0	2132	6	136	0	3	-1	-11	-1406	-775
20	0	2132	6	136	0	3	-1	-11	-1406	-773
20	0	2132	6	136	0	3	-1	-11	-1406	-770
20	0	2125	-20	133	0	5	-1	-11	-1406	-767
20	0	2125	-20	133	0	5	-1	-11	-1406	-765
20	0	2125	-20	133	0	5	-1	-11	-1407	-762
20	0	2120	-23	111	0	6	-1	-11	-1407	-759
20	0	2120	-23	111	0	6	-1	-11	-1407	-757
20	0	2120	-23	111	0	6	-1	-11	-1408	-755
20	0	2099	-58	57	0	6	-2	-11	-1408	-753
20	0	2099	-58	57	0	6	-2	-11	-1410	-751
20	0	2099	-58	57	0	6	-2	-11	-1411	-750
20	0	2099	-58	57	0	6	-2	-11	-1412	-749
20	0	2065	-116	-6	0	5	-1	-11	-1413	-748
20	0	2065	-116	-6	0	5	-1	-11	-1415	-748
20	0	2065	-116	-6	0	5	-1	-11	-1418	-748
20	0	2040	-155	-75	0	4	-1	-11	-1420	-748
20	0	2040	-155	-75	0	4	-1	-11	-1423	-750
20	0	2040	-155	-75	0	4	-1	-11	-1426	-751
20	0	2022	-202	-134	0	3	0	-11	-1429	-753
20	0	2022	-202	-134	0	3	0	-11	-1433	-756
20	0	2022	-202	-134	0	3	0	-11	-1437	-758
20	0	1973	-230	-171	0	3	0	-10	-1441	-761
20	0	1973	-230	-171	0	3	0	-10	-1446	-764
20	0	1973	-230	-171	0	3	0	-10	-1451	-768
20	0	1973	-230	-171	0	3	0	-10	-1455	-771
20	0	1934	-262	-164	0	2	1	-10	-1460	-775
20	0	1934	-262	-164	0	2	1	-10	-1465	-778
20	0	1934	-262	-164	0	2	1	-10	-1471	-781
20	0	1881	-282	-147	0	2	1	-10	-1476	-784
20	0	1881	-282	-147	0	2	1	-10	-1481	-787
20	0	1881	-282	-147	0	2	1	-10	-1487	-790
20	0	1827	-298	-125	0	1	1	-11	-1492	-793
20	0	1827	-298	-125	0	1	1	-11	-1498	-796
20	0	1827	-298	-125	0	1	1	-11	-1504	-798
20	0	1776	-312	-100	0	1	1	-11	-1511	-801
20	0	1776	-312	-100	0	1	1	-11	-1517	-803
20	0	1776	-312	-100	0	1	1	-11	-1523	-805
20	0	1776	-312	-100	0	1	1	-11	-1530	-807
20	0	1724	-324	-78	0	1	1	-11	-1536	-809
20	0	1724	-324	-78	0	1	1	-11	-1542	-811
20	0	1724	-324	-78	0	1	1	-11	-1549	-812
20	0	1682	-331	-60	0	0	1	-11	-1555	-814
20	0	1682	-331	-60	0	0	1	-11	-1562	-815
20	0	1682	-331	-60	0	0	1	-11	-1569	-816
20	0	1645	-334	-44	0	0	0	-11	-1575	-817
20	0	1645	-334	-44	0	0	0	-11	-1582	-818
20	0	1645	-334	-44	0	0	0	-11	-1589	-819
20	0	1645	-334	-44	0	0	0	-11	-1595	-820
20	0	1596	-335	-32	0	0	0	-11	-1602	-821
20	0	1596	-335	-32	0	0	0	-11	-1609	-822
20	0	1596	-335	-32	0	0	0	-11	-1615	-822
20	0	1553	-332	-23	0	0	0	-10	-1622	-823
20	0	1553	-332	-23	0	0	0	-10	-1629	-823
20	0	1553	-332	-23	0	0	0	-10	-1635	-824
20	0	1508	-326	-16	0	0	0	-10	-1642	-824
20	0	1508	-326	-16	0	0	0	-10	-1649	-825
20	0	1508	-326	-16	0	0	0	-10	-1655	-825
20	0	1467	-312	-8	0	-1	0	-10	-1662	-825
20	0	1467	-312	-8	0	-1	0	-10	-1668	-825
20	0	1467	-312	-8	0	-1	0	-10	-1674	-826
20	0	1425	-296	3	0	-1	0	-10	-1680	-826
20	0	1425	-296	3	0	-1	0	-10	-1686	-826
20	0	1425	-296	3	0	-1	0	-10	-1692	-826
20	0	1425	-296	3	0	-1	0	-10	-1698	-826
20	0	1377	-278	12	0	-1	0	-10	-1704	-826
20	0	1377	-278	12	0	-1	0	-10	-1710	-825
20	0	1377	-278	12	0	-1	0	-10	-1715	-825
20	0	1339	-261	20	0	-1	0	-10	-1721	-825
20	0	1339	-261	20	0	-1	0	-10	-1726	-824
20	0	1339	-261	20	0	-1	0	-10	-1731	-824
20	0	1298	-247	28	0	-1	0	-10	-1736	-824
20	0	1298	-247	28	0	-1	0	-10	-1741	-823
20	0	1298	-247	28	0	-1	0	-10	-1746	-823
20	0	1251	-233	32	0	-1	0	-10	-1751	-822
20	0	1251	-233	32	0	-1	0	-10	-1756	-821
20	0	1251	-233	32	0	-1	0	-10	-1761	-821
20	0	1251	-233	32	0	-1	0	-10	-1765	-820
20	0	1197	-217	34	0	-1	0	-10	-1770	-819
20	0	1197	-217	34	0	-1	0	-10	-1774	-819
20	0	1197	-217	34	0	-1	0	-10	-1779	-818
20	0	1143	-187	32	0	0	0	-10	-1783	-817
20	0	1143	-187	32	0	0	0	-10	-1787	-817
20	0	1143	-187	32	0	0	0	-10	-1791	-816
20	0	1088	-153	31	0	1	0	-10	-1795	-815
20	0	1088	-153	31	0	1	0	-10	-1798	-815
20	0	1088	-153	31	0	1	0	-10	-1801	-814
20	0	1031	-143	28	0	5	0	-10	-1804	-813
20	0	1031	-143	28	0	5	0	-10	-1807	-813
20	0	1031	-143	28	0	5	0	-10	-1810	-812
20	0	1031	-143	28	0	5	0	-10	-1812	-812
20	0	976	299	57	0	9	0	-10	-1815	-811
20	0	976	299	57	0	9	0	-10	-1809	-810
20	0	976	299	57	0	9	0	-10	-1803	-809
20	0	922	373	35	0	12	1	-10	-1797	-808
20	0	922	373	35	0	12	1	-10	-1790	-807
20	0	922	373	35	0	12	1	-10	-1782	-806
20	0	863	260	2	0	13	1	-10	-1775	-806
20	0	863	260	2	0	13	1	-10	-1770	-806
20	0	863	260	2	0	13	1	-10	-1765	-806
20	0	810	163	-8	0	14	1	-10	-1759	-805
20	0	810	163	-8	0	14	1	-10	-1756	-806
20	0	810	163	-8	0	14	1	-10	-1753	-806
20	0	810	163	-8	0	14	1	-10	-1750	-806
20	0	768	57	-12	0	13	1	-10	-1746	-806
20	0	768	57	-12	0	13	1	-10	-1745	-806
20	0	768	57	-12	0	13	1	-10	-1744	-807
20	0	714	-45	-33	0	10	2	-10	-1743	-807
20	0	714	-45	-33	0	10	2	-10	-1744	-808
20	0	714	-45	-33	0	10	2	-10	-1745	-808
20	0	664	-132	-54	0	4	2	-10	-1745	-809
20	0	664	-132	-54	0	4	2	-10	-1748	-810
20	0	664	-132	-54	0	4	2	-10	-1751	-811
20	0	618	-135	-31	0	0	2	-10	-1753	-812
20	0	618	-135	-31	0	0	2	-10	-1756	-813
20	0	618	-135	-31	0	0	2	-10	-1759	-813
20	0	618	-135	-31	0	0	2	-10	-1762	-814
20	0	569	-139	9	0	-2	1	-11	-1764	-815
20	0	569	-139	9	0	-2	1	-11	-1767	-814
20	0	569	-139	9	0	-2	1	-11	-1770	-814
20	0	530	-106	43	0	-3	1	-10	-1773	-814
20	0	530	-106	43	0	-3	1	-10	-1775	-813
20	0	530	-106	43	0	-3	1	-10	-1777	-812
20	0	488	-64	61	0	-3	1	-10	-1779	-812
20	0	488	-64	61	0	-3	1	-10	-1780	-810
20	0	488	-64	61	0	-3	1	-10	-1782	-809
20	0	488	-64	61	0	-3	1	-10	-1783	-808
20	0	433	-8	71	0	-2	0	-10	-1784	-807
20	0	433	-8	71	0	-2	0	-10	-1784	-805
20	0	433	-8	71	0	-2	0	-10	-1784	-804
20	0	377	49	101	0	2	1	-10	-1785	-802
20	0	377	49	101	0	2	1	-10	-1784	-800
20	0	377	49	101	0	2	1	-10	-1783	-798
20	0	322	27	204	0	7	0	-10	-1782	-796
20	0	322	27	204	0	7	0	-10	-1781	-792
20	0	322	27	204	0	7	0	-10	-1781	-788
20	0	279	-11	185	0	10	0	-10	-1780	-784
20	0	279	-11	185	0	10	0	-10	-1780	-780
20	0	279	-11	185	0	10	0	-10	-1780	-777
20	0	279	-11	185	0	10	0	-10	-1781	-773
20	0	238	-75	169	0	11	0	-9	-1781	-769
20	0	238	-75	169	0	11	0	-9	-1782	-766
20	0	238	-75	169	0	11	0	-9	-1784	-762
20	0	185	-129	149	0	11	0	-9	-1786	-759
20	0	185	-129	149	0	11	0	-9	-1788	-756
20	0	185	-129	149	0	11	0	-9	-1791	-753
20	0	146	-178	132	0	11	0	-9	-1793	-750
20	0	146	-178	132	0	11	0	-9	-1797	-747
20	0	146	-178	132	0	11	0	-9	-1800	-745
20	0	118	-246	105	0	6	0	-9	-1804	-742
20	0	118	-246	105	0	6	0	-9	-1809	-740
20	0	118	-246	105	0	6	0	-9	-1814	-738
20	0	118	-246	105	0	6	0	-9	-1819	-736
20	0	64	-329	96	0	0	-1	-9	-1824	-734
20	0	64	-329	96	0	0	-1	-9	-1830	-732
20	0	64	-329	96	0	0	-1	-9	-1837	-730
20	0	9	-353	78	0	-3	-1	-9	-1843	-728
20	0	9	-353	78	0	-3	-1	-9	-1851	-726
20	0	9	-353	78	0	-3	-1	-9	-1858	-725
20	0	4294967253	-317	54	0	-5	-1	-9	-1865	-723
20	0	4294967253	-317	54	0	-5	-1	-9	-1871	-722
20	0	4294967253	-317	54	0	-5	-1	-9	-1877	-721
20	0	4294967200	-245	28	0	-6	-1	-9	-1884	-720
20	0	4294967200	-245	28	0	-6	-1	-9	-1889	-719
20	0	4294967200	-245	28	0	-6	-1	-9	-1894	-719
20	0	4294967200	-245	28	0	-6	-1	-9	-1898	-718
20	0	4294967154	-155	2	0	-6	-1	-9	-1905	-717
20	0	4294967154	-155	2	0	-6	-1	-9	-1907	-717
20	0	4294967154	-155	2	0	-6	-1	-9	-1910	-717
20	0	4294967102	-69	-16	0	-4	0	-9	-1913	-717
20	0	4294967102	-69	-16	0	-4	0	-9	-1915	-718
20	0	4294967102	-69	-16	0	-4	0	-9	-1916	-718
20	0	4294967057	6	-29	0	-3	0	-9	-1917	-718
20	0	4294967057	6	-29	0	-3	0	-9	-1917	-719
20	0	4294967057	6	-29	0	-3	0	-9	-1917	-720
20	0	4294967012	97	-36	0	1	0	-9	-1917	-720
20	0	4294967012	97	-36	0	1	0	-9	-1915	-721
20	0	4294967012	97	-36	0	1	0	-9	-1913	-722
20	0	4294967012	97	-36	0	1	0	-9	-1911	-722
20	0	4294966963	135	-42	0	7	0	-10	-1909	-723
20	0	4294966963	135	-42	0	7	0	-10	-1906	-724
20	0	4294966963	135	-42	0	7	0	-10	-1904	-725
20	0	4294966922	118	-17	0	12	0	-10	-1901	-726
20	0	4294966922	118	-17	0	12	0	-10	-1899	-726
20	0	4294966922	118	-17	0	12	0	-10	-1896	-726
20	0	4294966877	113	-1	0	14	0	-10	-1894	-727
20	0	4294966877	113	-1	0	14	0	-10	-1892	-727
20	0	4294966877	113	-1	0	14	0	-10	-1889	-727
20	0	4294966839	103	0	0	14	0	-10	-1887	-727
20	0	4294966839	103	0	0	14	0	-10	-1885	-727
20	0	4294966839	103	0	0	14	0	-10	-1883	-727
20	0	4294966839	103	0	0	14	0	-10	-1881	-727
20	0	4294966803	92	-1	0	14	0	-11	-1879	-727
20	0	4294966803	92	-1	0	14	0	-11	-1877	-727
20	0	4294966803	92	-1	0	14	0	-11	-1875	-727
20	0	4294966759	86	-2	0	13	0	-11	-1873	-727
20	0	4294966759	86	-2	0	13	0	-11	-1872	-727
20	0	4294966759	86	-2	0	13	0	-11	-1870	-727
20	0	4294966731	62	-9	0	11	0	-11	-1868	-727
20	0	4294966731	62	-9	0	11	0	-11	-1867	-727
20	0	4294966731	62	-9	0	11	0	-11	-1866	-727
20	0	4294966677	-51	-3	0	6	0	-11	-1864	-728
20	0	4294966677	-51	-3	0	6	0	-11	-1865	-728
20	0	4294966677	-51	-3	0	6	0	-11	-1866	-728
20	0	4294966677	-51	-3	0	6	0	-11	-1867	-728
20	0	4294966662	-152	2	0	0	0	-11	-1868	-728
20	0	4294966662	-152	2	0	0	0	-11	-1871	-728
20	0	4294966662	-152	2	0	0	0	-11	-1875	-728
20	0	4294966644	-180	24	0	-4	0	-11	-1878	-728
20	0	4294966644	-180	24	0	-4	0	-11	-1881	-727
20	0	4294966644	-180	24	0	-4	0	-11	-1885	-727
20	0	0	0	0	0	-4	0	-11	-1888	-726
20	0	0	0	0	0	-4	0	-11	-1888	-726
20	0	0	0	0	0	-4	0	-11	-1888	-726
20	0	0	0	0	0	-1	1	-11	-1888	-726
20	0	0	0	0	0	-1	1	-11	-1888	-726
20	0	0	0	0	0	-1	1	-11	-1888	-726
20	0	0	0	0	0	-1	1	-11	-1888	-726
20	0	0	0	0	0	0	0	-12	-1888	-726
20	0	0	0	0	0	0	0	-12	-1888	-726
20	0	0	0	0	0	0	0	-12	-1888	-726
20	0	0	0	0	0	0	0	-12	-1888	-726
20	0	0	0	0	0	0	0	-12	-1888	-726
20	0	0	0	0	0	0	0	-12	-1888	-726
20	0	0	0	0	0	0	0	-13	-1888	-726
20	0	0	0	0	0	0	0	-13	-1888	-726
20	0	0	0	0	0	0	0	-13	-1888	-726
20	0	0	0	0	0	1	0	-13	-1888	-726
20	0	0	0	0	0	1	0	-13	-1888	-726
20	0	0	0	0	0	1	0	-13	-1888	-726
20	0	0	0	0	0	1	0	-13	-1888	-726
20	0	0	0	0	0	1	0	-13	-1888	-726
20	0	0	0	0	0	1	0	-13	-1888	-726
20	0	0	0	0	0	1	0	-13	-1888	-726
20	0	0	0	0	0	1	0	-13	-1888	-726
20	0	0	0	0	0	1	0	-13	-1888	-726
20	0	0	0	0	0	1	0	-13	-1888	-726
20	0	0	0	0	0	1	0	-13	-1888	-726
20	0	0	0	0	0	1	0	-13	-1888	-726
20	0	0	0	0	0	1	0	-13	-1888	-726
20	0	0	0	0	0	1	0	-13	-1888	-726
20	0	0	0	0	0	1	0	-13	-1888	-726
20	0	0	0	0	0	1	0	-13	-1888	-726
20	0	0	0	0	0	1	0	-13	-1888	-726
20	0	0	0	0	0	1	0	-13	-1888	-726
20	0	0	0	0	0	1	0	-13	-1888	-726
20	0	0	0	0	0	1	0	-13	-1888	-726
20	0	0	0	0	0	1	0	-13	-1888	-726
20	0	0	0	0	0	1	0	-13	-1888	-726
20	0	0	0	0	0	1	0	-13	-1888	-726
20	0	0	0	0	0	1	0	-13	-1888	-726
20	0	0	0	0	0	1	0	-13	-1888	-726
20	0	0	0	0	0	1	0	-13	-1888	-726
20	0	0	0	0	0	1	0	-13	-1888	-726
20	0	0	0	0	0	1	0	-13	-1888	-726
20	0	0	0	0	0	1	0	-13	-1888	-726
20	0	0	0	0	0	1	0	-13	-1888	-726
20	0	0	0	0	0	1	0	-13	-1888	-726
20	0	0	0	0	0	1	0	-13	-1888	-726
20	0	0	0	0	0	1	0	-13	-1888	-726
20	0	0	0	0	0	1	0	-13	-1888	-726
20	0	0	0	0	0	1	0	-13	-1888	-726
20	0	0	0	0	0	1	0	-13	-1888	-726
20	0	0	0	0	0	0	0	-13	-1888	-726
20	0	0	0	0	0	0	0	-13	-1888	-726
20	0	0	0	0	0	0	0	-13	-1888	-726
20	0	0	0	0	0	0	0	-13	-1888	-726
20	0	0	0	0	0	0	0	-13	-1888	-726
20	0	0	0	0	0	0	0	-13	-1888	-726
20	0	0	0	0	0	0	0	-13	-1888	-726
20	0	0	0	0	0	0	0	-13	-1888	-726
20	0	0	0	0	0	0	0	-13	-1888	-726
20	0	0	0	0	0	0	0	-13	-1888	-726
20	0	0	0	0	0	0	0	-13	-1888	-726
20	0	0	0	0	0	0	0	-13	-1888	-726
20	0	0	0	0	0	0	0	-13	-1888	-726
20	0	0	0	0	0	0	0	-13	-1888	-726
20	0	0	0	0	0	0	0	-13	-1888	-726
20	0	0	0	0	0	0	0	-13	-1888	-726
20	0	0	0	0	0	0	0	-13	-1888	-726
20	0	0	0	0	0	0	0	-13	-1888	-726
20	0	0	0	0	0	0	0	-13	-1888	-726
20	0	0	0	0	0	0	0	-13	-1888	-726
20	0	0	0	0	0	0	0	-13	-1888	-726
20	0	0	0	0	0	0	0	-13	-1888	-726
20	0	0	0	0	0	0	0	-13	-1888	-726
20	0	0	0	0	0	0	0	-13	-1888	-726
20	0	0	0	0	0	0	0	-13	-1888	-726
20	0	0	0	0	0	0	0	-13	-1888	-726
20	0	0	0	0	0	0	0	-13	-1888	-726
20	0	0	0	0	0	0	0	-13	-1888	-726
20	0	0	0	0	0	0	0	-13	-1888	-726
20	0	0	0	0	0	0	0	-13	-1888	-726
20	0	0	0	0	0	0	0	-13	-1888	-726
