bat	flyst.	alt	vx	vy	vz	theta	phi	psi	px	py
0	0	0	0	0	0	0	0	0	0	0
0	0	0	0	0	0	0	0	0	0	0
0	0	0	0	0	0	0	0	0	0	0
0	0	0	0	0	0	0	0	0	0	0
0	0	0	0	0	0	0	0	0	0	0
0	0	0	0	0	0	0	0	0	0	0
0	0	0	0	0	0	0	0	0	0	0
0	0	0	0	0	0	0	0	0	0	0
0	0	0	0	0	0	0	0	0	0	0
0	0	0	0	0	0	0	0	0	0	0
0	0	0	0	0	0	0	0	0	0	0
0	0	0	0	0	0	0	0	0	0	0
0	0	0	0	0	0	0	0	0	0	0
0	0	0	0	0	0	0	0	0	0	0
0	0	0	0	0	0	0	0	0	0	0
0	0	0	0	0	0	0	0	0	0	0
46	0	0	0	0	0	-1	0	0	0	0
46	0	0	0	0	0	-1	0	0	0	0
46	0	0	0	0	0	-1	0	0	0	0
46	0	0	0	0	0	-1	0	0	0	0
46	0	0	0	0	0	-1	0	0	0	0
46	0	0	0	0	0	-1	0	0	0	0
46	0	0	0	0	0	-1	0	0	0	0
46	0	0	0	0	0	-1	0	0	0	0
46	0	0	0	0	0	-1	0	0	0	0
46	0	0	0	0	0	-1	0	0	0	0
46	0	0	0	0	0	-1	0	0	0	0
46	0	0	0	0	0	-1	0	0	0	0
46	0	0	0	0	0	-1	0	0	0	0
46	0	0	0	0	0	-1	0	0	0	0
46	0	0	0	0	0	-1	0	0	0	0
46	0	0	0	0	0	-1	0	0	0	0
46	0	0	0	0	0	-1	0	0	0	0
46	0	0	0	0	0	-1	0	0	0	0
46	0	0	0	0	0	-1	0	0	0	0
46	0	0	0	0	0	-1	0	0	0	0
46	0	0	0	0	0	-1	0	0	0	0
46	0	0	0	0	0	-1	0	0	0	0
46	0	0	0	0	0	-1	0	0	0	0
46	0	0	0	0	0	-1	0	0	0	0
46	0	0	0	0	0	-1	0	0	0	0
46	0	0	0	0	0	-1	0	0	0	0
46	0	0	0	0	0	-1	0	0	0	0
46	0	0	0	0	0	-1	0	0	0	0
46	0	0	0	0	0	-1	0	0	0	0
46	0	0	0	0	0	-1	0	0	0	0
46	0	0	0	0	0	-1	0	0	0	0
46	0	0	0	0	0	-1	0	0	0	0
46	0	0	0	0	0	-1	0	0	0	0
46	0	0	0	0	0	-1	0	0	0	0
46	0	0	0	0	0	-1	0	0	0	0
46	0	0	0	0	0	-1	0	0	0	0
46	0	0	0	0	0	-1	0	0	0	0
46	0	0	0	0	0	-1	0	0	0	0
46	0	0	0	0	0	-1	0	0	0	0
46	0	0	0	0	0	-1	0	0	0	0
46	0	0	0	0	0	-1	0	0	0	0
46	0	0	0	0	0	-1	0	0	0	0
46	0	0	0	0	0	-1	0	0	0	0
46	0	0	0	0	0	-1	0	0	0	0
46	0	0	0	0	0	-1	0	0	0	0
46	0	0	0	0	0	-1	0	0	0	0
46	0	0	0	0	0	-1	0	0	0	0
46	0	0	0	0	0	-1	0	0	0	0
46	0	0	0	0	0	-1	0	0	0	0
46	0	0	0	0	0	-1	0	0	0	0
46	0	0	0	0	0	-1	0	0	0	0
46	0	0	0	0	0	-1	0	0	0	0
46	0	0	0	0	0	-1	0	0	0	0
46	0	0	0	0	0	-1	0	0	0	0
46	0	0	0	0	0	-1	0	0	0	0
46	0	0	0	0	0	-1	0	0	0	0
46	0	0	0	0	0	-1	0	0	0	0
46	0	0	0	0	0	-1	0	0	0	0
46	0	0	0	0	0	-1	0	0	0	0
46	0	0	0	0	0	-1	0	0	0	0
46	0	0	0	0	0	-1	0	0	0	0
46	0	0	0	0	0	-1	0	0	0	0
46	0	0	0	0	0	-1	0	0	0	0
46	0	0	0	0	0	-1	0	0	0	0
46	0	0	0	0	0	-1	0	0	0	0
46	0	0	0	0	0	-1	0	0	0	0
46	0	0	0	0	0	-1	0	0	0	0
46	0	0	0	0	0	-1	0	0	0	0
46	0	0	0	0	0	-1	0	0	0	0
46	0	0	0	0	0	-1	0	0	0	0
46	0	0	0	0	0	-1	0	0	0	0
46	0	0	0	0	0	-1	0	0	0	0
46	0	0	0	0	0	-1	0	0	0	0
46	0	0	0	0	0	-1	0	0	0	0
46	0	0	0	0	0	-1	0	0	0	0
46	0	0	0	0	0	-1	0	0	0	0
46	0	0	0	0	0	-1	0	0	0	0
46	0	0	0	0	0	-1	0	0	0	0
46	0	0	0	0	0	-1	0	0	0	0
46	0	0	0	0	0	-1	0	0	0	0
46	0	0	0	0	0	-1	0	0	0	0
46	0	0	0	0	0	-1	0	0	0	0
46	0	0	0	0	0	-1	0	0	0	0
46	0	0	0	0	0	-1	0	0	0	0
46	0	0	0	0	0	-1	0	0	0	0
46	0	0	0	0	0	-1	0	0	0	0
46	0	0	0	0	0	-1	0	0	0	0
46	0	0	0	0	0	-1	0	0	0	0
46	0	0	0	0	0	-1	0	0	0	0
46	0	0	0	0	0	-1	0	0	0	0
46	0	0	0	0	0	-1	0	0	0	0
46	0	0	0	0	0	-1	0	0	0	0
46	0	0	0	0	0	-1	0	0	0	0
46	0	0	0	0	0	-1	0	0	0	0
46	0	0	0	0	0	-1	0	0	0	0
46	0	0	0	0	0	-1	0	0	0	0
46	0	0	0	0	0	-1	0	0	0	0
46	0	0	0	0	0	-1	0	0	0	0
0	0	0	0	0	0	0	0	0	0	0
0	0	0	0	0	0	0	0	0	0	0
46	0	0	0	0	0	0	0	0	0	0
46	0	0	0	0	0	0	0	0	0	0
46	0	0	0	0	0	0	0	0	0	0
46	0	0	0	0	0	0	0	0	0	0
46	0	0	0	0	0	0	0	0	0	0
46	0	0	0	0	0	0	0	0	0	0
46	0	0	0	0	0	0	0	0	0	0
46	0	0	0	0	0	0	0	0	0	0
46	0	0	0	0	0	0	0	0	0	0
46	0	0	0	0	0	0	0	0	0	0
46	0	0	0	0	0	0	0	0	0	0
46	0	0	0	0	0	0	0	0	0	0
46	0	0	0	0	0	0	0	0	0	0
46	0	0	0	0	0	0	0	0	0	0
46	0	0	0	0	0	0	0	0	0	0
46	0	0	0	0	0	0	0	0	0	0
46	0	0	0	0	0	0	0	0	0	0
46	0	0	0	0	0	0	0	0	0	0
46	0	0	0	0	0	0	0	0	0	0
46	0	0	0	0	0	0	0	0	0	0
46	0	0	0	0	0	0	0	0	0	0
46	0	0	0	0	0	0	0	0	0	0
46	0	0	0	0	0	0	0	0	0	0
46	0	0	0	0	0	0	0	0	0	0
46	0	0	0	0	0	0	0	0	0	0
46	0	0	0	0	0	0	0	0	0	0
51	0	0	0	0	0	0	0	0	0	0
51	0	0	0	0	0	0	0	0	0	0
51	0	0	0	0	0	0	0	0	0	0
51	0	0	0	0	0	0	0	0	0	0
51	0	0	0	0	0	0	0	0	0	0
51	0	0	0	0	0	0	0	0	0	0
51	0	0	0	0	0	0	0	0	0	0
51	0	0	0	0	0	0	0	0	0	0
51	0	0	0	0	0	0	0	0	0	0
51	0	0	0	0	0	0	0	0	0	0
51	0	0	0	0	0	0	0	0	0	0
51	0	0	0	0	0	0	0	0	0	0
51	0	0	0	0	0	0	0	0	0	0
51	0	0	0	0	0	0	0	0	0	0
51	0	0	0	0	0	0	0	0	0	0
51	0	0	0	0	0	0	0	0	0	0
51	0	0	0	0	0	0	0	0	0	0
51	0	0	0	0	0	0	0	0	0	0
51	0	0	0	0	0	0	0	0	0	0
51	0	0	0	0	0	0	0	0	0	0
51	0	0	0	0	0	0	0	0	0	0
51	0	0	0	0	0	0	0	0	0	0
51	0	0	0	0	0	0	0	0	0	0
51	0	0	0	0	0	0	0	0	0	0
51	0	0	0	0	0	0	0	0	0	0
51	0	0	0	0	0	0	0	0	0	0
51	0	0	0	0	0	0	0	0	0	0
51	0	0	0	0	0	0	0	0	0	0
51	0	0	0	0	0	0	0	0	0	0
51	0	0	0	0	0	0	0	0	0	0
51	0	0	0	0	0	0	0	0	0	0
51	0	0	0	0	0	0	0	0	0	0
51	0	0	0	0	0	0	0	0	0	0
51	0	0	0	0	0	0	0	0	0	0
51	0	0	0	0	0	0	0	0	0	0
51	0	0	0	0	0	0	0	0	0	0
51	0	0	0	0	0	0	0	0	0	0
51	0	0	0	0	0	0	0	0	0	0
51	0	0	0	0	0	0	0	0	0	0
51	0	0	0	0	0	0	0	0	0	0
51	0	0	0	0	0	0	0	0	0	0
51	0	0	0	0	0	0	0	0	0	0
51	0	0	0	0	0	0	0	0	0	0
51	0	0	0	0	0	0	0	0	0	0
51	0	0	0	0	0	0	0	0	0	0
51	0	0	0	0	0	0	0	0	0	0
51	0	0	0	0	0	0	0	0	0	0
51	0	0	0	0	0	0	0	0	0	0
51	0	0	0	0	0	0	0	0	0	0
58	0	0	0	0	0	0	0	0	0	0
58	0	0	0	0	0	0	0	0	0	0
58	0	0	0	0	0	0	0	0	0	0
58	0	0	0	0	0	0	0	0	0	0
58	0	0	0	0	0	0	0	0	0	0
58	0	0	0	0	0	0	0	0	0	0
58	0	0	0	0	0	0	0	0	0	0
58	0	0	0	0	0	0	0	0	0	0
58	0	0	0	0	0	0	0	0	0	0
58	0	0	0	0	0	0	0	0	0	0
58	0	0	0	0	0	0	0	0	0	0
58	0	0	0	0	0	0	0	0	0	0
58	0	0	0	0	0	0	0	0	0	0
58	0	0	0	0	0	0	0	0	0	0
58	0	0	0	0	0	0	0	0	0	0
58	0	0	0	0	0	0	0	0	0	0
58	0	0	0	0	0	0	0	0	0	0
58	0	0	0	0	0	0	0	0	0	0
58	0	0	0	0	0	0	0	0	0	0
58	0	0	0	0	0	0	0	0	0	0
58	0	0	0	0	0	0	0	0	0	0
58	0	0	0	0	0	0	0	0	0	0
58	0	0	0	0	0	0	0	0	0	0
58	0	0	0	0	0	0	0	0	0	0
58	0	0	0	0	0	0	0	0	0	0
58	0	0	0	0	0	0	0	0	0	0
58	0	0	0	0	0	0	0	0	0	0
58	0	0	0	0	0	0	0	0	0	0
58	0	0	0	0	0	0	0	0	0	0
58	0	0	0	0	0	0	0	0	0	0
58	0	0	0	0	0	0	0	0	0	0
58	0	0	0	0	0	0	0	0	0	0
58	0	0	0	0	0	0	0	0	0	0
58	0	0	0	0	0	0	0	0	0	0
58	0	0	0	0	0	0	0	0	0	0
58	0	0	0	0	0	0	0	0	0	0
58	0	0	0	0	0	0	0	0	0	0
58	0	0	0	0	0	0	0	0	0	0
58	0	0	0	0	0	0	0	0	0	0
58	0	0	0	0	0	0	0	0	0	0
58	0	0	0	0	0	0	0	0	0	0
58	0	0	0	0	0	0	0	0	0	0
58	0	0	0	0	0	0	0	0	0	0
58	0	0	0	0	0	0	0	0	0	0
58	0	0	0	0	0	0	0	0	0	0
58	0	0	0	0	0	0	0	0	0	0
58	0	0	0	0	0	0	0	0	0	0
58	0	0	0	0	0	0	0	0	0	0
58	0	0	0	0	0	0	0	0	0	0
58	0	0	0	0	0	0	0	0	0	0
58	0	0	0	0	0	0	0	0	0	0
58	0	0	0	0	0	0	0	0	0	0
58	0	0	0	0	0	0	0	0	0	0
58	0	0	0	0	0	0	0	0	0	0
58	0	0	0	0	0	0	0	0	0	0
58	0	0	0	0	0	0	0	0	0	0
58	0	0	0	0	0	0	0	0	0	0
58	0	0	0	0	0	0	0	0	0	0
58	0	0	0	0	0	0	0	0	0	0
58	0	0	0	0	0	0	0	0	0	0
58	0	0	0	0	0	0	0	0	0	0
58	0	0	0	0	0	0	0	0	0	0
58	0	0	0	0	0	0	0	0	0	0
58	0	0	0	0	0	0	0	0	0	0
58	0	0	0	0	0	0	0	0	0	0
58	0	0	0	0	0	0	0	0	0	0
58	0	0	0	0	0	0	0	0	0	0
58	0	0	0	0	0	0	0	0	0	0
58	0	0	0	0	0	0	0	0	0	0
58	0	0	0	0	0	0	0	0	0	0
58	0	0	0	0	0	0	0	0	0	0
58	0	0	0	0	0	0	1	0	0	0
58	0	0	0	0	0	0	1	0	0	0
58	0	0	0	0	0	0	1	0	0	0
58	0	0	0	0	0	0	1	0	0	0
58	0	0	0	0	0	0	1	0	0	0
58	0	0	0	0	0	0	1	0	0	0
58	0	0	0	0	0	0	1	0	0	0
58	0	0	0	0	0	-1	2	0	0	0
58	0	0	0	0	0	-1	2	0	0	0
58	0	0	0	0	0	-1	2	0	0	0
58	0	0	0	0	0	-2	3	0	0	0
58	0	0	0	0	0	-2	3	0	0	0
58	0	0	0	0	0	-2	3	0	0	0
58	0	0	0	0	0	-2	3	0	0	0
58	0	0	0	0	0	-2	3	0	0	0
58	0	0	0	0	0	-2	3	0	0	0
58	0	0	0	0	0	-3	4	0	0	0
58	0	0	0	0	0	-3	4	0	0	0
58	0	0	0	0	0	-3	4	0	0	0
58	0	0	0	0	0	-3	4	0	0	0
58	0	0	0	0	0	-3	4	0	0	0
58	0	0	0	0	0	-3	4	0	0	0
58	0	0	0	0	0	-3	4	0	0	0
58	0	0	0	0	0	-3	3	0	0	0
58	0	0	0	0	0	-3	3	0	0	0
58	0	0	0	0	0	-3	3	0	0	0
58	0	0	0	0	0	-3	3	0	0	0
58	0	0	0	0	0	-3	3	0	0	0
58	0	0	0	0	0	-3	3	0	0	0
54	0	0	0	0	0	-2	3	0	0	0
54	0	0	0	0	0	-2	3	0	0	0
54	0	0	0	0	0	-2	3	0	0	0
54	0	0	0	0	0	-2	3	0	0	0
54	0	0	0	0	0	-1	2	0	0	0
54	0	0	0	0	0	-1	2	0	0	0
54	0	0	0	0	0	-1	2	0	0	0
54	0	0	0	0	0	0	2	0	0	0
54	0	0	0	0	0	0	2	0	0	0
54	0	0	0	0	0	0	2	0	0	0
54	0	0	0	0	0	0	2	0	0	0
54	0	0	0	0	0	0	2	0	0	0
54	0	0	0	0	0	0	2	0	0	0
54	0	0	0	0	0	0	1	0	0	0
54	0	0	0	0	0	0	1	0	0	0
54	0	0	0	0	0	0	1	0	0	0
54	0	0	0	0	0	0	1	0	0	0
54	0	0	0	0	0	0	1	0	0	0
54	0	0	0	0	0	0	1	0	0	0
54	0	0	0	0	0	0	1	0	0	0
54	0	0	0	0	0	0	2	0	0	0
54	0	0	0	0	0	0	2	0	0	0
54	0	0	0	0	0	0	2	0	0	0
54	0	0	0	0	0	-1	2	0	0	0
54	0	0	0	0	0	-1	2	0	0	0
54	0	0	0	0	0	-1	2	0	0	0
54	0	241	0	0	0	-1	2	-5	0	0
54	0	241	0	0	0	-1	2	-5	0	0
54	0	241	0	0	0	-1	2	-5	0	0
54	0	241	0	0	0	-1	2	-5	0	0
54	0	251	0	0	0	-1	2	-6	0	0
54	0	251	0	0	0	-1	2	-6	0	0
54	0	251	0	0	0	-1	2	-6	0	0
54	0	278	0	0	0	-1	0	-6	0	0
54	0	278	0	0	0	-1	0	-6	0	0
54	0	278	0	0	0	-1	0	-6	0	0
54	0	321	0	0	0	-2	0	-6	0	0
54	0	321	0	0	0	-2	0	-6	0	0
54	0	321	0	0	0	-2	0	-6	0	0
54	0	321	0	0	0	-2	0	-6	0	0
54	0	377	0	0	0	-3	-2	-7	0	0
54	0	377	0	0	0	-3	-2	-7	0	0
54	0	377	0	0	0	-3	-2	-7	0	0
54	0	444	0	0	0	-3	-3	-7	0	0
54	0	444	0	0	0	-3	-3	-7	0	0
54	0	444	0	0	0	-3	-3	-7	0	0
54	0	268	0	0	0	-2	-5	-7	0	0
54	0	268	0	0	0	-2	-5	-7	0	0
54	0	268	0	0	0	-2	-5	-7	0	0
54	0	303	0	0	0	-2	-6	-7	0	0
54	0	303	0	0	0	-2	-6	-7	0	0
54	0	303	0	0	0	-2	-6	-7	0	0
54	0	303	0	0	0	-2	-6	-7	0	0
44	0	327	0	0	0	-2	-6	-8	0	0
44	0	327	0	0	0	-2	-6	-8	0	0
44	0	327	0	0	0	-2	-6	-8	0	0
44	0	351	0	0	0	-1	-3	-8	0	0
44	0	351	0	0	0	-1	-3	-8	0	0
44	0	351	0	0	0	-1	-3	-8	0	0
44	0	393	0	0	0	0	0	-8	0	0
44	0	393	0	0	0	0	0	-8	0	0
44	0	393	0	0	0	0	0	-8	0	0
44	0	413	0	0	0	1	1	-7	0	0
44	0	413	0	0	0	1	1	-7	0	0
44	0	413	0	0	0	1	1	-7	0	0
44	0	413	0	0	0	1	1	-7	0	0
44	0	434	0	0	0	2	0	-7	0	0
44	0	434	0	0	0	2	0	-7	0	0
44	0	434	0	0	0	2	0	-7	0	0
44	0	469	0	0	0	4	0	-7	0	0
44	0	469	0	0	0	4	0	-7	0	0
44	0	469	0	0	0	4	0	-7	0	0
44	0	485	0	0	0	6	0	-7	0	0
44	0	485	0	0	0	6	0	-7	0	0
44	0	485	0	0	0	6	0	-7	0	0
44	0	515	0	0	0	7	0	-7	0	0
44	0	515	0	0	0	7	0	-7	0	0
44	0	515	0	0	0	7	0	-7	0	0
44	0	515	0	0	0	7	0	-7	0	0
44	0	526	0	0	0	7	-1	-7	0	0
44	0	526	0	0	0	7	-1	-7	0	0
44	0	526	0	0	0	7	-1	-7	0	0
44	0	530	0	0	0	5	-3	-7	0	0
44	0	530	0	0	0	5	-3	-7	0	0
44	0	530	0	0	0	5	-3	-7	0	0
44	0	544	0	0	0	3	-4	-7	0	0
44	0	544	0	0	0	3	-4	-7	0	0
44	0	544	0	0	0	3	-4	-7	0	0
44	0	543	0	0	0	2	-5	-6	0	0
44	0	543	0	0	0	2	-5	-6	0	0
44	0	543	0	0	0	2	-5	-6	0	0
44	0	543	0	0	0	2	-5	-6	0	0
44	0	548	0	0	0	0	-2	-6	0	0
44	0	548	0	0	0	0	-2	-6	0	0
44	0	548	0	0	0	0	-2	-6	0	0
44	0	560	0	0	0	-2	2	-6	0	0
44	0	560	0	0	0	-2	2	-6	0	0
44	0	560	0	0	0	-2	2	-6	0	0
44	0	567	0	0	0	-4	6	-6	0	0
44	0	567	0	0	0	-4	6	-6	0	0
44	0	567	0	0	0	-4	6	-6	0	0
36	0	583	0	0	0	-5	9	-6	0	0
36	0	583	0	0	0	-5	9	-6	0	0
36	0	583	0	0	0	-5	9	-6	0	0
36	0	595	0	0	0	-5	9	-6	0	0
36	0	595	0	0	0	-5	9	-6	0	0
36	0	595	0	0	0	-5	9	-6	0	0
36	0	595	0	0	0	-5	9	-6	0	0
36	0	606	0	0	0	-4	6	-6	0	0
36	0	606	0	0	0	-4	6	-6	0	0
36	0	606	0	0	0	-4	6	-6	0	0
36	0	620	0	0	0	-2	2	-6	0	0
36	0	620	0	0	0	-2	2	-6	0	0
36	0	620	0	0	0	-2	2	-6	0	0
36	0	632	0	0	0	0	-2	-6	0	0
36	0	632	0	0	0	0	-2	-6	0	0
36	0	632	0	0	0	0	-2	-6	0	0
36	0	632	0	0	0	0	-2	-6	0	0
36	0	644	0	0	0	1	-5	-6	0	0
36	0	644	0	0	0	1	-5	-6	0	0
36	0	644	0	0	0	1	-5	-6	0	0
36	0	655	0	0	0	1	-7	-6	0	0
36	0	655	0	0	0	1	-7	-6	0	0
36	0	655	0	0	0	1	-7	-6	0	0
36	0	665	0	0	0	1	-8	-6	0	0
36	0	665	0	0	0	1	-8	-6	0	0
36	0	665	0	0	0	1	-8	-6	0	0
36	0	674	0	0	0	1	-8	-6	0	0
36	0	674	0	0	0	1	-8	-6	0	0
36	0	674	0	0	0	1	-8	-6	0	0
36	0	685	0	0	0	0	-8	-6	0	0
36	0	685	0	0	0	0	-8	-6	0	0
36	0	685	0	0	0	0	-8	-6	0	0
36	0	685	0	0	0	0	-8	-6	0	0
36	0	689	0	0	0	0	-8	-6	0	0
36	0	689	0	0	0	0	-8	-6	0	0
36	0	689	0	0	0	0	-8	-6	0	0
36	0	694	0	0	0	0	-7	-6	0	0
36	0	694	0	0	0	0	-7	-6	0	0
36	0	694	0	0	0	0	-7	-6	0	0
36	0	696	0	0	0	0	-4	-6	0	0
36	0	696	0	0	0	0	-4	-6	0	0
36	0	696	0	0	0	0	-4	-6	0	0
36	0	696	0	0	0	0	-4	-6	0	0
36	0	694	0	0	0	0	2	-6	0	0
36	0	694	0	0	0	0	2	-6	0	0
36	0	694	0	0	0	0	2	-6	0	0
36	0	697	0	0	0	-1	8	-6	0	0
36	0	697	0	0	0	-1	8	-6	0	0
36	0	697	0	0	0	-1	8	-6	0	0
31	0	695	0	0	0	-1	11	-6	0	0
31	0	695	0	0	0	-1	11	-6	0	0
31	0	695	0	0	0	-1	11	-6	0	0
31	0	695	0	0	0	-1	11	-6	0	0
31	0	691	0	0	0	-1	10	-6	0	0
31	0	691	0	0	0	-1	10	-6	0	0
31	0	691	0	0	0	-1	10	-6	0	0
31	0	689	0	0	0	-1	8	-6	0	0
31	0	689	0	0	0	-1	8	-6	0	0
31	0	689	0	0	0	-1	8	-6	0	0
31	0	690	0	0	0	0	6	-6	0	0
31	0	690	0	0	0	0	6	-6	0	0
31	0	690	0	0	0	0	6	-6	0	0
31	0	692	0	0	0	0	4	-6	0	0
31	0	692	0	0	0	0	4	-6	0	0
31	0	692	0	0	0	0	4	-6	0	0
31	0	692	0	0	0	0	4	-6	0	0
31	0	694	0	0	0	0	0	-6	0	0
31	0	694	0	0	0	0	0	-6	0	0
31	0	694	0	0	0	0	0	-6	0	0
31	0	696	0	0	0	0	-2	-6	0	0
31	0	696	0	0	0	0	-2	-6	0	0
31	0	696	0	0	0	0	-2	-6	0	0
31	0	701	0	0	0	0	-3	-6	0	0
31	0	701	0	0	0	0	-3	-6	0	0
31	0	701	0	0	0	0	-3	-6	0	0
31	0	708	0	0	0	0	-3	-6	0	0
31	0	708	0	0	0	0	-3	-6	0	0
31	0	708	0	0	0	0	-3	-6	0	0
31	0	708	0	0	0	0	-3	-6	0	0
31	0	719	0	0	0	0	-2	-6	0	0
31	0	719	0	0	0	0	-2	-6	0	0
31	0	719	0	0	0	0	-2	-6	0	0
31	0	733	0	0	0	1	0	-6	0	0
31	0	733	0	0	0	1	0	-6	0	0
31	0	733	0	0	0	1	0	-6	0	0
31	0	744	0	0	0	3	0	-6	0	0
31	0	744	0	0	0	3	0	-6	0	0
31	0	744	0	0	0	3	0	-6	0	0
31	0	753	0	0	0	6	1	-6	0	0
31	0	753	0	0	0	6	1	-6	0	0
31	0	753	0	0	0	6	1	-6	0	0
31	0	753	0	0	0	6	1	-6	0	0
31	0	760	0	0	0	8	1	-6	0	0
31	0	760	0	0	0	8	1	-6	0	0
31	0	760	0	0	0	8	1	-6	0	0
31	0	767	0	0	0	9	1	-6	0	0
31	0	767	0	0	0	9	1	-6	0	0
31	0	767	0	0	0	9	1	-6	0	0
31	0	772	0	0	0	10	1	-6	0	0
31	0	772	0	0	0	10	1	-6	0	0
31	0	772	0	0	0	10	1	-6	0	0
28	0	779	0	0	0	10	1	-6	0	0
28	0	779	0	0	0	10	1	-6	0	0
28	0	779	0	0	0	10	1	-6	0	0
28	0	779	0	0	0	10	1	-6	0	0
28	0	784	0	0	0	10	1	-6	0	0
28	0	784	0	0	0	10	1	-6	0	0
28	0	784	0	0	0	10	1	-6	0	0
28	0	788	0	0	0	10	1	-6	0	0
28	0	788	0	0	0	10	1	-6	0	0
28	0	788	0	0	0	10	1	-6	0	0
28	0	791	0	0	0	7	1	-6	0	0
28	0	791	0	0	0	7	1	-6	0	0
28	0	791	0	0	0	7	1	-6	0	0
28	0	792	0	0	0	3	1	-6	0	0
28	0	792	0	0	0	3	1	-6	0	0
28	0	792	0	0	0	3	1	-6	0	0
28	0	792	0	0	0	3	1	-6	0	0
28	0	790	0	0	0	0	1	-6	0	0
28	0	790	0	0	0	0	1	-6	0	0
28	0	790	0	0	0	0	1	-6	0	0
28	0	788	0	0	0	-4	1	-6	0	0
28	0	788	0	0	0	-4	1	-6	0	0
28	0	788	0	0	0	-4	1	-6	0	0
28	0	786	0	0	0	-6	1	-6	0	0
28	0	786	0	0	0	-6	1	-6	0	0
28	0	786	0	0	0	-6	1	-6	0	0
28	0	772	0	0	0	-9	0	-6	0	0
28	0	772	0	0	0	-9	0	-6	0	0
28	0	772	0	0	0	-9	0	-6	0	0
28	0	772	0	0	0	-9	0	-6	0	0
28	0	770	0	0	0	-10	0	-6	0	0
28	0	770	0	0	0	-10	0	-6	0	0
28	0	770	0	0	0	-10	0	-6	0	0
28	0	772	0	0	0	-11	0	-6	0	0
28	0	772	0	0	0	-11	0	-6	0	0
28	0	772	0	0	0	-11	0	-6	0	0
28	0	774	0	0	0	-11	0	-6	0	0
28	0	774	0	0	0	-11	0	-6	0	0
28	0	774	0	0	0	-11	0	-6	0	0
28	0	775	0	0	0	-9	-2	-6	0	0
28	0	775	0	0	0	-9	-2	-6	0	0
28	0	775	0	0	0	-9	-2	-6	0	0
28	0	775	0	0	0	-9	-2	-6	0	0
28	0	778	0	0	0	-7	-4	-7	0	0
28	0	778	0	0	0	-7	-4	-7	0	0
28	0	778	0	0	0	-7	-4	-7	0	0
28	0	781	0	0	0	-5	-6	-7	0	0
28	0	781	0	0	0	-5	-6	-7	0	0
28	0	781	0	0	0	-5	-6	-7	0	0
26	0	783	0	0	0	-3	-8	-7	0	0
26	0	783	0	0	0	-3	-8	-7	0	0
26	0	783	0	0	0	-3	-8	-7	0	0
26	0	786	0	0	0	-1	-10	-7	0	0
26	0	786	0	0	0	-1	-10	-7	0	0
26	0	786	0	0	0	-1	-10	-7	0	0
26	0	786	0	0	0	-1	-10	-7	0	0
26	0	795	0	0	0	0	-10	-8	0	0
26	0	795	0	0	0	0	-10	-8	0	0
26	0	795	0	0	0	0	-10	-8	0	0
26	0	809	0	0	0	1	-11	-8	0	0
26	0	809	0	0	0	1	-11	-8	0	0
26	0	809	0	0	0	1	-11	-8	0	0
26	0	809	0	0	0	1	-11	-7	0	0
26	0	809	0	0	0	1	-11	-7	0	0
26	0	809	0	0	0	1	-11	-7	0	0
26	0	813	0	0	0	2	-9	-7	0	0
26	0	813	0	0	0	2	-9	-7	0	0
26	0	813	0	0	0	2	-9	-7	0	0
26	0	813	0	0	0	2	-9	-7	0	0
26	0	807	0	0	0	3	-6	-7	0	0
26	0	807	0	0	0	3	-6	-7	0	0
26	0	807	0	0	0	3	-6	-7	0	0
26	0	803	0	0	0	3	-3	-7	0	0
26	0	803	0	0	0	3	-3	-7	0	0
26	0	803	0	0	0	3	-3	-7	0	0
26	0	804	0	0	0	3	0	-7	0	0
26	0	804	0	0	0	3	0	-7	0	0
26	0	804	0	0	0	3	0	-7	0	0
26	0	809	0	0	0	3	2	-6	0	0
26	0	809	0	0	0	3	2	-6	0	0
26	0	809	0	0	0	3	2	-6	0	0
26	0	809	0	0	0	3	2	-6	0	0
26	0	810	0	0	0	2	5	-6	0	0
26	0	810	0	0	0	2	5	-6	0	0
26	0	810	0	0	0	2	5	-6	0	0
26	0	811	0	0	0	2	7	-6	0	0
26	0	811	0	0	0	2	7	-6	0	0
26	0	811	0	0	0	2	7	-6	0	0
26	0	816	0	0	0	1	9	-6	0	0
26	0	816	0	0	0	1	9	-6	0	0
26	0	816	0	0	0	1	9	-6	0	0
26	0	828	0	0	0	0	10	-6	0	0
26	0	828	0	0	0	0	10	-6	0	0
26	0	828	0	0	0	0	10	-6	0	0
26	0	828	0	0	0	0	10	-6	0	0
26	0	839	0	0	0	0	9	-7	0	0
26	0	839	0	0	0	0	9	-7	0	0
26	0	839	0	0	0	0	9	-7	0	0
26	0	849	0	0	0	0	7	-7	0	0
26	0	849	0	0	0	0	7	-7	0	0
26	0	849	0	0	0	0	7	-7	0	0
24	0	864	0	0	0	-1	5	-7	0	0
24	0	864	0	0	0	-1	5	-7	0	0
24	0	864	0	0	0	-1	5	-7	0	0
24	0	874	0	0	0	-1	3	-7	0	0
24	0	874	0	0	0	-1	3	-7	0	0
24	0	874	0	0	0	-1	3	-7	0	0
24	0	874	0	0	0	-1	3	-7	0	0
24	0	887	0	0	0	-1	1	-7	0	0
24	0	887	0	0	0	-1	1	-7	0	0
24	0	887	0	0	0	-1	1	-7	0	0
24	0	896	0	0	0	0	0	-7	0	0
24	0	896	0	0	0	0	0	-7	0	0
24	0	896	0	0	0	0	0	-7	0	0
24	0	911	0	0	0	0	0	-7	0	0
24	0	911	0	0	0	0	0	-7	0	0
24	0	911	0	0	0	0	0	-7	0	0
24	0	928	0	0	0	0	-1	-7	0	0
24	0	928	0	0	0	0	-1	-7	0	0
24	0	928	0	0	0	0	-1	-7	0	0
24	0	947	0	0	0	0	-1	-7	0	0
24	0	947	0	0	0	0	-1	-7	0	0
24	0	947	0	0	0	0	-1	-7	0	0
24	0	947	0	0	0	0	-1	-7	0	0
24	0	947	0	0	0	0	-1	-7	0	0
24	0	967	0	0	0	0	-1	-6	0	0
24	0	967	0	0	0	0	-1	-6	0	0
24	0	988	0	0	0	0	-1	-6	0	0
24	0	988	0	0	0	0	-1	-6	0	0
24	0	988	0	0	0	0	-1	-6	0	0
24	0	988	0	0	0	0	-1	-6	0	0
24	0	1010	0	0	0	0	-1	-6	0	0
24	0	1010	0	0	0	0	-1	-6	0	0
24	0	1033	0	0	0	0	-1	-6	0	0
24	0	1033	0	0	0	0	-1	-6	0	0
24	0	1033	0	0	0	0	-1	-6	0	0
24	0	1033	0	0	0	0	-1	-6	0	0
24	0	1057	0	0	0	1	-1	-6	0	0
24	0	1057	0	0	0	1	-1	-6	0	0
24	0	1057	0	0	0	1	-1	-6	0	0
24	0	1080	0	0	0	3	-1	-6	0	0
24	0	1080	0	0	0	3	-1	-6	0	0
24	0	1080	0	0	0	3	-1	-6	0	0
24	0	1080	0	0	0	3	-1	-6	0	0
24	0	1101	0	0	0	5	0	-6	0	0
24	0	1101	0	0	0	5	0	-6	0	0
24	0	1101	0	0	0	5	0	-6	0	0
24	0	1122	0	0	0	7	0	-6	0	0
24	0	1122	0	0	0	7	0	-6	0	0
24	0	1122	0	0	0	7	0	-6	0	0
22	0	1145	0	0	0	7	0	-6	0	0
22	0	1145	0	0	0	7	0	-6	0	0
22	0	1145	0	0	0	7	0	-6	0	0
22	0	1163	0	0	0	3	0	-6	0	0
22	0	1163	0	0	0	3	0	-6	0	0
22	0	1163	0	0	0	3	0	-6	0	0
22	0	1178	0	0	0	-1	0	-6	0	0
22	0	1178	0	0	0	-1	0	-6	0	0
22	0	1178	0	0	0	-1	0	-6	0	0
22	0	1178	0	0	0	-4	0	-5	0	0
22	0	1191	0	0	0	-4	0	-5	0	0
22	0	1191	0	0	0	-4	0	-5	0	0
22	0	1191	0	0	0	-4	0	-5	0	0
22	0	1202	0	0	0	-5	0	-5	0	0
22	0	1202	0	0	0	-5	0	-5	0	0
22	0	1202	0	0	0	-5	0	-5	0	0
22	0	1212	0	0	0	-4	-1	-5	0	0
22	0	1212	0	0	0	-4	-1	-5	0	0
22	0	1212	0	0	0	-4	-1	-5	0	0
22	0	1220	0	0	0	-3	-3	-5	0	0
22	0	1220	0	0	0	-3	-3	-5	0	0
22	0	1220	0	0	0	-3	-3	-5	0	0
22	0	1220	0	0	0	-3	-3	-5	0	0
22	0	1228	0	0	0	-2	-3	-5	0	0
22	0	1228	0	0	0	-2	-3	-5	0	0
22	0	1228	0	0	0	-2	-3	-5	0	0
22	0	1238	0	0	0	0	-4	-6	0	0
22	0	1238	0	0	0	0	-4	-6	0	0
22	0	1238	0	0	0	0	-4	-6	0	0
22	0	1245	0	0	0	0	-3	-6	0	0
22	0	1245	0	0	0	0	-3	-6	0	0
22	0	1245	0	0	0	0	-3	-6	0	0
22	0	1262	0	0	0	1	-3	-6	0	0
22	0	1262	0	0	0	1	-3	-6	0	0
22	0	1262	0	0	0	1	-3	-6	0	0
22	0	1262	0	0	0	1	-3	-6	0	0
22	0	1270	0	0	0	1	-3	-6	0	0
22	0	1270	0	0	0	1	-3	-6	0	0
22	0	1270	0	0	0	1	-3	-6	0	0
22	0	1286	0	0	0	2	-2	-6	0	0
22	0	1286	0	0	0	2	-2	-6	0	0
22	0	1286	0	0	0	2	-2	-6	0	0
22	0	1296	0	0	0	2	-2	-5	0	0
22	0	1296	0	0	0	2	-2	-5	0	0
22	0	1296	0	0	0	2	-2	-5	0	0
22	0	1296	0	0	0	2	-2	-5	0	0
22	0	1294	0	0	0	2	-1	-5	0	0
22	0	1294	0	0	0	2	-1	-5	0	0
22	0	1294	0	0	0	2	-1	-5	0	0
22	0	1290	0	0	0	2	0	-5	0	0
22	0	1290	0	0	0	2	0	-5	0	0
22	0	1290	0	0	0	2	0	-5	0	0
19	0	1293	0	0	0	1	0	-5	0	0
19	0	1293	0	0	0	1	0	-5	0	0
19	0	1293	0	0	0	1	0	-5	0	0
19	0	1297	0	0	0	1	1	-5	0	0
19	0	1297	0	0	0	1	1	-5	0	0
19	0	1297	0	0	0	1	1	-5	0	0
19	0	1305	0	0	0	0	3	-5	0	0
19	0	1305	0	0	0	0	3	-5	0	0
19	0	1305	0	0	0	0	3	-5	0	0
19	0	1305	0	0	0	0	3	-5	0	0
19	0	1317	0	0	0	0	3	-5	0	0
19	0	1317	0	0	0	0	3	-5	0	0
19	0	1317	0	0	0	0	3	-5	0	0
19	0	1334	0	0	0	0	3	-5	0	0
19	0	1334	0	0	0	0	3	-5	0	0
19	0	1334	0	0	0	0	3	-5	0	0
19	0	1355	0	0	0	0	3	-5	0	0
19	0	1355	0	0	0	0	3	-5	0	0
19	0	1355	0	0	0	0	3	-5	0	0
19	0	1355	0	0	0	0	3	-5	0	0
19	0	1379	0	0	0	-1	2	-5	0	0
19	0	1379	0	0	0	-1	2	-5	0	0
19	0	1379	0	0	0	-1	2	-5	0	0
19	0	1402	0	0	0	-2	1	-6	0	0
19	0	1402	0	0	0	-2	1	-6	0	0
19	0	1402	0	0	0	-2	1	-6	0	0
19	0	1422	0	0	0	-2	1	-6	0	0
19	0	1422	0	0	0	-2	1	-6	0	0
19	0	1422	0	0	0	-2	1	-6	0	0
19	0	1448	0	0	0	-2	0	-6	0	0
19	0	1448	0	0	0	-2	0	-6	0	0
19	0	1448	0	0	0	-2	0	-6	0	0
19	0	1475	0	0	0	-1	0	-6	0	0
19	0	1475	0	0	0	-1	0	-6	0	0
19	0	1475	0	0	0	-1	0	-6	0	0
19	0	1508	0	0	0	-1	0	-6	0	0
19	0	1508	0	0	0	-1	0	-6	0	0
19	0	1508	0	0	0	-1	0	-6	0	0
19	0	1508	0	0	0	-1	0	-6	0	0
19	0	1548	0	0	0	0	0	-5	0	0
19	0	1548	0	0	0	0	0	-5	0	0
19	0	1548	0	0	0	0	0	-5	0	0
19	0	1577	0	0	0	0	-1	-5	0	0
19	0	1577	0	0	0	0	-1	-5	0	0
19	0	1577	0	0	0	0	-1	-5	0	0
19	0	1613	0	0	0	0	-1	-5	0	0
19	0	1613	0	0	0	0	-1	-5	0	0
19	0	1613	0	0	0	0	-1	-5	0	0
17	0	1625	0	0	0	0	-1	-5	0	0
17	0	1625	0	0	0	0	-1	-5	0	0
17	0	1625	0	0	0	0	-1	-5	0	0
17	0	1625	0	0	0	0	-1	-5	0	0
17	0	1665	0	0	0	0	0	-5	0	0
17	0	1665	0	0	0	0	0	-5	0	0
17	0	1665	0	0	0	0	0	-5	0	0
17	0	1710	0	0	0	0	0	-5	0	0
17	0	1710	0	0	0	0	0	-5	0	0
17	0	1710	0	0	0	0	0	-5	0	0
17	0	1750	0	0	0	0	0	-5	0	0
17	0	1750	0	0	0	0	0	-5	0	0
17	0	1750	0	0	0	0	0	-5	0	0
17	0	1789	0	0	0	0	-1	-5	0	0
17	0	1789	0	0	0	0	-1	-5	0	0
17	0	1789	0	0	0	0	-1	-5	0	0
17	0	1789	0	0	0	0	-1	-5	0	0
17	0	1829	0	0	0	0	-1	-5	0	0
17	0	1829	0	0	0	0	-1	-5	0	0
17	0	1829	0	0	0	0	-1	-5	0	0
17	0	1868	0	0	0	0	-1	-5	0	0
17	0	1868	0	0	0	0	-1	-5	0	0
17	0	1868	0	0	0	0	-1	-5	0	0
17	0	1905	0	0	0	0	-1	-5	0	0
17	0	1905	0	0	0	0	-1	-5	0	0
17	0	1905	0	0	0	0	-1	-5	0	0
17	0	1943	0	0	0	0	-1	-5	0	0
17	0	1943	0	0	0	0	-1	-5	0	0
17	0	1943	0	0	0	0	-1	-5	0	0
17	0	1943	0	0	0	0	-1	-5	0	0
17	0	1955	0	0	0	0	-1	-5	0	0
17	0	1955	0	0	0	0	-1	-5	0	0
17	0	1955	0	0	0	0	-1	-5	0	0
17	0	1985	0	0	0	0	-1	-4	0	0
17	0	1985	0	0	0	0	-1	-4	0	0
17	0	1985	0	0	0	0	-1	-4	0	0
17	0	1985	0	0	0	0	-1	-4	0	0
17	0	2021	0	0	0	0	0	-4	0	0
17	0	2021	0	0	0	0	0	-4	0	0
17	0	2070	0	0	0	0	0	-4	0	0
17	0	2070	0	0	0	0	0	-4	0	0
17	0	2070	0	0	0	0	0	-4	0	0
17	0	2070	0	0	0	0	0	-4	0	0
17	0	2108	0	0	0	0	0	-4	0	0
17	0	2108	0	0	0	0	0	-4	0	0
17	0	2108	0	0	0	0	0	-4	0	0
17	0	2130	0	0	0	0	0	-5	0	0
17	0	2130	0	0	0	0	0	-5	0	0
17	0	2130	0	0	0	0	0	-5	0	0
17	0	2130	0	0	0	0	0	-5	0	0
17	0	2159	0	0	0	0	0	-5	0	0
17	0	2159	0	0	0	0	0	-5	0	0
17	0	2159	0	0	0	0	0	-5	0	0
16	0	2190	0	0	0	0	0	-5	0	0
16	0	2190	0	0	0	0	0	-5	0	0
16	0	2190	0	0	0	0	0	-5	0	0
16	0	2215	0	0	0	0	0	-5	0	0
16	0	2215	0	0	0	0	0	-5	0	0
16	0	2215	0	0	0	0	0	-5	0	0
16	0	2254	0	0	0	0	0	-5	0	0
16	0	2254	0	0	0	0	0	-5	0	0
16	0	2254	0	0	0	0	0	-5	0	0
16	0	2286	0	0	0	0	0	-5	0	0
16	0	2286	0	0	0	0	0	-5	0	0
16	0	2286	0	0	0	0	0	-5	0	0
16	0	2286	0	0	0	0	0	-5	0	0
16	0	2319	0	0	0	0	0	-5	0	0
16	0	2319	0	0	0	0	0	-5	0	0
16	0	2319	0	0	0	0	0	-5	0	0
16	0	2362	0	0	0	0	0	-5	0	0
16	0	2362	0	0	0	0	0	-5	0	0
16	0	2362	0	0	0	0	0	-5	0	0
16	0	2395	0	0	0	0	-1	-5	0	0
16	0	2395	0	0	0	0	-1	-5	0	0
16	0	2395	0	0	0	0	-1	-5	0	0
16	0	2419	0	0	0	0	-1	-5	0	0
16	0	2419	0	0	0	0	-1	-5	0	0
16	0	2419	0	0	0	0	-1	-5	0	0
16	0	2419	0	0	0	0	-1	-5	0	0
16	0	2446	0	0	0	0	-1	-5	0	0
16	0	2446	0	0	0	0	-1	-5	0	0
16	0	2446	0	0	0	0	-1	-5	0	0
16	0	2466	0	0	0	0	-1	-5	0	0
16	0	2466	0	0	0	0	-1	-5	0	0
16	0	2466	0	0	0	0	-1	-5	0	0
16	0	2486	0	0	0	0	-1	-5	0	0
16	0	2486	0	0	0	0	-1	-5	0	0
16	0	2486	0	0	0	0	-1	-5	0	0
16	0	2486	0	0	0	0	-1	-5	0	0
16	0	2501	0	0	0	0	-1	-5	0	0
16	0	2501	0	0	0	0	-1	-5	0	0
16	0	2501	0	0	0	0	-1	-5	0	0
16	0	2514	0	0	0	0	0	-5	0	0
16	0	2514	0	0	0	0	0	-5	0	0
16	0	2514	0	0	0	0	0	-5	0	0
16	0	2510	0	0	0	0	-1	-5	0	0
16	0	2510	0	0	0	0	-1	-5	0	0
16	0	2510	0	0	0	0	-1	-5	0	0
16	0	2511	0	0	0	0	-3	-5	0	0
16	0	2511	0	0	0	0	-3	-5	0	0
16	0	2511	0	0	0	0	-3	-5	0	0
16	0	2508	0	0	0	0	-5	-5	0	0
16	0	2508	0	0	0	0	-5	-5	0	0
16	0	2508	0	0	0	0	-5	-5	0	0
16	0	2508	0	0	0	0	-5	-5	0	0
16	0	2503	0	0	0	0	-7	-5	0	0
16	0	2503	0	0	0	0	-7	-5	0	0
16	0	2503	0	0	0	0	-7	-5	0	0
16	0	2502	0	0	0	0	-9	-5	0	0
16	0	2502	0	0	0	0	-9	-5	0	0
16	0	2502	0	0	0	0	-9	-5	0	0
16	0	2497	0	0	0	0	-9	-5	0	0
16	0	2497	0	0	0	0	-9	-5	0	0
16	0	2497	0	0	0	0	-9	-5	0	0
16	0	2496	0	0	0	0	-9	-5	0	0
16	0	2496	0	0	0	0	-9	-5	0	0
16	0	2496	0	0	0	0	-9	-5	0	0
16	0	2496	0	0	0	0	-9	-5	0	0
16	0	2494	0	0	0	0	-9	-5	0	0
16	0	2494	0	0	0	0	-9	-5	0	0
16	0	2494	0	0	0	0	-9	-5	0	0
16	0	2498	0	0	0	0	-9	-5	0	0
16	0	2498	0	0	0	0	-9	-5	0	0
16	0	2498	0	0	0	0	-9	-5	0	0
16	0	2510	0	0	0	0	-9	-4	0	0
16	0	2510	0	0	0	0	-9	-4	0	0
16	0	2510	0	0	0	0	-9	-4	0	0
16	0	2503	0	0	0	0	-9	-4	0	0
16	0	2503	0	0	0	0	-9	-4	0	0
16	0	2503	0	0	0	0	-9	-4	0	0
16	0	2503	0	0	0	0	-9	-4	0	0
16	0	2496	0	0	0	0	-9	-4	0	0
16	0	2496	0	0	0	0	-9	-4	0	0
16	0	2496	0	0	0	0	-9	-4	0	0
16	0	2487	0	0	0	0	-8	-4	0	0
16	0	2487	0	0	0	0	-8	-4	0	0
16	0	2487	0	0	0	0	-8	-4	0	0
16	0	2479	0	0	0	0	-8	-4	0	0
16	0	2479	0	0	0	0	-8	-4	0	0
16	0	2479	0	0	0	0	-8	-4	0	0
16	0	2468	0	0	0	0	-7	-4	0	0
16	0	2468	0	0	0	0	-7	-4	0	0
16	0	2468	0	0	0	0	-7	-4	0	0
16	0	2468	0	0	0	0	-7	-4	0	0
16	0	2458	0	0	0	0	-7	-4	0	0
16	0	2458	0	0	0	0	-7	-4	0	0
16	0	2458	0	0	0	0	-7	-4	0	0
16	0	2451	0	0	0	1	-7	-4	0	0
16	0	2451	0	0	0	1	-7	-4	0	0
16	0	2451	0	0	0	1	-7	-4	0	0
16	0	2440	0	0	0	1	-6	-4	0	0
16	0	2440	0	0	0	1	-6	-4	0	0
16	0	2440	0	0	0	1	-6	-4	0	0
15	0	2433	0	0	0	2	-6	-4	0	0
15	0	2433	0	0	0	2	-6	-4	0	0
15	0	2433	0	0	0	2	-6	-4	0	0
15	0	2433	0	0	0	2	-6	-4	0	0
15	0	2425	0	0	0	2	-5	-4	0	0
15	0	2425	0	0	0	2	-5	-4	0	0
15	0	2425	0	0	0	2	-5	-4	0	0
15	0	2423	0	-1	0	2	-5	-4	0	0
15	0	2423	0	-1	0	2	-5	-4	0	0
15	0	2423	0	-1	0	2	-5	-4	0	0
15	0	2415	0	-1	0	2	-5	-4	0	0
15	0	2415	0	-1	0	2	-5	-4	0	0
15	0	2415	0	-1	0	2	-5	-4	0	0
15	0	2415	0	-1	0	1	-5	-4	0	0
15	0	2415	0	-1	0	1	-5	-4	0	0
15	0	2415	0	-1	0	1	-5	-4	0	0
15	0	2415	0	-1	0	1	-5	-4	0	0
15	0	2403	0	-1	0	0	-6	-4	0	0
15	0	2403	0	-1	0	0	-6	-4	0	0
15	0	2403	0	-1	0	0	-6	-4	0	0
15	0	2390	0	-1	0	0	-6	-4	0	0
15	0	2390	0	-1	0	0	-6	-4	0	0
15	0	2390	0	-1	0	0	-6	-4	0	0
15	0	2392	0	-1	0	0	-7	-4	0	0
15	0	2392	0	-1	0	0	-7	-4	0	0
15	0	2392	0	-1	0	0	-7	-4	0	0
15	0	2380	0	-1	0	0	-7	-4	0	0
15	0	2380	0	-1	0	0	-7	-4	0	0
15	0	2380	0	-1	0	0	-7	-4	0	-1
15	0	2380	0	-1	0	0	-7	-4	0	-1
15	0	2362	0	-1	0	0	-7	-4	0	-1
15	0	2362	0	-1	0	0	-7	-4	0	-1
15	0	2362	0	-1	0	0	-7	-4	0	-1
15	0	2341	0	-1	0	0	-5	-4	0	-1
15	0	2341	0	-1	0	0	-5	-4	0	-1
15	0	2341	0	-1	0	0	-5	-4	0	-1
15	0	2318	0	-1	0	1	-2	-4	0	-1
15	0	2318	0	-1	0	1	-2	-4	0	-1
15	0	2318	0	-1	0	1	-2	-4	0	-1
15	0	2318	0	-1	0	1	-2	-4	0	-1
15	0	2293	0	-1	0	1	1	-4	0	-1
15	0	2293	0	-1	0	1	1	-4	0	-1
15	0	2293	0	-1	0	1	1	-4	0	-1
15	0	2263	0	-1	0	1	4	-4	0	-1
15	0	2263	0	-1	0	1	4	-4	0	-1
15	0	2263	0	-1	0	1	4	-4	0	-1
15	0	2229	0	-1	0	1	7	-4	0	-1
15	0	2229	0	-1	0	1	7	-4	0	-1
15	0	2229	0	-1	0	1	7	-4	0	-1
15	0	2185	0	-1	0	0	10	-4	0	-1
15	0	2185	0	-1	0	0	10	-4	0	-1
15	0	2185	0	-1	0	0	10	-4	0	-1
15	0	2145	0	-1	0	0	12	-5	0	-1
15	0	2145	0	-1	0	0	12	-5	0	-1
15	0	2145	0	-1	0	0	12	-5	0	-1
15	0	2145	0	-1	0	0	12	-5	0	-1
15	0	2106	0	-1	0	0	15	-3	0	-1
15	0	2106	0	-1	0	0	15	-3	0	-2
15	0	2106	0	-1	0	0	15	-3	0	-2
15	0	2064	0	0	0	1	24	5	0	-2
15	0	2064	0	0	0	1	24	5	0	-2
15	0	2064	0	0	0	1	24	5	0	-2
15	0	2016	0	0	0	3	28	14	0	-2
15	0	2016	0	0	0	3	28	14	0	-2
15	0	2016	0	0	0	3	28	14	0	-2
15	0	1961	0	0	0	3	28	21	0	-2
15	0	1961	0	0	0	3	28	21	0	-2
15	0	1961	0	0	0	3	28	21	0	-2
15	0	1961	0	0	0	3	28	21	0	-2
15	0	1895	0	0	0	3	23	27	0	-2
15	0	1895	0	0	0	3	23	27	0	-2
15	0	1895	0	0	0	3	23	27	0	-2
15	0	1821	0	0	0	0	15	30	0	-2
15	0	1821	0	0	0	0	15	30	0	-2
15	0	1821	0	0	0	0	15	30	0	-2
15	0	1821	0	0	0	0	15	30	0	-2
15	0	1742	0	1	0	-4	6	32	0	-2
15	0	1742	0	1	0	-4	6	32	0	-2
15	0	1662	0	1	0	-7	-3	34	0	-2
15	0	1662	0	1	0	-7	-3	34	0	-2
15	0	1662	0	1	0	-7	-3	34	0	-2
15	0	1662	0	1	0	-7	-3	34	0	-2
15	0	1569	0	1	0	-8	-14	36	0	-1
15	0	1569	0	1	0	-8	-14	36	0	-1
15	0	1569	0	1	0	-8	-14	36	0	-1
15	0	1482	0	0	0	9	4	30	0	-1
15	0	1482	0	0	0	9	4	30	0	-1
15	0	1482	0	0	0	9	4	30	0	-1
15	0	0	0	0	0	44	28	41	0	-1
15	0	0	0	0	0	44	28	41	0	-1
15	0	0	0	0	0	44	28	41	0	-1
15	0	0	0	0	0	44	28	41	0	-1
15	0	0	0	0	0	44	28	41	0	-1
15	0	0	0	0	0	44	28	41	0	-1
15	0	0	0	0	0	70	124	136	0	-1
15	0	0	0	0	0	70	124	136	0	-1
15	0	0	0	0	0	70	124	136	0	-1
15	0	0	0	0	0	70	124	136	0	-1
15	0	0	0	0	0	70	124	136	0	-1
15	0	0	0	0	0	38	137	151	0	-1
15	0	0	0	0	0	38	137	151	0	-1
15	0	0	0	0	0	38	137	151	0	-1
15	0	0	0	0	0	38	137	151	0	-1
15	0	0	0	0	0	38	137	151	0	-1
15	0	0	0	0	0	1	136	168	0	-1
15	0	0	0	0	0	1	136	168	0	-1
15	0	0	0	0	0	1	136	168	0	-1
15	0	0	0	0	0	-16	133	176	0	-1
15	0	0	0	0	0	-16	133	176	0	-1
15	0	0	0	0	0	-16	133	176	0	-1
15	0	0	0	0	0	-16	133	176	0	-1
15	0	0	0	0	0	-16	133	176	0	-1
15	0	0	0	0	0	-16	133	176	0	-1
15	0	0	0	0	0	-42	163	170	0	-1
15	0	0	0	0	0	-42	163	170	0	-1
15	0	0	0	0	0	-42	163	170	0	-1
15	0	0	0	0	0	-42	163	170	0	-1
15	0	0	0	0	0	-42	163	170	0	-1
15	0	0	0	0	0	-63	-152	144	0	-1
15	0	0	0	0	0	-63	-152	144	0	-1
15	0	0	0	0	0	-63	-152	144	0	-1
15	0	0	0	0	0	-63	-152	144	0	-1
15	0	0	0	0	0	-63	-152	144	0	-1
15	0	0	0	0	0	-84	-32	11	0	-1
15	0	0	0	0	0	-84	-32	11	0	-1
15	0	0	0	0	0	-84	-32	11	0	-1
15	0	0	0	0	0	-53	-7	-17	0	-1
15	0	0	0	0	0	-53	-7	-17	0	-1
15	0	0	0	0	0	-53	-7	-17	0	-1
15	0	0	0	0	0	-53	-7	-17	0	-1
15	0	0	0	0	0	-53	-7	-17	0	-1
15	0	0	0	0	0	-53	-7	-17	0	-1
15	0	0	0	0	0	23	3	-24	0	-1
15	0	0	0	0	0	23	3	-24	0	-1
15	0	0	0	0	0	23	3	-24	0	-1
15	0	0	0	0	0	23	3	-24	0	-1
15	0	0	0	0	0	23	3	-24	0	-1
15	0	0	0	0	0	32	3	-26	0	-1
15	0	0	0	0	0	32	3	-26	0	-1
15	0	0	0	0	0	32	3	-26	0	-1
15	0	0	0	0	0	32	3	-26	0	-1
15	0	0	0	0	0	32	3	-26	0	-1
15	0	0	0	0	0	13	3	-28	0	-1
15	0	0	0	0	0	13	3	-28	0	-1
15	0	0	0	0	0	13	3	-28	0	-1
15	0	0	0	0	0	-1	2	-29	0	-1
15	0	0	0	0	0	-1	2	-29	0	-1
15	0	0	0	0	0	-1	2	-29	0	-1
15	0	0	0	0	0	-1	2	-29	0	-1
15	0	0	0	0	0	-1	2	-29	0	-1
15	0	0	0	0	0	-1	2	-29	0	-1
15	0	0	0	0	0	-2	2	-27	0	-1
15	0	0	0	0	0	-2	2	-27	0	-1
15	0	0	0	0	0	-2	2	-27	0	-1
15	0	0	0	0	0	-2	2	-27	0	-1
15	0	0	0	0	0	-2	2	-27	0	-1
15	0	0	0	0	0	-1	2	-29	0	-1
15	0	0	0	0	0	-1	2	-29	0	-1
15	0	0	0	0	0	-1	2	-29	0	-1
15	0	0	0	0	0	-1	2	-29	0	-1
15	0	0	0	0	0	-1	2	-29	0	-1
15	0	0	0	0	0	0	2	-29	0	-1
15	0	0	0	0	0	0	2	-29	0	-1
15	0	0	0	0	0	0	2	-29	0	-1
15	0	0	0	0	0	0	2	-30	0	-1
15	0	0	0	0	0	0	2	-30	0	-1
15	0	0	0	0	0	0	2	-30	0	-1
15	0	0	0	0	0	0	2	-30	0	-1
15	0	0	0	0	0	0	2	-30	0	-1
15	0	0	0	0	0	0	2	-30	0	-1
15	0	0	0	0	0	0	2	-30	0	-1
15	0	0	0	0	0	0	2	-30	0	-1
15	0	0	0	0	0	0	2	-30	0	-1
15	0	0	0	0	0	0	2	-30	0	-1
15	0	0	0	0	0	0	2	-30	0	-1
15	0	0	0	0	0	0	2	-30	0	-1
15	0	0	0	0	0	0	2	-30	0	-1
15	0	0	0	0	0	0	2	-30	0	-1
15	0	0	0	0	0	0	2	-30	0	-1
15	0	0	0	0	0	0	2	-30	0	-1
15	0	0	0	0	0	0	2	-30	0	-1
15	0	0	0	0	0	0	2	-30	0	-1
15	0	0	0	0	0	0	2	-30	0	-1
15	0	0	0	0	0	0	2	-30	0	-1
15	0	0	0	0	0	0	2	-30	0	-1
15	0	0	0	0	0	0	2	-30	0	-1
15	0	0	0	0	0	0	2	-30	0	-1
15	0	0	0	0	0	0	2	-30	0	-1
15	0	0	0	0	0	0	2	-30	0	-1
15	0	0	0	0	0	0	2	-30	0	-1
15	0	0	0	0	0	0	2	-30	0	-1
15	0	0	0	0	0	0	2	-30	0	-1
15	0	0	0	0	0	0	2	-30	0	-1
15	0	0	0	0	0	0	2	-30	0	-1
15	0	0	0	0	0	0	2	-30	0	-1
15	0	0	0	0	0	0	2	-30	0	-1
15	0	0	0	0	0	0	2	-30	0	-1
15	0	0	0	0	0	0	2	-30	0	-1
15	0	0	0	0	0	0	2	-30	0	-1
15	0	0	0	0	0	0	2	-30	0	-1
15	0	0	0	0	0	0	2	-30	0	-1
15	0	0	0	0	0	0	2	-30	0	-1
15	0	0	0	0	0	0	2	-30	0	-1
15	0	0	0	0	0	0	2	-30	0	-1
15	0	0	0	0	0	0	2	-30	0	-1
15	0	0	0	0	0	0	2	-30	0	-1
15	0	0	0	0	0	0	2	-30	0	-1
15	0	0	0	0	0	0	2	-30	0	-1
15	0	0	0	0	0	0	2	-30	0	-1
15	0	0	0	0	0	0	2	-30	0	-1
15	0	0	0	0	0	0	2	-30	0	-1
15	0	0	0	0	0	0	2	-30	0	-1
15	0	0	0	0	0	0	2	-30	0	-1
15	0	0	0	0	0	0	2	-30	0	-1
15	0	0	0	0	0	0	2	-30	0	-1
15	0	0	0	0	0	0	2	-30	0	-1
15	0	0	0	0	0	0	2	-30	0	-1
15	0	0	0	0	0	0	2	-30	0	-1
15	0	0	0	0	0	0	2	-30	0	-1
15	0	0	0	0	0	0	2	-30	0	-1
15	0	0	0	0	0	0	2	-30	0	-1
15	0	0	0	0	0	0	2	-30	0	-1
15	0	0	0	0	0	0	2	-30	0	-1
15	0	0	0	0	0	0	2	-30	0	-1
15	0	0	0	0	0	0	2	-30	0	-1
15	0	0	0	0	0	0	2	-30	0	-1
15	0	0	0	0	0	0	2	-30	0	-1
15	0	0	0	0	0	0	2	-30	0	-1
15	0	0	0	0	0	0	2	-30	0	-1
15	0	0	0	0	0	0	2	-30	0	-1
15	0	0	0	0	0	0	2	-30	0	-1
15	0	0	0	0	0	0	2	-30	0	-1
15	0	0	0	0	0	0	2	-30	0	-1
15	0	0	0	0	0	0	2	-30	0	-1
15	0	0	0	0	0	0	2	-30	0	-1
15	0	0	0	0	0	0	2	-30	0	-1
15	0	0	0	0	0	0	2	-30	0	-1
15	0	0	0	0	0	0	2	-30	0	-1
15	0	0	0	0	0	0	2	-30	0	-1
15	0	0	0	0	0	0	2	-30	0	-1
15	0	0	0	0	0	0	2	-30	0	-1
15	0	0	0	0	0	0	2	-30	0	-1
15	0	0	0	0	0	0	2	-30	0	-1
15	0	0	0	0	0	0	2	-30	0	-1
15	0	0	0	0	0	0	2	-30	0	-1
15	0	0	0	0	0	0	2	-30	0	-1
15	0	0	0	0	0	0	2	-30	0	-1
15	0	0	0	0	0	0	2	-30	0	-1
15	0	0	0	0	0	0	2	-30	0	-1
15	0	0	0	0	0	0	2	-30	0	-1
15	0	0	0	0	0	0	2	-30	0	-1
15	0	0	0	0	0	0	2	-30	0	-1
15	0	0	0	0	0	0	2	-30	0	-1
15	0	0	0	0	0	0	2	-30	0	-1
15	0	0	0	0	0	0	2	-30	0	-1
15	0	0	0	0	0	0	2	-30	0	-1
15	0	0	0	0	0	0	2	-30	0	-1
15	0	0	0	0	0	0	2	-30	0	-1
15	0	0	0	0	0	0	2	-30	0	-1
15	0	0	0	0	0	0	2	-30	0	-1
15	0	0	0	0	0	0	2	-30	0	-1
15	0	0	0	0	0	0	2	-30	0	-1
15	0	0	0	0	0	0	2	-30	0	-1
15	0	0	0	0	0	0	2	-30	0	-1
15	0	0	0	0	0	0	2	-30	0	-1
15	0	0	0	0	0	0	2	-30	0	-1
15	0	0	0	0	0	0	2	-30	0	-1
15	0	0	0	0	0	0	2	-30	0	-1
15	0	0	0	0	0	0	2	-30	0	-1
15	0	0	0	0	0	0	2	-30	0	-1
15	0	0	0	0	0	0	2	-30	0	-1
15	0	0	0	0	0	0	2	-30	0	-1
15	0	0	0	0	0	0	2	-30	0	-1
15	0	0	0	0	0	0	2	-30	0	-1
15	0	0	0	0	0	0	2	-30	0	-1
15	0	0	0	0	0	0	2	-30	0	-1
15	0	0	0	0	0	0	2	-30	0	-1
15	0	0	0	0	0	0	2	-30	0	-1
15	0	0	0	0	0	0	2	-30	0	-1
15	0	0	0	0	0	0	2	-30	0	-1
15	0	0	0	0	0	0	2	-30	0	-1
15	0	0	0	0	0	0	2	-30	0	-1
15	0	0	0	0	0	0	2	-30	0	-1
15	0	0	0	0	0	0	2	-30	0	-1
15	0	0	0	0	0	0	2	-30	0	-1
15	0	0	0	0	0	0	2	-30	0	-1
15	0	0	0	0	0	0	2	-30	0	-1
15	0	0	0	0	0	0	2	-30	0	-1
15	0	0	0	0	0	0	2	-30	0	-1
15	0	0	0	0	0	0	2	-30	0	-1
15	0	0	0	0	0	0	2	-30	0	-1
15	0	0	0	0	0	0	2	-30	0	-1
15	0	0	0	0	0	0	2	-30	0	-1
15	0	0	0	0	0	0	2	-30	0	-1
15	0	0	0	0	0	0	2	-30	0	-1
15	0	0	0	0	0	0	2	-30	0	-1
15	0	0	0	0	0	0	2	-30	0	-1
15	0	0	0	0	0	0	2	-30	0	-1
15	0	0	0	0	0	0	2	-30	0	-1
15	0	0	0	0	0	0	2	-30	0	-1
15	0	0	0	0	0	0	2	-30	0	-1
15	0	0	0	0	0	0	2	-30	0	-1
15	0	0	0	0	0	0	2	-30	0	-1
15	0	0	0	0	0	0	2	-30	0	-1
15	0	0	0	0	0	0	2	-30	0	-1
15	0	0	0	0	0	0	2	-30	0	-1
15	0	0	0	0	0	0	2	-30	0	-1
15	0	0	0	0	0	0	2	-30	0	-1
15	0	0	0	0	0	0	2	-30	0	-1
15	0	0	0	0	0	0	2	-30	0	-1
15	0	0	0	0	0	0	2	-30	0	-1
15	0	0	0	0	0	0	2	-30	0	-1
15	0	0	0	0	0	0	2	-30	0	-1
15	0	0	0	0	0	0	2	-30	0	-1
15	0	0	0	0	0	0	2	-30	0	-1
15	0	0	0	0	0	0	2	-30	0	-1
15	0	0	0	0	0	0	2	-30	0	-1
15	0	0	0	0	0	0	2	-30	0	-1
15	0	0	0	0	0	0	2	-30	0	-1
15	0	0	0	0	0	0	2	-30	0	-1
15	0	0	0	0	0	0	2	-30	0	-1
15	0	0	0	0	0	0	2	-30	0	-1
15	0	0	0	0	0	0	2	-30	0	-1
15	0	0	0	0	0	0	2	-30	0	-1
15	0	0	0	0	0	0	2	-30	0	-1
15	0	0	0	0	0	0	2	-30	0	-1
15	0	0	0	0	0	0	2	-30	0	-1
15	0	0	0	0	0	0	2	-30	0	-1
15	0	0	0	0	0	0	2	-30	0	-1
15	0	0	0	0	0	0	2	-30	0	-1
15	0	0	0	0	0	0	2	-30	0	-1
15	0	0	0	0	0	0	2	-30	0	-1
15	0	0	0	0	0	0	2	-30	0	-1
15	0	0	0	0	0	0	2	-30	0	-1
15	0	0	0	0	0	0	2	-30	0	-1
15	0	0	0	0	0	0	2	-30	0	-1
15	0	0	0	0	0	0	2	-30	0	-1
15	0	0	0	0	0	0	2	-30	0	-1
15	0	0	0	0	0	0	2	-30	0	-1
15	0	0	0	0	0	0	2	-30	0	-1
15	0	0	0	0	0	0	2	-30	0	-1
15	0	0	0	0	0	0	2	-30	0	-1
15	0	0	0	0	0	0	2	-30	0	-1
15	0	0	0	0	0	0	2	-30	0	-1
15	0	0	0	0	0	0	2	-30	0	-1
15	0	0	0	0	0	0	2	-30	0	-1
15	0	0	0	0	0	0	2	-30	0	-1
15	0	0	0	0	0	0	2	-30	0	-1
15	0	0	0	0	0	0	2	-30	0	-1
15	0	0	0	0	0	0	2	-30	0	-1
15	0	0	0	0	0	0	2	-30	0	-1
15	0	0	0	0	0	0	2	-30	0	-1
15	0	0	0	0	0	0	2	-30	0	-1
15	0	0	0	0	0	0	2	-30	0	-1
15	0	0	0	0	0	0	2	-30	0	-1
15	0	0	0	0	0	0	2	-30	0	-1
15	0	0	0	0	0	-1	2	-30	0	-1
15	0	0	0	0	0	-1	2	-30	0	-1
15	0	0	0	0	0	-1	2	-30	0	-1
15	0	0	0	0	0	-1	2	-30	0	-1
15	0	0	0	0	0	-1	2	-30	0	-1
15	0	0	0	0	0	-1	2	-30	0	-1
15	0	0	0	0	0	-1	2	-30	0	-1
15	0	0	0	0	0	-1	2	-30	0	-1
15	0	0	0	0	0	-1	2	-30	0	-1
15	0	0	0	0	0	-1	2	-30	0	-1
15	0	0	0	0	0	-1	2	-30	0	-1
15	0	0	0	0	0	-1	2	-30	0	-1
15	0	0	0	0	0	-1	2	-30	0	-1
15	0	0	0	0	0	-1	2	-30	0	-1
15	0	0	0	0	0	-1	2	-30	0	-1
15	0	0	0	0	0	-1	2	-30	0	-1
15	0	0	0	0	0	-1	2	-30	0	-1
15	0	0	0	0	0	-1	2	-30	0	-1
15	0	0	0	0	0	-1	2	-30	0	-1
15	0	0	0	0	0	-1	2	-30	0	-1
15	0	0	0	0	0	-1	2	-30	0	-1
15	0	0	0	0	0	-1	2	-30	0	-1
15	0	0	0	0	0	-1	2	-30	0	-1
15	0	0	0	0	0	-1	2	-30	0	-1
15	0	0	0	0	0	-1	2	-30	0	-1
15	0	0	0	0	0	-1	2	-30	0	-1
15	0	0	0	0	0	-1	2	-30	0	-1
15	0	0	0	0	0	-1	2	-30	0	-1
15	0	0	0	0	0	-1	2	-30	0	-1
15	0	0	0	0	0	-1	2	-30	0	-1
15	0	0	0	0	0	-1	2	-30	0	-1
15	0	0	0	0	0	-1	2	-30	0	-1
15	0	0	0	0	0	-1	2	-30	0	-1
15	0	0	0	0	0	-1	2	-30	0	-1
15	0	0	0	0	0	-1	2	-30	0	-1
15	0	0	0	0	0	-1	2	-30	0	-1
15	0	0	0	0	0	-1	2	-30	0	-1
15	0	0	0	0	0	-1	2	-30	0	-1
15	0	0	0	0	0	-1	2	-30	0	-1
15	0	0	0	0	0	-1	2	-30	0	-1
15	0	0	0	0	0	-1	2	-30	0	-1
15	0	0	0	0	0	-1	2	-30	0	-1
15	0	0	0	0	0	-1	2	-30	0	-1
15	0	0	0	0	0	-1	2	-30	0	-1
15	0	0	0	0	0	-1	2	-30	0	-1
15	0	0	0	0	0	-1	2	-30	0	-1
15	0	0	0	0	0	-1	2	-30	0	-1
15	0	0	0	0	0	-1	2	-30	0	-1
15	0	0	0	0	0	-1	2	-30	0	-1
15	0	0	0	0	0	-1	2	-30	0	-1
15	0	0	0	0	0	-1	2	-30	0	-1
15	0	0	0	0	0	-1	2	-30	0	-1
15	0	0	0	0	0	-1	2	-30	0	-1
15	0	0	0	0	0	-1	2	-30	0	-1
15	0	0	0	0	0	-1	2	-30	0	-1
15	0	0	0	0	0	-1	2	-30	0	-1
15	0	0	0	0	0	-1	2	-30	0	-1
15	0	0	0	0	0	-1	2	-30	0	-1
15	0	0	0	0	0	-1	2	-30	0	-1
15	0	0	0	0	0	-1	2	-30	0	-1
15	0	0	0	0	0	-1	2	-30	0	-1
15	0	0	0	0	0	-1	2	-30	0	-1
15	0	0	0	0	0	-1	2	-30	0	-1
15	0	0	0	0	0	-1	2	-30	0	-1
15	0	0	0	0	0	-1	2	-30	0	-1
15	0	0	0	0	0	-1	2	-30	0	-1
15	0	0	0	0	0	-1	2	-30	0	-1
15	0	0	0	0	0	-1	2	-30	0	-1
15	0	0	0	0	0	-1	2	-30	0	-1
15	0	0	0	0	0	-1	2	-30	0	-1
15	0	0	0	0	0	-1	2	-30	0	-1
15	0	0	0	0	0	-1	2	-30	0	-1
15	0	0	0	0	0	-1	2	-30	0	-1
15	0	0	0	0	0	-1	2	-30	0	-1
15	0	0	0	0	0	-1	2	-30	0	-1
15	0	0	0	0	0	-1	2	-30	0	-1
15	0	0	0	0	0	-1	2	-30	0	-1
15	0	0	0	0	0	-1	2	-30	0	-1
15	0	0	0	0	0	-1	2	-30	0	-1
15	0	0	0	0	0	-1	2	-30	0	-1
15	0	0	0	0	0	-1	2	-30	0	-1
15	0	0	0	0	0	-1	2	-30	0	-1
15	0	0	0	0	0	-1	2	-30	0	-1
15	0	0	0	0	0	-1	2	-30	0	-1
15	0	0	0	0	0	-1	2	-30	0	-1
15	0	0	0	0	0	-1	2	-30	0	-1
15	0	0	0	0	0	-1	2	-30	0	-1
15	0	0	0	0	0	-1	2	-30	0	-1
15	0	0	0	0	0	-1	2	-30	0	-1
15	0	0	0	0	0	-1	2	-30	0	-1
15	0	0	0	0	0	-1	2	-30	0	-1
15	0	0	0	0	0	-1	2	-30	0	-1
15	0	0	0	0	0	-1	2	-30	0	-1
15	0	0	0	0	0	-1	2	-30	0	-1
15	0	0	0	0	0	-1	2	-30	0	-1
15	0	0	0	0	0	-1	2	-30	0	-1
15	0	0	0	0	0	-1	2	-30	0	-1
15	0	0	0	0	0	-1	2	-30	0	-1
15	0	0	0	0	0	-1	2	-30	0	-1
15	0	0	0	0	0	-1	2	-30	0	-1
15	0	0	0	0	0	-1	2	-30	0	-1
15	0	0	0	0	0	-1	2	-30	0	-1
15	0	0	0	0	0	-1	2	-30	0	-1
15	0	0	0	0	0	-1	2	-30	0	-1
15	0	0	0	0	0	-1	2	-30	0	-1
15	0	0	0	0	0	-1	2	-30	0	-1
15	0	0	0	0	0	-1	2	-30	0	-1
15	0	0	0	0	0	-1	2	-30	0	-1
15	0	0	0	0	0	-1	2	-30	0	-1
15	0	0	0	0	0	-1	2	-30	0	-1
15	0	0	0	0	0	-1	2	-30	0	-1
15	0	0	0	0	0	-1	2	-30	0	-1
15	0	0	0	0	0	-1	2	-30	0	-1
15	0	0	0	0	0	-1	2	-30	0	-1
15	0	0	0	0	0	-1	2	-30	0	-1
15	0	0	0	0	0	-1	2	-30	0	-1
15	0	0	0	0	0	-1	2	-30	0	-1
15	0	0	0	0	0	-1	2	-30	0	-1
15	0	0	0	0	0	-1	2	-30	0	-1
15	0	0	0	0	0	-1	2	-30	0	-1
15	0	0	0	0	0	-1	2	-30	0	-1
15	0	0	0	0	0	-1	2	-30	0	-1
15	0	0	0	0	0	-1	2	-30	0	-1
15	0	0	0	0	0	-1	2	-30	0	-1
15	0	0	0	0	0	-1	2	-30	0	-1
15	0	0	0	0	0	-1	2	-30	0	-1
15	0	0	0	0	0	-1	2	-30	0	-1
15	0	0	0	0	0	-1	2	-30	0	-1
15	0	0	0	0	0	-1	2	-30	0	-1
15	0	0	0	0	0	-1	2	-30	0	-1
15	0	0	0	0	0	-1	2	-30	0	-1
15	0	0	0	0	0	-1	2	-30	0	-1
15	0	0	0	0	0	-1	2	-30	0	-1
15	0	0	0	0	0	-1	2	-30	0	-1
15	0	0	0	0	0	-1	2	-30	0	-1
15	0	0	0	0	0	-1	2	-30	0	-1
15	0	0	0	0	0	-1	2	-30	0	-1
15	0	0	0	0	0	-1	2	-30	0	-1
15	0	0	0	0	0	-1	2	-30	0	-1
15	0	0	0	0	0	-1	2	-30	0	-1
15	0	0	0	0	0	-1	2	-30	0	-1
15	0	0	0	0	0	-1	2	-30	0	-1
15	0	0	0	0	0	-1	2	-30	0	-1
15	0	0	0	0	0	-1	2	-30	0	-1
15	0	0	0	0	0	-1	2	-30	0	-1
15	0	0	0	0	0	-1	2	-30	0	-1
15	0	0	0	0	0	-1	2	-30	0	-1
15	0	0	0	0	0	-1	2	-30	0	-1
15	0	0	0	0	0	-1	2	-30	0	-1
15	0	0	0	0	0	-1	2	-30	0	-1
15	0	0	0	0	0	-1	2	-30	0	-1
15	0	0	0	0	0	-1	2	-30	0	-1
15	0	0	0	0	0	-1	2	-30	0	-1
15	0	0	0	0	0	-1	2	-30	0	-1
15	0	0	0	0	0	-1	2	-30	0	-1
15	0	0	0	0	0	-1	2	-30	0	-1
15	0	0	0	0	0	-1	2	-30	0	-1
15	0	0	0	0	0	-1	2	-30	0	-1
15	0	0	0	0	0	-1	2	-30	0	-1
15	0	0	0	0	0	-1	2	-30	0	-1
15	0	0	0	0	0	-1	2	-30	0	-1
15	0	0	0	0	0	-1	2	-30	0	-1
15	0	0	0	0	0	-1	2	-30	0	-1
15	0	0	0	0	0	-1	2	-30	0	-1
15	0	0	0	0	0	-1	2	-30	0	-1
15	0	0	0	0	0	-1	2	-30	0	-1
15	0	0	0	0	0	-1	2	-30	0	-1
15	0	0	0	0	0	-1	2	-30	0	-1
15	0	0	0	0	0	-1	2	-30	0	-1
15	0	0	0	0	0	-1	2	-30	0	-1
15	0	0	0	0	0	-1	2	-30	0	-1
15	0	0	0	0	0	-1	2	-30	0	-1
15	0	0	0	0	0	-1	2	-30	0	-1
15	0	0	0	0	0	-1	2	-30	0	-1
15	0	0	0	0	0	-1	2	-30	0	-1
15	0	0	0	0	0	-1	2	-30	0	-1
15	0	0	0	0	0	-1	2	-30	0	-1
15	0	0	0	0	0	-1	2	-30	0	-1
15	0	0	0	0	0	-1	2	-30	0	-1
15	0	0	0	0	0	-1	2	-30	0	-1
15	0	0	0	0	0	-1	2	-30	0	-1
15	0	0	0	0	0	-1	2	-30	0	-1
15	0	0	0	0	0	-1	2	-30	0	-1
15	0	0	0	0	0	-1	2	-30	0	-1
15	0	0	0	0	0	-1	2	-30	0	-1
15	0	0	0	0	0	-1	2	-30	0	-1
15	0	0	0	0	0	-1	2	-30	0	-1
15	0	0	0	0	0	-1	2	-30	0	-1
15	0	0	0	0	0	-1	2	-30	0	-1
15	0	0	0	0	0	-1	2	-30	0	-1
15	0	0	0	0	0	-1	2	-30	0	-1
15	0	0	0	0	0	-1	2	-30	0	-1
15	0	0	0	0	0	-1	2	-30	0	-1
15	0	0	0	0	0	-1	2	-30	0	-1
15	0	0	0	0	0	-1	2	-30	0	-1
15	0	0	0	0	0	-1	2	-30	0	-1
15	0	0	0	0	0	-1	2	-30	0	-1
15	0	0	0	0	0	-1	2	-30	0	-1
15	0	0	0	0	0	-1	2	-30	0	-1
15	0	0	0	0	0	-1	2	-30	0	-1
15	0	0	0	0	0	-1	2	-30	0	-1
15	0	0	0	0	0	-1	2	-30	0	-1
15	0	0	0	0	0	-1	2	-30	0	-1
15	0	0	0	0	0	-1	2	-30	0	-1
15	0	0	0	0	0	-1	2	-30	0	-1
15	0	0	0	0	0	-1	2	-30	0	-1
15	0	0	0	0	0	-1	2	-30	0	-1
15	0	0	0	0	0	-1	2	-30	0	-1
15	0	0	0	0	0	-1	2	-30	0	-1
15	0	0	0	0	0	-1	2	-30	0	-1
15	0	0	0	0	0	-1	2	-30	0	-1
15	0	0	0	0	0	-1	2	-30	0	-1
15	0	0	0	0	0	-1	2	-30	0	-1
15	0	0	0	0	0	-1	2	-30	0	-1
15	0	0	0	0	0	-1	2	-30	0	-1
15	0	0	0	0	0	-1	2	-30	0	-1
15	0	0	0	0	0	-1	2	-30	0	-1
15	0	0	0	0	0	-1	2	-30	0	-1
15	0	0	0	0	0	-1	2	-30	0	-1
15	0	0	0	0	0	-1	2	-30	0	-1
15	0	0	0	0	0	-1	2	-30	0	-1
15	0	0	0	0	0	-1	2	-30	0	-1
15	0	0	0	0	0	-1	2	-30	0	-1
15	0	0	0	0	0	-1	2	-30	0	-1
15	0	0	0	0	0	-1	2	-30	0	-1
15	0	0	0	0	0	-1	2	-30	0	-1
15	0	0	0	0	0	-1	2	-30	0	-1
15	0	0	0	0	0	-1	2	-30	0	-1
15	0	0	0	0	0	-1	2	-30	0	-1
15	0	0	0	0	0	-1	2	-30	0	-1
15	0	0	0	0	0	-1	2	-30	0	-1
15	0	0	0	0	0	-1	2	-30	0	-1
15	0	0	0	0	0	-1	2	-30	0	-1
15	0	0	0	0	0	-1	2	-30	0	-1
15	0	0	0	0	0	-1	2	-30	0	-1
15	0	0	0	0	0	-1	2	-30	0	-1
15	0	0	0	0	0	-1	2	-30	0	-1
15	0	0	0	0	0	-1	2	-30	0	-1
15	0	0	0	0	0	-1	2	-30	0	-1
15	0	0	0	0	0	-1	2	-30	0	-1
15	0	0	0	0	0	-1	2	-30	0	-1
15	0	0	0	0	0	-1	2	-30	0	-1
15	0	0	0	0	0	-1	2	-30	0	-1
15	0	0	0	0	0	-1	2	-30	0	-1
15	0	0	0	0	0	-1	2	-30	0	-1
15	0	0	0	0	0	-1	2	-30	0	-1
15	0	0	0	0	0	-1	2	-30	0	-1
15	0	0	0	0	0	-1	2	-30	0	-1
15	0	0	0	0	0	-1	2	-30	0	-1
15	0	0	0	0	0	-1	2	-30	0	-1
15	0	0	0	0	0	-1	2	-30	0	-1
15	0	0	0	0	0	-1	2	-30	0	-1
15	0	0	0	0	0	-1	2	-30	0	-1
15	0	0	0	0	0	-1	2	-30	0	-1
15	0	0	0	0	0	-1	2	-30	0	-1
15	0	0	0	0	0	-1	2	-30	0	-1
15	0	0	0	0	0	-1	2	-30	0	-1
15	0	0	0	0	0	-1	2	-30	0	-1
15	0	0	0	0	0	-1	2	-30	0	-1
15	0	0	0	0	0	-1	2	-30	0	-1
15	0	0	0	0	0	-1	2	-30	0	-1
15	0	0	0	0	0	-1	2	-30	0	-1
15	0	0	0	0	0	-1	2	-30	0	-1
15	0	0	0	0	0	-1	2	-30	0	-1
15	0	0	0	0	0	-1	2	-30	0	-1
15	0	0	0	0	0	-1	2	-30	0	-1
15	0	0	0	0	0	-1	2	-30	0	-1
15	0	0	0	0	0	-1	2	-30	0	-1
15	0	0	0	0	0	0	2	-30	0	-1
15	0	0	0	0	0	0	2	-30	0	-1
15	0	0	0	0	0	0	2	-30	0	-1
15	0	0	0	0	0	0	2	-30	0	-1
15	0	0	0	0	0	0	2	-30	0	-1
15	0	0	0	0	0	0	2	-30	0	-1
15	0	0	0	0	0	0	2	-31	0	-1
15	0	0	0	0	0	0	2	-31	0	-1
15	0	0	0	0	0	0	2	-31	0	-1
15	0	0	0	0	0	0	2	-31	0	-1
15	0	0	0	0	0	0	2	-31	0	-1
15	0	0	0	0	0	0	2	-31	0	-1
15	0	0	0	0	0	0	2	-31	0	-1
15	0	0	0	0	0	0	2	-31	0	-1
15	0	0	0	0	0	0	2	-32	0	-1
15	0	0	0	0	0	0	2	-32	0	-1
15	0	0	0	0	0	0	2	-32	0	-1
15	0	0	0	0	0	0	2	-32	0	-1
15	0	0	0	0	0	0	2	-32	0	-1
15	0	0	0	0	0	0	2	-32	0	-1
15	0	0	0	0	0	0	2	-32	0	-1
15	0	0	0	0	0	0	2	-32	0	-1
15	0	0	0	0	0	0	2	-32	0	-1
15	0	0	0	0	0	0	2	-32	0	-1
15	0	0	0	0	0	0	2	-32	0	-1
15	0	0	0	0	0	0	2	-32	0	-1
15	0	0	0	0	0	0	2	-32	0	-1
15	0	0	0	0	0	0	2	-32	0	-1
15	0	0	0	0	0	-1	2	-31	0	-1
15	0	0	0	0	0	-1	2	-31	0	-1
15	0	0	0	0	0	-1	2	-31	0	-1
15	0	0	0	0	0	-1	2	-31	0	-1
15	0	0	0	0	0	-1	2	-31	0	-1
15	0	0	0	0	0	-1	2	-31	0	-1
15	0	0	0	0	0	-1	2	-31	0	-1
15	0	0	0	0	0	-1	2	-31	0	-1
15	0	0	0	0	0	-1	2	-31	0	-1
15	0	0	0	0	0	-1	2	-31	0	-1
15	0	0	0	0	0	-1	2	-31	0	-1
15	0	0	0	0	0	-1	2	-31	0	-1
15	0	0	0	0	0	-1	2	-31	0	-1
15	0	0	0	0	0	-1	2	-31	0	-1
15	0	0	0	0	0	-1	2	-31	0	-1
15	0	0	0	0	0	-1	2	-31	0	-1
15	0	0	0	0	0	-1	2	-31	0	-1
15	0	0	0	0	0	-1	2	-31	0	-1
15	0	0	0	0	0	-1	2	-31	0	-1
15	0	0	0	0	0	-1	2	-31	0	-1
15	0	0	0	0	0	-1	2	-31	0	-1
15	0	0	0	0	0	-1	2	-31	0	-1
15	0	0	0	0	0	-1	2	-31	0	-1
15	0	0	0	0	0	-1	2	-31	0	-1
15	0	0	0	0	0	-1	2	-31	0	-1
15	0	0	0	0	0	-1	2	-31	0	-1
15	0	0	0	0	0	-1	2	-31	0	-1
15	0	0	0	0	0	-1	2	-31	0	-1
15	0	0	0	0	0	-1	2	-31	0	-1
15	0	0	0	0	0	-1	2	-31	0	-1
15	0	0	0	0	0	-1	2	-31	0	-1
15	0	0	0	0	0	-1	2	-31	0	-1
15	0	0	0	0	0	-1	2	-31	0	-1
15	0	0	0	0	0	-1	2	-31	0	-1
15	0	0	0	0	0	-1	2	-31	0	-1
15	0	0	0	0	0	-1	2	-31	0	-1
15	0	0	0	0	0	-1	2	-31	0	-1
15	0	0	0	0	0	-1	2	-31	0	-1
15	0	0	0	0	0	-1	2	-31	0	-1
15	0	0	0	0	0	-1	2	-31	0	-1
15	0	0	0	0	0	-1	2	-31	0	-1
15	0	0	0	0	0	-1	2	-31	0	-1
15	0	0	0	0	0	-1	2	-31	0	-1
15	0	0	0	0	0	-1	2	-31	0	-1
15	0	0	0	0	0	-1	2	-31	0	-1
15	0	0	0	0	0	-1	2	-31	0	-1
15	0	0	0	0	0	-1	2	-31	0	-1
15	0	0	0	0	0	-1	2	-31	0	-1
15	0	0	0	0	0	-1	2	-32	0	-1
15	0	0	0	0	0	-1	2	-32	0	-1
15	0	0	0	0	0	-1	2	-32	0	-1
15	0	0	0	0	0	-1	2	-32	0	-1
15	0	0	0	0	0	-1	2	-32	0	-1
15	0	0	0	0	0	-1	2	-32	0	-1
15	0	0	0	0	0	-1	2	-32	0	-1
15	0	0	0	0	0	-1	2	-32	0	-1
15	0	0	0	0	0	-1	2	-32	0	-1
15	0	0	0	0	0	-1	2	-32	0	-1
15	0	0	0	0	0	-1	2	-32	0	-1
15	0	0	0	0	0	-1	2	-32	0	-1
15	0	0	0	0	0	-1	2	-32	0	-1
15	0	0	0	0	0	-1	2	-32	0	-1
15	0	0	0	0	0	-1	2	-32	0	-1
15	0	0	0	0	0	-1	2	-32	0	-1
15	0	0	0	0	0	-1	2	-32	0	-1
15	0	0	0	0	0	-1	2	-32	0	-1
15	0	0	0	0	0	-1	2	-32	0	-1
15	0	0	0	0	0	-1	2	-32	0	-1
15	0	0	0	0	0	-1	2	-31	0	-1
15	0	0	0	0	0	-1	2	-31	0	-1
15	0	0	0	0	0	-1	2	-31	0	-1
15	0	0	0	0	0	-1	2	-31	0	-1
15	0	0	0	0	0	-1	2	-31	0	-1
15	0	0	0	0	0	-1	2	-31	0	-1
15	0	0	0	0	0	-1	2	-31	0	-1
15	0	0	0	0	0	-1	2	-31	0	-1
15	0	0	0	0	0	-1	2	-31	0	-1
15	0	0	0	0	0	-1	2	-31	0	-1
15	0	0	0	0	0	-1	2	-32	0	-1
15	0	0	0	0	0	-1	2	-32	0	-1
15	0	0	0	0	0	-1	2	-32	0	-1
15	0	0	0	0	0	-1	2	-31	0	-1
15	0	0	0	0	0	-1	2	-31	0	-1
15	0	0	0	0	0	-1	2	-31	0	-1
15	0	0	0	0	0	-1	2	-31	0	-1
15	0	0	0	0	0	-1	2	-31	0	-1
15	0	0	0	0	0	-1	2	-31	0	-1
15	0	0	0	0	0	-1	2	-31	0	-1
15	0	0	0	0	0	-1	2	-31	0	-1
15	0	0	0	0	0	-1	2	-31	0	-1
15	0	0	0	0	0	-1	2	-31	0	-1
15	0	0	0	0	0	-1	2	-31	0	-1
15	0	0	0	0	0	-1	2	-32	0	-1
15	0	0	0	0	0	-1	2	-32	0	-1
15	0	0	0	0	0	-1	2	-32	0	-1
15	0	0	0	0	0	-1	2	-32	0	-1
15	0	0	0	0	0	-1	2	-32	0	-1
15	0	0	0	0	0	-1	2	-32	0	-1
15	0	0	0	0	0	-1	2	-32	0	-1
15	0	0	0	0	0	-1	2	-32	0	-1
15	0	0	0	0	0	-1	2	-32	0	-1
15	0	0	0	0	0	-1	2	-32	0	-1
15	0	0	0	0	0	-1	2	-32	0	-1
15	0	0	0	0	0	-1	2	-32	0	-1
15	0	0	0	0	0	-1	2	-32	0	-1
15	0	0	0	0	0	-1	2	-32	0	-1
15	0	0	0	0	0	-1	2	-32	0	-1
15	0	0	0	0	0	-1	2	-32	0	-1
15	0	0	0	0	0	-1	2	-32	0	-1
15	0	0	0	0	0	-1	2	-32	0	-1
15	0	0	0	0	0	-1	2	-32	0	-1
15	0	0	0	0	0	-1	2	-32	0	-1
15	0	0	0	0	0	-1	2	-32	0	-1
15	0	0	0	0	0	-1	2	-32	0	-1
15	0	0	0	0	0	-1	2	-32	0	-1
15	0	0	0	0	0	-1	2	-32	0	-1
15	0	0	0	0	0	-1	1	-32	0	-1
15	0	0	0	0	0	-1	1	-32	0	-1
15	0	0	0	0	0	-1	1	-32	0	-1
15	0	0	0	0	0	-1	1	-32	0	-1
15	0	0	0	0	0	-1	1	-32	0	-1
15	0	0	0	0	0	-1	1	-32	0	-1
15	0	0	0	0	0	-1	1	-32	0	-1
15	0	0	0	0	0	-1	1	-32	0	-1
15	0	0	0	0	0	-1	1	-32	0	-1
15	0	0	0	0	0	-1	1	-32	0	-1
15	0	0	0	0	0	-1	1	-32	0	-1
15	0	0	0	0	0	-1	1	-32	0	-1
15	0	0	0	0	0	-1	1	-32	0	-1
15	0	0	0	0	0	-1	1	-32	0	-1
15	0	0	0	0	0	-2	2	-33	0	-1
15	0	0	0	0	0	-2	2	-33	0	-1
15	0	0	0	0	0	-2	2	-33	0	-1
15	0	0	0	0	0	-2	2	-33	0	-1
15	0	0	0	0	0	-2	2	-33	0	-1
15	0	0	0	0	0	-2	2	-33	0	-1
15	0	0	0	0	0	-2	2	-33	0	-1
15	0	0	0	0	0	-2	2	-33	0	-1
15	0	0	0	0	0	-2	2	-33	0	-1
15	0	0	0	0	0	-2	2	-33	0	-1
15	0	0	0	0	0	-2	2	-33	0	-1
15	0	0	0	0	0	-2	2	-35	0	-1
15	0	0	0	0	0	-2	2	-35	0	-1
15	0	0	0	0	0	-3	2	-37	0	-1
15	0	0	0	0	0	-3	2	-37	0	-1
15	0	0	0	0	0	-3	2	-37	0	-1
15	0	0	0	0	0	-3	2	-37	0	-1
15	0	0	0	0	0	-3	2	-37	0	-1
15	0	0	0	0	0	-3	2	-37	0	-1
15	0	0	0	0	0	-2	2	-40	0	-1
15	0	0	0	0	0	-2	2	-40	0	-1
15	0	0	0	0	0	-2	2	-40	0	-1
15	0	0	0	0	0	-2	2	-40	0	-1
15	0	0	0	0	0	-2	2	-40	0	-1
15	0	0	0	0	0	-2	2	-42	0	-1
15	0	0	0	0	0	-2	2	-42	0	-1
15	0	0	0	0	0	-2	2	-42	0	-1
15	0	0	0	0	0	-2	2	-42	0	-1
15	0	0	0	0	0	-2	2	-42	0	-1
15	0	0	0	0	0	-2	2	-43	0	-1
15	0	0	0	0	0	-2	2	-43	0	-1
15	0	0	0	0	0	-2	2	-43	0	-1
15	0	0	0	0	0	-1	2	-43	0	-1
15	0	0	0	0	0	-1	2	-43	0	-1
15	0	0	0	0	0	-1	2	-43	0	-1
15	0	0	0	0	0	-1	2	-43	0	-1
15	0	0	0	0	0	-1	2	-43	0	-1
15	0	0	0	0	0	-1	2	-43	0	-1
15	0	0	0	0	0	-1	2	-43	0	-1
15	0	0	0	0	0	-1	2	-43	0	-1
15	0	0	0	0	0	-1	2	-43	0	-1
15	0	0	0	0	0	-1	2	-43	0	-1
15	0	0	0	0	0	-1	2	-43	0	-1
15	0	0	0	0	0	-1	2	-43	0	-1
15	0	0	0	0	0	-1	2	-43	0	-1
15	0	0	0	0	0	-1	2	-43	0	-1
15	0	0	0	0	0	-1	2	-43	0	-1
15	0	0	0	0	0	-1	2	-43	0	-1
15	0	0	0	0	0	-1	2	-43	0	-1
15	0	0	0	0	0	-1	2	-43	0	-1
15	0	0	0	0	0	-1	2	-43	0	-1
15	0	0	0	0	0	-1	2	-43	0	-1
15	0	0	0	0	0	-1	2	-43	0	-1
15	0	0	0	0	0	-1	2	-43	0	-1
15	0	0	0	0	0	-1	2	-43	0	-1
15	0	0	0	0	0	-1	2	-43	0	-1
15	0	0	0	0	0	-2	2	-43	0	-1
15	0	0	0	0	0	-2	2	-43	0	-1
15	0	0	0	0	0	-2	2	-43	0	-1
15	0	0	0	0	0	-2	2	-43	0	-1
15	0	0	0	0	0	-2	2	-43	0	-1
15	0	0	0	0	0	-2	2	-43	0	-1
15	0	0	0	0	0	-1	2	-44	0	-1
15	0	0	0	0	0	-1	2	-44	0	-1
15	0	0	0	0	0	-1	2	-44	0	-1
15	0	0	0	0	0	-1	2	-44	0	-1
15	0	0	0	0	0	-1	2	-44	0	-1
15	0	0	0	0	0	-1	1	-44	0	-1
15	0	0	0	0	0	-1	1	-44	0	-1
15	0	0	0	0	0	-1	1	-44	0	-1
15	0	0	0	0	0	-1	1	-44	0	-1
15	0	0	0	0	0	-1	1	-44	0	-1
15	0	0	0	0	0	-1	2	-44	0	-1
15	0	0	0	0	0	-1	2	-44	0	-1
15	0	0	0	0	0	-1	2	-44	0	-1
15	0	0	0	0	0	-1	2	-44	0	-1
15	0	0	0	0	0	-1	2	-44	0	-1
15	0	0	0	0	0	-1	2	-44	0	-1
15	0	0	0	0	0	-1	2	-44	0	-1
15	0	0	0	0	0	-1	2	-44	0	-1
15	0	0	0	0	0	-1	2	-44	0	-1
15	0	0	0	0	0	-1	2	-44	0	-1
15	0	0	0	0	0	-1	2	-44	0	-1
15	0	0	0	0	0	-1	2	-44	0	-1
15	0	0	0	0	0	-1	2	-44	0	-1
15	0	0	0	0	0	-1	2	-44	0	-1
15	0	0	0	0	0	-1	2	-44	0	-1
15	0	0	0	0	0	-1	2	-44	0	-1
15	0	0	0	0	0	-1	2	-44	0	-1
15	0	0	0	0	0	-1	2	-44	0	-1
15	0	0	0	0	0	-1	2	-44	0	-1
15	0	0	0	0	0	0	2	-44	0	-1
15	0	0	0	0	0	0	2	-44	0	-1
15	0	0	0	0	0	0	2	-44	0	-1
15	0	0	0	0	0	0	2	-44	0	-1
15	0	0	0	0	0	0	2	-44	0	-1
15	0	0	0	0	0	0	2	-44	0	-1
15	0	0	0	0	0	0	2	-44	0	-1
15	0	0	0	0	0	0	2	-44	0	-1
15	0	0	0	0	0	0	2	-44	0	-1
15	0	0	0	0	0	0	1	-44	0	-1
15	0	0	0	0	0	0	1	-44	0	-1
15	0	0	0	0	0	0	1	-44	0	-1
15	0	0	0	0	0	0	1	-44	0	-1
15	0	0	0	0	0	0	1	-44	0	-1
15	0	0	0	0	0	-1	2	-44	0	-1
15	0	0	0	0	0	-1	2	-44	0	-1
15	0	0	0	0	0	-1	2	-44	0	-1
15	0	0	0	0	0	-1	2	-44	0	-1
15	0	0	0	0	0	-1	2	-44	0	-1
15	0	0	0	0	0	0	1	-44	0	-1
15	0	0	0	0	0	0	1	-44	0	-1
15	0	0	0	0	0	0	1	-44	0	-1
15	0	0	0	0	0	0	1	-44	0	-1
15	0	0	0	0	0	0	1	-44	0	-1
15	0	0	0	0	0	0	1	-44	0	-1
15	0	0	0	0	0	0	1	-44	0	-1
15	0	0	0	0	0	0	1	-44	0	-1
15	0	0	0	0	0	0	1	-44	0	-1
15	0	0	0	0	0	0	2	-44	0	-1
15	0	0	0	0	0	0	2	-44	0	-1
15	0	0	0	0	0	0	2	-44	0	-1
15	0	0	0	0	0	0	2	-44	0	-1
15	0	0	0	0	0	0	2	-44	0	-1
15	0	0	0	0	0	0	1	-44	0	-1
15	0	0	0	0	0	0	1	-44	0	-1
15	0	0	0	0	0	0	1	-44	0	-1
15	0	0	0	0	0	0	1	-44	0	-1
15	0	0	0	0	0	0	1	-44	0	-1
15	0	0	0	0	0	0	1	-44	0	-1
15	0	0	0	0	0	0	1	-44	0	-1
15	0	0	0	0	0	0	1	-44	0	-1
15	0	0	0	0	0	0	1	-44	0	-1
15	0	0	0	0	0	0	1	-44	0	-1
15	0	0	0	0	0	0	1	-44	0	-1
15	0	0	0	0	0	-1	1	-44	0	-1
15	0	0	0	0	0	-1	1	-44	0	-1
15	0	0	0	0	0	-1	1	-44	0	-1
15	0	0	0	0	0	-1	1	-44	0	-1
15	0	0	0	0	0	-1	1	-44	0	-1
15	0	0	0	0	0	-1	1	-44	0	-1
15	0	0	0	0	0	-1	1	-44	0	-1
15	0	0	0	0	0	-1	1	-44	0	-1
15	0	0	0	0	0	-1	1	-43	0	-1
15	0	0	0	0	0	-1	1	-43	0	-1
15	0	0	0	0	0	-1	1	-43	0	-1
15	0	0	0	0	0	-1	1	-43	0	-1
15	0	0	0	0	0	-1	1	-43	0	-1
15	0	0	0	0	0	0	2	-43	0	-1
15	0	0	0	0	0	0	2	-43	0	-1
15	0	0	0	0	0	0	2	-43	0	-1
15	0	0	0	0	0	0	2	-43	0	-1
15	0	0	0	0	0	0	2	-43	0	-1
15	0	0	0	0	0	0	2	-43	0	-1
15	0	0	0	0	0	-1	1	-43	0	-1
15	0	0	0	0	0	-1	1	-43	0	-1
15	0	0	0	0	0	-1	1	-43	0	-1
15	0	0	0	0	0	-1	1	-43	0	-1
15	0	0	0	0	0	-1	1	-43	0	-1
15	0	0	0	0	0	-1	1	-43	0	-1
15	0	0	0	0	0	-1	1	-43	0	-1
15	0	0	0	0	0	-1	1	-43	0	-1
15	0	0	0	0	0	-2	2	-43	0	-1
15	0	0	0	0	0	-2	2	-43	0	-1
15	0	0	0	0	0	-2	2	-43	0	-1
15	0	0	0	0	0	-2	2	-43	0	-1
15	0	0	0	0	0	-2	2	-43	0	-1
15	0	0	0	0	0	-1	1	-43	0	-1
15	0	0	0	0	0	-1	1	-43	0	-1
15	0	0	0	0	0	-1	1	-43	0	-1
15	0	0	0	0	0	-1	1	-43	0	-1
15	0	0	0	0	0	-1	1	-43	0	-1
15	0	0	0	0	0	-1	1	-43	0	-1
15	0	0	0	0	0	-1	2	-43	0	-1
15	0	0	0	0	0	-1	2	-43	0	-1
15	0	0	0	0	0	-1	2	-43	0	-1
15	0	0	0	0	0	-1	2	-43	0	-1
15	0	0	0	0	0	-1	2	-43	0	-1
15	0	0	0	0	0	-1	2	-43	0	-1
15	0	0	0	0	0	-1	2	-43	0	-1
15	0	0	0	0	0	-1	2	-43	0	-1
15	0	0	0	0	0	-2	2	-43	0	-1
15	0	0	0	0	0	-2	2	-43	0	-1
15	0	0	0	0	0	-2	2	-43	0	-1
15	0	0	0	0	0	-2	2	-43	0	-1
15	0	0	0	0	0	-2	2	-43	0	-1
15	0	0	0	0	0	-1	2	-42	0	-1
15	0	0	0	0	0	-1	2	-42	0	-1
15	0	0	0	0	0	-1	2	-42	0	-1
15	0	0	0	0	0	-1	2	-42	0	-1
15	0	0	0	0	0	-1	2	-42	0	-1
15	0	0	0	0	0	-1	2	-42	0	-1
15	0	0	0	0	0	-1	2	-42	0	-1
15	0	0	0	0	0	-1	2	-42	0	-1
15	0	0	0	0	0	-1	2	-42	0	-1
15	0	0	0	0	0	-1	2	-42	0	-1
15	0	0	0	0	0	-1	2	-42	0	-1
15	0	0	0	0	0	-1	2	-42	0	-1
15	0	0	0	0	0	-1	2	-42	0	-1
15	0	0	0	0	0	-1	2	-42	0	-1
15	0	0	0	0	0	-1	2	-42	0	-1
15	0	0	0	0	0	-1	2	-42	0	-1
15	0	0	0	0	0	-1	2	-42	0	-1
15	0	0	0	0	0	-1	2	-42	0	-1
15	0	0	0	0	0	-1	2	-42	0	-1
15	0	0	0	0	0	-1	2	-42	0	-1
15	0	0	0	0	0	-1	2	-42	0	-1
15	0	0	0	0	0	-1	2	-42	0	-1
15	0	0	0	0	0	-1	2	-42	0	-1
15	0	0	0	0	0	-1	2	-42	0	-1
15	0	0	0	0	0	-1	2	-42	0	-1
15	0	0	0	0	0	-1	2	-41	0	-1
15	0	0	0	0	0	-1	2	-41	0	-1
15	0	0	0	0	0	-1	2	-41	0	-1
15	0	0	0	0	0	-1	2	-41	0	-1
15	0	0	0	0	0	-1	2	-41	0	-1
15	0	0	0	0	0	-1	2	-42	0	-1
15	0	0	0	0	0	-1	2	-42	0	-1
15	0	0	0	0	0	-1	2	-42	0	-1
15	0	0	0	0	0	-1	2	-41	0	-1
15	0	0	0	0	0	-1	2	-41	0	-1
15	0	0	0	0	0	-1	2	-41	0	-1
15	0	0	0	0	0	-1	2	-41	0	-1
15	0	0	0	0	0	-1	2	-41	0	-1
15	0	0	0	0	0	-1	2	-42	0	-1
15	0	0	0	0	0	-1	2	-42	0	-1
15	0	0	0	0	0	-1	2	-42	0	-1
15	0	0	0	0	0	-1	2	-42	0	-1
15	0	0	0	0	0	-1	2	-42	0	-1
15	0	0	0	0	0	-1	2	-42	0	-1
15	0	0	0	0	0	0	2	-42	0	-1
15	0	0	0	0	0	0	2	-42	0	-1
15	0	0	0	0	0	0	2	-42	0	-1
15	0	0	0	0	0	0	2	-42	0	-1
15	0	0	0	0	0	0	2	-42	0	-1
15	0	0	0	0	0	-1	2	-42	0	-1
15	0	0	0	0	0	-1	2	-42	0	-1
15	0	0	0	0	0	-1	2	-42	0	-1
15	0	0	0	0	0	-1	2	-42	0	-1
15	0	0	0	0	0	-1	2	-42	0	-1
15	0	0	0	0	0	-1	2	-42	0	-1
15	0	0	0	0	0	-1	2	-42	0	-1
15	0	0	0	0	0	-1	2	-42	0	-1
15	0	0	0	0	0	0	3	-42	0	-1
15	0	0	0	0	0	0	3	-42	0	-1
15	0	0	0	0	0	0	3	-42	0	-1
15	0	0	0	0	0	0	3	-42	0	-1
15	0	0	0	0	0	0	3	-42	0	-1
15	0	0	0	0	0	0	3	-42	0	-1
15	0	0	0	0	0	0	2	-42	0	-1
15	0	0	0	0	0	0	2	-42	0	-1
15	0	0	0	0	0	0	2	-42	0	-1
15	0	0	0	0	0	0	2	-42	0	-1
15	0	0	0	0	0	0	2	-42	0	-1
15	0	0	0	0	0	-1	2	-42	0	-1
15	0	0	0	0	0	-1	2	-42	0	-1
15	0	0	0	0	0	-1	2	-42	0	-1
15	0	0	0	0	0	-1	2	-42	0	-1
15	0	0	0	0	0	-1	2	-42	0	-1
15	0	0	0	0	0	-1	2	-42	0	-1
15	0	0	0	0	0	-1	2	-42	0	-1
15	0	0	0	0	0	-1	2	-42	0	-1
15	0	0	0	0	0	-1	2	-42	0	-1
15	0	0	0	0	0	-1	2	-42	0	-1
15	0	0	0	0	0	-1	2	-42	0	-1
15	0	0	0	0	0	-1	2	-42	0	-1
15	0	0	0	0	0	-1	2	-42	0	-1
15	0	0	0	0	0	-1	2	-42	0	-1
15	0	0	0	0	0	-1	2	-42	0	-1
15	0	0	0	0	0	-1	2	-42	0	-1
15	0	0	0	0	0	-1	2	-42	0	-1
15	0	0	0	0	0	-1	2	-42	0	-1
15	0	0	0	0	0	-1	2	-42	0	-1
15	0	0	0	0	0	0	2	-41	0	-1
15	0	0	0	0	0	0	2	-41	0	-1
15	0	0	0	0	0	0	2	-41	0	-1
15	0	0	0	0	0	0	2	-41	0	-1
15	0	0	0	0	0	0	2	-41	0	-1
15	0	0	0	0	0	0	2	-41	0	-1
15	0	0	0	0	0	0	2	-41	0	-1
15	0	0	0	0	0	0	2	-41	0	-1
15	0	0	0	0	0	0	2	-41	0	-1
15	0	0	0	0	0	0	2	-41	0	-1
15	0	0	0	0	0	0	2	-41	0	-1
15	0	0	0	0	0	0	2	-41	0	-1
15	0	0	0	0	0	0	2	-41	0	-1
15	0	0	0	0	0	0	2	-41	0	-1
15	0	0	0	0	0	-1	2	-41	0	-1
15	0	0	0	0	0	-1	2	-41	0	-1
15	0	0	0	0	0	-1	2	-41	0	-1
15	0	0	0	0	0	-1	2	-41	0	-1
15	0	0	0	0	0	-1	2	-41	0	-1
15	0	0	0	0	0	-1	2	-41	0	-1
15	0	0	0	0	0	-1	2	-41	0	-1
15	0	0	0	0	0	-1	2	-41	0	-1
15	0	0	0	0	0	-1	2	-41	0	-1
15	0	0	0	0	0	-1	2	-41	0	-1
15	0	0	0	0	0	-1	2	-41	0	-1
15	0	0	0	0	0	-1	2	-41	0	-1
15	0	0	0	0	0	-1	2	-41	0	-1
15	0	0	0	0	0	-1	2	-41	0	-1
15	0	0	0	0	0	-1	2	-41	0	-1
15	0	0	0	0	0	-1	2	-41	0	-1
15	0	0	0	0	0	-1	2	-41	0	-1
15	0	0	0	0	0	-1	2	-41	0	-1
15	0	0	0	0	0	-1	2	-41	0	-1
15	0	0	0	0	0	-1	2	-41	0	-1
15	0	0	0	0	0	-1	2	-41	0	-1
15	0	0	0	0	0	-1	2	-41	0	-1
15	0	0	0	0	0	-1	2	-41	0	-1
15	0	0	0	0	0	-1	2	-41	0	-1
15	0	0	0	0	0	-1	2	-41	0	-1
15	0	0	0	0	0	-1	2	-41	0	-1
15	0	0	0	0	0	-1	2	-41	0	-1
15	0	0	0	0	0	-1	2	-41	0	-1
15	0	0	0	0	0	-1	2	-41	0	-1
15	0	0	0	0	0	-1	2	-41	0	-1
15	0	0	0	0	0	-1	2	-41	0	-1
15	0	0	0	0	0	-1	2	-41	0	-1
15	0	0	0	0	0	-1	2	-41	0	-1
15	0	0	0	0	0	-1	2	-41	0	-1
15	0	0	0	0	0	-1	2	-41	0	-1
15	0	0	0	0	0	-1	2	-41	0	-1
15	0	0	0	0	0	-1	2	-41	0	-1
15	0	0	0	0	0	-1	2	-41	0	-1
15	0	0	0	0	0	-1	2	-41	0	-1
15	0	0	0	0	0	-1	2	-41	0	-1
15	0	0	0	0	0	-1	2	-41	0	-1
15	0	0	0	0	0	-1	2	-41	0	-1
15	0	0	0	0	0	-1	2	-41	0	-1
15	0	0	0	0	0	-1	2	-41	0	-1
15	0	0	0	0	0	-1	2	-41	0	-1
15	0	0	0	0	0	-1	2	-41	0	-1
15	0	0	0	0	0	-1	2	-41	0	-1
15	0	0	0	0	0	-1	2	-41	0	-1
15	0	0	0	0	0	-1	2	-41	0	-1
15	0	0	0	0	0	-1	2	-41	0	-1
15	0	0	0	0	0	-1	2	-41	0	-1
15	0	0	0	0	0	-1	2	-41	0	-1
15	0	0	0	0	0	-1	2	-41	0	-1
15	0	0	0	0	0	-1	2	-41	0	-1
15	0	0	0	0	0	-1	2	-41	0	-1
15	0	0	0	0	0	-1	2	-41	0	-1
15	0	0	0	0	0	-1	2	-41	0	-1
15	0	0	0	0	0	-1	2	-41	0	-1
15	0	0	0	0	0	-1	2	-41	0	-1
15	0	0	0	0	0	-1	2	-41	0	-1
15	0	0	0	0	0	-1	2	-41	0	-1
15	0	0	0	0	0	-1	2	-41	0	-1
15	0	0	0	0	0	-1	2	-41	0	-1
15	0	0	0	0	0	-1	2	-41	0	-1
15	0	0	0	0	0	-1	2	-41	0	-1
15	0	0	0	0	0	-1	2	-41	0	-1
15	0	0	0	0	0	-1	2	-41	0	-1
15	0	0	0	0	0	-1	2	-41	0	-1
15	0	0	0	0	0	-1	2	-41	0	-1
15	0	0	0	0	0	-1	2	-41	0	-1
15	0	0	0	0	0	-1	2	-41	0	-1
15	0	0	0	0	0	-1	2	-41	0	-1
15	0	0	0	0	0	-1	2	-41	0	-1
15	0	0	0	0	0	-1	2	-41	0	-1
15	0	0	0	0	0	-1	2	-41	0	-1
15	0	0	0	0	0	-1	2	-41	0	-1
15	0	0	0	0	0	-1	2	-41	0	-1
15	0	0	0	0	0	-1	2	-41	0	-1
15	0	0	0	0	0	-1	2	-41	0	-1
15	0	0	0	0	0	-1	2	-41	0	-1
15	0	0	0	0	0	-1	2	-41	0	-1
15	0	0	0	0	0	-1	2	-41	0	-1
15	0	0	0	0	0	-1	2	-41	0	-1
15	0	0	0	0	0	-1	2	-41	0	-1
15	0	0	0	0	0	-1	2	-41	0	-1
15	0	0	0	0	0	-1	2	-41	0	-1
15	0	0	0	0	0	-1	2	-41	0	-1
15	0	0	0	0	0	-1	2	-41	0	-1
15	0	0	0	0	0	-1	2	-41	0	-1
15	0	0	0	0	0	-1	2	-41	0	-1
15	0	0	0	0	0	-1	2	-41	0	-1
15	0	0	0	0	0	-1	2	-41	0	-1
15	0	0	0	0	0	-1	2	-41	0	-1
15	0	0	0	0	0	-1	2	-41	0	-1
15	0	0	0	0	0	-1	2	-41	0	-1
15	0	0	0	0	0	-1	2	-41	0	-1
15	0	0	0	0	0	-1	2	-41	0	-1
15	0	0	0	0	0	-1	2	-41	0	-1
15	0	0	0	0	0	-1	2	-41	0	-1
15	0	0	0	0	0	-1	2	-41	0	-1
15	0	0	0	0	0	-1	2	-41	0	-1
15	0	0	0	0	0	-1	2	-41	0	-1
15	0	0	0	0	0	-1	2	-41	0	-1
15	0	0	0	0	0	-1	2	-41	0	-1
15	0	0	0	0	0	-1	2	-41	0	-1
15	0	0	0	0	0	-1	2	-41	0	-1
15	0	0	0	0	0	-1	2	-41	0	-1
15	0	0	0	0	0	-1	2	-41	0	-1
15	0	0	0	0	0	-1	2	-41	0	-1
15	0	0	0	0	0	-1	2	-41	0	-1
15	0	0	0	0	0	-1	2	-41	0	-1
15	0	0	0	0	0	-1	2	-41	0	-1
15	0	0	0	0	0	-1	2	-41	0	-1
15	0	0	0	0	0	-1	2	-41	0	-1
15	0	0	0	0	0	-1	2	-41	0	-1
15	0	0	0	0	0	-1	2	-41	0	-1
15	0	0	0	0	0	-1	2	-41	0	-1
15	0	0	0	0	0	-1	2	-41	0	-1
15	0	0	0	0	0	-1	2	-41	0	-1
15	0	0	0	0	0	-1	2	-41	0	-1
15	0	0	0	0	0	-1	2	-41	0	-1
15	0	0	0	0	0	-1	2	-41	0	-1
15	0	0	0	0	0	-1	2	-41	0	-1
15	0	0	0	0	0	-1	2	-41	0	-1
15	0	0	0	0	0	-1	2	-41	0	-1
15	0	0	0	0	0	-1	2	-41	0	-1
15	0	0	0	0	0	-1	2	-41	0	-1
15	0	0	0	0	0	-1	2	-41	0	-1
15	0	0	0	0	0	-1	2	-41	0	-1
15	0	0	0	0	0	-1	2	-41	0	-1
15	0	0	0	0	0	-1	2	-41	0	-1
15	0	0	0	0	0	-1	2	-41	0	-1
15	0	0	0	0	0	-1	2	-41	0	-1
15	0	0	0	0	0	-1	2	-41	0	-1
15	0	0	0	0	0	-1	2	-41	0	-1
15	0	0	0	0	0	-1	2	-41	0	-1
15	0	0	0	0	0	-1	2	-41	0	-1
15	0	0	0	0	0	-1	2	-41	0	-1
15	0	0	0	0	0	-1	2	-41	0	-1
15	0	0	0	0	0	-1	2	-41	0	-1
15	0	0	0	0	0	-1	2	-41	0	-1
15	0	0	0	0	0	-1	2	-41	0	-1
15	0	0	0	0	0	-1	2	-41	0	-1
15	0	0	0	0	0	-1	2	-41	0	-1
15	0	0	0	0	0	-1	2	-41	0	-1
15	0	0	0	0	0	-1	2	-41	0	-1
15	0	0	0	0	0	-1	2	-41	0	-1
15	0	0	0	0	0	-1	2	-41	0	-1
15	0	0	0	0	0	-1	2	-41	0	-1
15	0	0	0	0	0	-1	2	-41	0	-1
15	0	0	0	0	0	-1	2	-41	0	-1
15	0	0	0	0	0	-1	2	-41	0	-1
15	0	0	0	0	0	-1	2	-41	0	-1
15	0	0	0	0	0	-1	2	-41	0	-1
15	0	0	0	0	0	-1	2	-41	0	-1
15	0	0	0	0	0	-1	2	-41	0	-1
15	0	0	0	0	0	-1	2	-41	0	-1
15	0	0	0	0	0	-1	2	-41	0	-1
15	0	0	0	0	0	-1	2	-41	0	-1
15	0	0	0	0	0	-1	2	-41	0	-1
15	0	0	0	0	0	-1	2	-41	0	-1
15	0	0	0	0	0	-1	2	-41	0	-1
15	0	0	0	0	0	-1	2	-41	0	-1
15	0	0	0	0	0	-1	2	-41	0	-1
15	0	0	0	0	0	-1	2	-41	0	-1
15	0	0	0	0	0	-1	2	-41	0	-1
15	0	0	0	0	0	-1	2	-41	0	-1
15	0	0	0	0	0	-1	2	-41	0	-1
15	0	0	0	0	0	-1	2	-41	0	-1
15	0	0	0	0	0	-1	2	-41	0	-1
15	0	0	0	0	0	-1	2	-41	0	-1
15	0	0	0	0	0	-1	2	-41	0	-1
15	0	0	0	0	0	-1	2	-41	0	-1
15	0	0	0	0	0	-1	2	-41	0	-1
15	0	0	0	0	0	-1	2	-41	0	-1
15	0	0	0	0	0	-1	2	-41	0	-1
15	0	0	0	0	0	-1	2	-41	0	-1
15	0	0	0	0	0	-1	2	-41	0	-1
15	0	0	0	0	0	-1	2	-41	0	-1
15	0	0	0	0	0	-1	2	-41	0	-1
15	0	0	0	0	0	-1	2	-41	0	-1
15	0	0	0	0	0	-1	2	-41	0	-1
15	0	0	0	0	0	-1	2	-41	0	-1
15	0	0	0	0	0	-1	2	-41	0	-1
15	0	0	0	0	0	-1	2	-41	0	-1
15	0	0	0	0	0	-1	2	-41	0	-1
15	0	0	0	0	0	-1	2	-41	0	-1
15	0	0	0	0	0	-1	2	-41	0	-1
15	0	0	0	0	0	-1	2	-41	0	-1
15	0	0	0	0	0	-1	2	-41	0	-1
15	0	0	0	0	0	-1	2	-41	0	-1
15	0	0	0	0	0	-1	2	-41	0	-1
15	0	0	0	0	0	-1	2	-41	0	-1
15	0	0	0	0	0	-1	2	-41	0	-1
15	0	0	0	0	0	-1	2	-41	0	-1
15	0	0	0	0	0	-1	2	-41	0	-1
15	0	0	0	0	0	-1	2	-41	0	-1
15	0	0	0	0	0	-1	2	-41	0	-1
15	0	0	0	0	0	-1	2	-41	0	-1
15	0	0	0	0	0	-1	2	-41	0	-1
15	0	0	0	0	0	-1	2	-41	0	-1
15	0	0	0	0	0	-1	2	-41	0	-1
15	0	0	0	0	0	-1	2	-41	0	-1
15	0	0	0	0	0	-1	2	-41	0	-1
15	0	0	0	0	0	-1	2	-41	0	-1
15	0	0	0	0	0	-1	2	-41	0	-1
15	0	0	0	0	0	-1	2	-41	0	-1
15	0	0	0	0	0	-1	2	-41	0	-1
15	0	0	0	0	0	-1	2	-41	0	-1
15	0	0	0	0	0	-1	2	-41	0	-1
15	0	0	0	0	0	-1	2	-41	0	-1
15	0	0	0	0	0	-1	2	-41	0	-1
15	0	0	0	0	0	-1	2	-41	0	-1
15	0	0	0	0	0	-1	2	-41	0	-1
15	0	0	0	0	0	-1	2	-41	0	-1
15	0	0	0	0	0	-1	2	-41	0	-1
15	0	0	0	0	0	-1	2	-41	0	-1
15	0	0	0	0	0	-1	2	-41	0	-1
15	0	0	0	0	0	-1	2	-41	0	-1
15	0	0	0	0	0	-1	2	-41	0	-1
15	0	0	0	0	0	-1	2	-41	0	-1
15	0	0	0	0	0	-1	2	-41	0	-1
15	0	0	0	0	0	-1	2	-41	0	-1
15	0	0	0	0	0	-1	2	-41	0	-1
15	0	0	0	0	0	-1	2	-41	0	-1
15	0	0	0	0	0	-1	2	-41	0	-1
15	0	0	0	0	0	-1	2	-41	0	-1
15	0	0	0	0	0	-1	2	-41	0	-1
15	0	0	0	0	0	-1	2	-41	0	-1
15	0	0	0	0	0	-1	2	-41	0	-1
15	0	0	0	0	0	-1	2	-41	0	-1
15	0	0	0	0	0	-1	2	-41	0	-1
15	0	0	0	0	0	-1	2	-41	0	-1
15	0	0	0	0	0	-1	2	-41	0	-1
15	0	0	0	0	0	-1	2	-41	0	-1
15	0	0	0	0	0	-1	2	-41	0	-1
15	0	0	0	0	0	-1	2	-41	0	-1
15	0	0	0	0	0	-1	2	-41	0	-1
15	0	0	0	0	0	-1	2	-41	0	-1
15	0	0	0	0	0	-1	2	-41	0	-1
15	0	0	0	0	0	-1	2	-41	0	-1
15	0	0	0	0	0	-1	2	-41	0	-1
15	0	0	0	0	0	-1	2	-41	0	-1
15	0	0	0	0	0	-1	2	-41	0	-1
15	0	0	0	0	0	-1	2	-41	0	-1
15	0	0	0	0	0	-1	2	-41	0	-1
15	0	0	0	0	0	-1	2	-41	0	-1
15	0	0	0	0	0	-1	2	-41	0	-1
15	0	0	0	0	0	-1	2	-41	0	-1
15	0	0	0	0	0	-1	2	-41	0	-1
15	0	0	0	0	0	-1	2	-41	0	-1
15	0	0	0	0	0	-1	2	-41	0	-1
15	0	0	0	0	0	-1	2	-41	0	-1
15	0	0	0	0	0	-1	2	-41	0	-1
15	0	0	0	0	0	-1	2	-41	0	-1
15	0	0	0	0	0	-1	2	-41	0	-1
15	0	0	0	0	0	-1	2	-41	0	-1
15	0	0	0	0	0	-1	2	-41	0	-1
15	0	0	0	0	0	-1	2	-41	0	-1
15	0	0	0	0	0	-1	2	-41	0	-1
15	0	0	0	0	0	-1	2	-41	0	-1
15	0	0	0	0	0	-1	2	-41	0	-1
15	0	0	0	0	0	-1	2	-41	0	-1
15	0	0	0	0	0	-1	2	-41	0	-1
15	0	0	0	0	0	-1	2	-41	0	-1
15	0	0	0	0	0	-1	2	-41	0	-1
15	0	0	0	0	0	-1	2	-41	0	-1
15	0	0	0	0	0	-1	2	-41	0	-1
15	0	0	0	0	0	-1	2	-41	0	-1
15	0	0	0	0	0	-1	2	-41	0	-1
15	0	0	0	0	0	-1	2	-41	0	-1
15	0	0	0	0	0	-1	2	-41	0	-1
15	0	0	0	0	0	-1	2	-41	0	-1
15	0	0	0	0	0	-1	2	-41	0	-1
15	0	0	0	0	0	-1	2	-41	0	-1
15	0	0	0	0	0	-1	2	-41	0	-1
15	0	0	0	0	0	-1	2	-41	0	-1
15	0	0	0	0	0	-1	2	-41	0	-1
15	0	0	0	0	0	-1	2	-41	0	-1
15	0	0	0	0	0	-1	2	-41	0	-1
15	0	0	0	0	0	-1	2	-41	0	-1
15	0	0	0	0	0	-1	2	-41	0	-1
15	0	0	0	0	0	-1	2	-41	0	-1
15	0	0	0	0	0	-1	2	-41	0	-1
15	0	0	0	0	0	-1	2	-41	0	-1
15	0	0	0	0	0	-1	2	-41	0	-1
15	0	0	0	0	0	-1	2	-41	0	-1
15	0	0	0	0	0	-1	2	-41	0	-1
15	0	0	0	0	0	-1	2	-41	0	-1
15	0	0	0	0	0	-1	2	-41	0	-1
15	0	0	0	0	0	-1	2	-41	0	-1
15	0	0	0	0	0	-1	2	-41	0	-1
15	0	0	0	0	0	-1	2	-41	0	-1
15	0	0	0	0	0	-1	2	-41	0	-1
15	0	0	0	0	0	-1	2	-41	0	-1
15	0	0	0	0	0	-1	2	-41	0	-1
15	0	0	0	0	0	-1	2	-41	0	-1
15	0	0	0	0	0	-1	2	-41	0	-1
15	0	0	0	0	0	-1	2	-41	0	-1
15	0	0	0	0	0	-1	2	-41	0	-1
15	0	0	0	0	0	-1	2	-41	0	-1
15	0	0	0	0	0	-1	2	-41	0	-1
15	0	0	0	0	0	-1	2	-41	0	-1
15	0	0	0	0	0	-1	2	-41	0	-1
15	0	0	0	0	0	-1	2	-41	0	-1
15	0	0	0	0	0	-1	2	-41	0	-1
15	0	0	0	0	0	-1	2	-41	0	-1
15	0	0	0	0	0	-1	2	-41	0	-1
15	0	0	0	0	0	-1	2	-41	0	-1
