bat	flyst.	alt	vx	vy	vz	theta	phi	psi	px	py
0	0	0	0	0	0	0	0	0	0	0
0	0	0	0	0	0	0	0	0	0	0
0	0	0	0	0	0	0	0	0	0	0
0	0	0	0	0	0	0	0	0	0	0
0	0	0	0	0	0	0	0	0	0	0
0	0	0	0	0	0	0	0	0	0	0
0	0	0	0	0	0	0	0	0	0	0
0	0	0	0	0	0	0	0	0	0	0
0	0	0	0	0	0	0	0	0	0	0
0	0	0	0	0	0	0	0	0	0	0
0	0	0	0	0	0	0	0	0	0	0
0	0	0	0	0	0	0	0	0	0	0
0	0	0	0	0	0	0	0	0	0	0
0	0	0	0	0	0	0	0	0	0	0
0	0	0	0	0	0	0	0	0	0	0
0	0	0	0	0	0	0	0	0	0	0
0	0	0	0	0	0	0	0	0	0	0
0	0	0	0	0	0	0	0	0	0	0
0	0	0	0	0	0	0	0	0	0	0
0	0	0	0	0	0	0	0	0	0	0
0	0	0	0	0	0	0	0	0	0	0
0	0	0	0	0	0	0	0	0	0	0
0	0	0	0	0	0	0	0	0	0	0
0	0	0	0	0	0	0	0	0	0	0
0	0	0	0	0	0	0	0	0	0	0
0	0	0	0	0	0	0	0	0	0	0
0	0	0	0	0	0	0	0	0	0	0
0	0	0	0	0	0	0	0	0	0	0
0	0	0	0	0	0	0	0	0	0	0
0	0	0	0	0	0	0	0	0	0	0
0	0	0	0	0	0	0	0	0	0	0
0	0	0	0	0	0	0	0	0	0	0
0	0	0	0	0	0	0	0	0	0	0
0	0	0	0	0	0	0	0	0	0	0
0	0	0	0	0	0	0	0	0	0	0
0	0	0	0	0	0	0	0	0	0	0
0	0	0	0	0	0	0	0	0	0	0
0	0	0	0	0	0	0	0	0	0	0
0	0	0	0	0	0	0	0	0	0	0
0	0	0	0	0	0	0	0	0	0	0
0	0	0	0	0	0	0	0	0	0	0
0	0	0	0	0	0	0	0	0	0	0
0	0	0	0	0	0	0	0	0	0	0
0	0	0	0	0	0	0	0	0	0	0
0	0	0	0	0	0	0	0	0	0	0
0	0	0	0	0	0	0	0	0	0	0
0	0	0	0	0	0	0	0	0	0	0
0	0	0	0	0	0	0	0	0	0	0
0	0	0	0	0	0	0	0	0	0	0
0	0	0	0	0	0	0	0	0	0	0
0	0	0	0	0	0	0	0	0	0	0
0	0	0	0	0	0	0	0	0	0	0
0	0	0	0	0	0	0	0	0	0	0
0	0	0	0	0	0	0	0	0	0	0
0	0	0	0	0	0	0	0	0	0	0
0	0	0	0	0	0	0	0	0	0	0
0	0	0	0	0	0	0	0	0	0	0
0	0	0	0	0	0	0	0	0	0	0
0	0	0	0	0	0	0	0	0	0	0
0	0	0	0	0	0	0	0	0	0	0
0	0	0	0	0	0	0	0	0	0	0
0	0	0	0	0	0	0	0	0	0	0
0	0	0	0	0	0	0	0	0	0	0
0	0	0	0	0	0	0	0	0	0	0
0	0	0	0	0	0	0	0	0	0	0
0	0	0	0	0	0	0	0	0	0	0
0	0	0	0	0	0	0	0	0	0	0
0	0	0	0	0	0	0	0	0	0	0
0	0	0	0	0	0	0	0	0	0	0
0	0	0	0	0	0	0	0	0	0	0
0	0	0	0	0	0	0	0	0	0	0
0	0	0	0	0	0	0	0	0	0	0
0	0	0	0	0	0	0	0	0	0	0
0	0	0	0	0	0	0	0	0	0	0
0	0	0	0	0	0	0	0	0	0	0
44	0	0	0	0	0	0	1	-109	0	0
44	0	0	0	0	0	0	1	-109	0	0
44	0	0	0	0	0	0	1	-109	0	0
44	0	0	0	0	0	0	1	-109	0	0
44	0	0	0	0	0	0	1	-109	0	0
44	0	0	0	0	0	0	1	-109	0	0
44	0	0	0	0	0	0	1	-109	0	0
44	0	0	0	0	0	0	1	-109	0	0
44	0	0	0	0	0	0	1	-109	0	0
44	0	0	0	0	0	0	1	-109	0	0
44	0	0	0	0	0	0	1	-109	0	0
44	0	0	0	0	0	0	1	-109	0	0
44	0	0	0	0	0	0	1	-109	0	0
44	0	0	0	0	0	0	1	-109	0	0
44	0	0	0	0	0	0	1	-109	0	0
44	0	0	0	0	0	0	1	-109	0	0
44	0	0	0	0	0	0	1	-109	0	0
44	0	0	0	0	0	0	1	-109	0	0
44	0	0	0	0	0	0	1	-109	0	0
44	0	0	0	0	0	0	1	-109	0	0
44	0	0	0	0	0	0	1	-109	0	0
44	0	0	0	0	0	0	1	-109	0	0
44	0	0	0	0	0	0	1	-109	0	0
44	0	0	0	0	0	0	1	-109	0	0
44	0	0	0	0	0	0	1	-109	0	0
44	0	0	0	0	0	0	1	-109	0	0
44	0	0	0	0	0	0	1	-109	0	0
44	0	0	0	0	0	0	1	-109	0	0
44	0	0	0	0	0	0	1	-109	0	0
44	0	0	0	0	0	0	1	-109	0	0
44	0	0	0	0	0	0	1	-109	0	0
44	0	0	0	0	0	0	1	-109	0	0
44	0	0	0	0	0	0	1	-109	0	0
44	0	0	0	0	0	0	1	-109	0	0
44	0	0	0	0	0	0	1	-109	0	0
44	0	0	0	0	0	0	1	-109	0	0
44	0	0	0	0	0	0	1	-109	0	0
44	0	0	0	0	0	0	1	-109	0	0
44	0	0	0	0	0	0	1	-109	0	0
44	0	0	0	0	0	0	1	-109	0	0
44	0	0	0	0	0	0	1	-109	0	0
44	0	0	0	0	0	0	1	-109	0	0
44	0	0	0	0	0	0	1	-109	0	0
44	0	0	0	0	0	0	1	-109	0	0
44	0	0	0	0	0	0	1	-109	0	0
44	0	0	0	0	0	0	1	-109	0	0
44	0	0	0	0	0	0	1	-109	0	0
44	0	0	0	0	0	0	1	-109	0	0
44	0	0	0	0	0	0	1	-109	0	0
44	0	0	0	0	0	0	1	-109	0	0
44	0	0	0	0	0	0	1	-109	0	0
44	0	0	0	0	0	0	1	-109	0	0
44	0	0	0	0	0	0	1	-109	0	0
44	0	0	0	0	0	0	1	-109	0	0
44	0	0	0	0	0	0	1	-109	0	0
44	0	0	0	0	0	0	1	-109	0	0
44	0	0	0	0	0	0	1	-109	0	0
44	0	0	0	0	0	0	1	-109	0	0
44	0	0	0	0	0	0	1	-109	0	0
44	0	0	0	0	0	0	1	-109	0	0
44	0	0	0	0	0	0	1	-109	0	0
44	0	0	0	0	0	0	1	-109	0	0
44	0	0	0	0	0	0	1	-109	0	0
44	0	0	0	0	0	0	1	-109	0	0
44	0	0	0	0	0	0	1	-109	0	0
44	0	0	0	0	0	0	1	-109	0	0
44	0	0	0	0	0	0	1	-109	0	0
44	0	0	0	0	0	0	1	-109	0	0
44	0	0	0	0	0	0	1	-109	0	0
44	0	0	0	0	0	0	1	-109	0	0
44	0	0	0	0	0	0	1	-109	0	0
44	0	0	0	0	0	0	1	-109	0	0
44	0	0	0	0	0	0	1	-109	0	0
44	0	0	0	0	0	0	1	-110	0	0
44	0	0	0	0	0	0	1	-110	0	0
44	0	0	0	0	0	0	1	-110	0	0
44	0	0	0	0	0	0	1	-110	0	0
44	0	0	0	0	0	0	1	-110	0	0
44	0	0	0	0	0	0	1	-110	0	0
44	0	0	0	0	0	0	1	-110	0	0
44	0	0	0	0	0	0	1	-110	0	0
44	0	0	0	0	0	0	1	-110	0	0
44	0	0	0	0	0	0	1	-110	0	0
44	0	0	0	0	0	0	1	-110	0	0
44	0	0	0	0	0	0	1	-110	0	0
44	0	0	0	0	0	0	1	-110	0	0
44	0	0	0	0	0	0	1	-110	0	0
44	0	0	0	0	0	0	1	-110	0	0
44	0	0	0	0	0	0	1	-110	0	0
44	0	0	0	0	0	0	1	-110	0	0
44	0	0	0	0	0	0	1	-110	0	0
44	0	0	0	0	0	0	1	-110	0	0
44	0	0	0	0	0	0	1	-110	0	0
44	0	0	0	0	0	0	1	-110	0	0
44	0	0	0	0	0	0	1	-110	0	0
44	0	0	0	0	0	0	1	-110	0	0
44	0	0	0	0	0	0	1	-110	0	0
44	0	0	0	0	0	0	1	-110	0	0
44	0	0	0	0	0	0	1	-110	0	0
44	0	0	0	0	0	0	1	-110	0	0
44	0	0	0	0	0	0	1	-110	0	0
44	0	0	0	0	0	0	1	-110	0	0
44	0	0	0	0	0	0	1	-110	0	0
44	0	0	0	0	0	0	1	-110	0	0
44	0	0	0	0	0	0	1	-110	0	0
44	0	0	0	0	0	0	1	-110	0	0
44	0	0	0	0	0	0	1	-110	0	0
44	0	0	0	0	0	0	1	-110	0	0
44	0	0	0	0	0	0	1	-110	0	0
44	0	0	0	0	0	0	1	-110	0	0
44	0	0	0	0	0	0	1	-110	0	0
44	0	0	0	0	0	0	1	-110	0	0
44	0	0	0	0	0	0	1	-110	0	0
44	0	0	0	0	0	0	1	-110	0	0
44	0	0	0	0	0	0	1	-110	0	0
44	0	0	0	0	0	0	1	-110	0	0
44	0	0	0	0	0	0	1	-110	0	0
44	0	0	0	0	0	0	1	-110	0	0
44	0	0	0	0	0	0	1	-110	0	0
44	0	0	0	0	0	0	1	-110	0	0
44	0	0	0	0	0	0	1	-110	0	0
44	0	0	0	0	0	0	1	-110	0	0
44	0	0	0	0	0	0	1	-110	0	0
44	0	0	0	0	0	0	1	-110	0	0
44	0	0	0	0	0	0	1	-110	0	0
44	0	0	0	0	0	0	1	-110	0	0
44	0	0	0	0	0	0	1	-110	0	0
44	0	0	0	0	0	0	1	-110	0	0
44	0	0	0	0	0	0	1	-110	0	0
44	0	0	0	0	0	0	1	-110	0	0
44	0	0	0	0	0	0	1	-110	0	0
44	0	0	0	0	0	0	1	-110	0	0
44	0	0	0	0	0	0	1	-110	0	0
44	0	0	0	0	0	0	1	-110	0	0
44	0	0	0	0	0	0	1	-110	0	0
44	0	0	0	0	0	0	1	-110	0	0
44	0	0	0	0	0	0	1	-110	0	0
44	0	0	0	0	0	0	1	-110	0	0
44	0	0	0	0	0	0	1	-110	0	0
44	0	0	0	0	0	0	1	-110	0	0
44	0	0	0	0	0	0	1	-110	0	0
44	0	0	0	0	0	0	1	-110	0	0
44	0	0	0	0	0	0	1	-110	0	0
44	0	0	0	0	0	0	1	-110	0	0
44	0	0	0	0	0	0	1	-110	0	0
44	0	0	0	0	0	0	1	-110	0	0
44	0	0	0	0	0	0	1	-110	0	0
44	0	0	0	0	0	0	1	-110	0	0
44	0	0	0	0	0	0	1	-110	0	0
44	0	0	0	0	0	0	1	-110	0	0
44	0	0	0	0	0	0	1	-110	0	0
44	0	0	0	0	0	0	1	-110	0	0
44	0	0	0	0	0	0	1	-110	0	0
44	0	0	0	0	0	0	1	-110	0	0
44	0	0	0	0	0	0	1	-110	0	0
44	0	0	0	0	0	0	1	-110	0	0
44	0	0	0	0	0	0	1	-110	0	0
44	0	0	0	0	0	0	1	-110	0	0
44	0	0	0	0	0	0	1	-110	0	0
44	0	0	0	0	0	0	1	-110	0	0
44	0	0	0	0	0	0	1	-110	0	0
44	0	0	0	0	0	0	1	-110	0	0
44	0	0	0	0	0	0	1	-110	0	0
44	0	0	0	0	0	0	1	-110	0	0
44	0	0	0	0	0	0	1	-110	0	0
44	0	0	0	0	0	-1	1	-110	0	0
44	0	0	0	0	0	-1	1	-110	0	0
44	0	0	0	0	0	-1	1	-110	0	0
44	0	0	0	0	0	-1	1	-110	0	0
44	0	0	0	0	0	-1	1	-110	0	0
44	0	0	0	0	0	-1	1	-110	0	0
44	0	0	0	0	0	-1	1	-110	0	0
44	0	0	0	0	0	-1	1	-110	0	0
44	0	0	0	0	0	-1	1	-110	0	0
44	0	0	0	0	0	-1	1	-110	0	0
44	0	0	0	0	0	-1	1	-110	0	0
44	0	0	0	0	0	-1	1	-110	0	0
44	0	0	0	0	0	-1	1	-110	0	0
44	0	0	0	0	0	-1	1	-110	0	0
44	0	0	0	0	0	-1	1	-110	0	0
44	0	0	0	0	0	-1	1	-110	0	0
44	0	0	0	0	0	-1	1	-110	0	0
44	0	0	0	0	0	-1	1	-110	0	0
44	0	0	0	0	0	-1	1	-110	0	0
44	0	0	0	0	0	-1	1	-110	0	0
44	0	0	0	0	0	-1	1	-110	0	0
44	0	0	0	0	0	-1	1	-110	0	0
44	0	0	0	0	0	-1	1	-110	0	0
44	0	0	0	0	0	-1	1	-110	0	0
44	0	0	0	0	0	-1	1	-110	0	0
44	0	0	0	0	0	-1	1	-110	0	0
44	0	0	0	0	0	-1	1	-110	0	0
44	0	0	0	0	0	-1	1	-110	0	0
44	0	0	0	0	0	-1	1	-110	0	0
44	0	0	0	0	0	-1	1	-110	0	0
44	0	0	0	0	0	-1	1	-110	0	0
44	0	0	0	0	0	-1	1	-110	0	0
44	0	0	0	0	0	-1	1	-110	0	0
44	0	0	0	0	0	-1	1	-110	0	0
44	0	0	0	0	0	-1	1	-110	0	0
44	0	0	0	0	0	-1	1	-110	0	0
44	0	0	0	0	0	-1	1	-110	0	0
44	0	0	0	0	0	-1	1	-110	0	0
44	0	0	0	0	0	-1	1	-110	0	0
44	0	0	0	0	0	-1	1	-110	0	0
44	0	0	0	0	0	-1	1	-110	0	0
44	0	0	0	0	0	-1	1	-110	0	0
44	0	0	0	0	0	0	1	-110	0	0
44	0	0	0	0	0	0	1	-110	0	0
44	0	0	0	0	0	0	1	-110	0	0
44	0	0	0	0	0	0	1	-110	0	0
44	0	0	0	0	0	0	1	-110	0	0
44	0	0	0	0	0	0	1	-110	0	0
44	0	0	0	0	0	0	1	-110	0	0
44	0	0	0	0	0	0	1	-110	0	0
44	0	0	0	0	0	0	1	-110	0	0
44	0	0	0	0	0	0	1	-110	0	0
44	0	0	0	0	0	0	1	-110	0	0
44	0	0	0	0	0	0	1	-110	0	0
44	0	0	0	0	0	0	1	-110	0	0
44	0	0	0	0	0	0	1	-110	0	0
44	0	0	0	0	0	0	1	-110	0	0
44	0	0	0	0	0	0	1	-110	0	0
44	0	0	0	0	0	0	1	-110	0	0
44	0	0	0	0	0	0	1	-110	0	0
44	0	0	0	0	0	0	1	-110	0	0
44	0	0	0	0	0	0	1	-110	0	0
44	0	0	0	0	0	0	1	-110	0	0
44	0	0	0	0	0	0	1	-110	0	0
44	0	0	0	0	0	0	1	-110	0	0
44	0	0	0	0	0	0	1	-110	0	0
44	0	0	0	0	0	0	1	-110	0	0
44	0	0	0	0	0	0	1	-110	0	0
44	0	0	0	0	0	0	1	-110	0	0
44	0	0	0	0	0	0	1	-110	0	0
44	0	0	0	0	0	0	1	-110	0	0
44	0	0	0	0	0	0	1	-110	0	0
44	0	0	0	0	0	0	1	-110	0	0
44	0	0	0	0	0	0	1	-110	0	0
44	0	0	0	0	0	0	1	-110	0	0
44	0	0	0	0	0	0	1	-110	0	0
44	0	0	0	0	0	0	1	-110	0	0
44	0	0	0	0	0	0	1	-110	0	0
44	0	0	0	0	0	0	1	-110	0	0
44	0	0	0	0	0	0	1	-110	0	0
44	0	0	0	0	0	0	1	-110	0	0
44	0	0	0	0	0	0	1	-110	0	0
44	0	0	0	0	0	0	1	-110	0	0
44	0	0	0	0	0	0	1	-110	0	0
44	0	0	0	0	0	0	1	-110	0	0
44	0	0	0	0	0	0	1	-110	0	0
44	0	0	0	0	0	0	1	-110	0	0
44	0	0	0	0	0	0	1	-110	0	0
44	0	0	0	0	0	0	1	-110	0	0
44	0	0	0	0	0	0	1	-110	0	0
44	0	0	0	0	0	0	1	-110	0	0
44	0	0	0	0	0	0	1	-110	0	0
44	0	0	0	0	0	0	1	-110	0	0
44	0	0	0	0	0	0	1	-110	0	0
44	0	0	0	0	0	0	1	-110	0	0
44	0	0	0	0	0	0	1	-110	0	0
44	0	0	0	0	0	0	1	-110	0	0
44	0	0	0	0	0	0	1	-110	0	0
44	0	0	0	0	0	0	1	-110	0	0
44	0	0	0	0	0	0	1	-110	0	0
44	0	0	0	0	0	0	1	-110	0	0
44	0	0	0	0	0	0	1	-110	0	0
44	0	0	0	0	0	0	1	-110	0	0
44	0	0	0	0	0	0	1	-110	0	0
44	0	0	0	0	0	0	1	-110	0	0
44	0	0	0	0	0	0	1	-110	0	0
44	0	0	0	0	0	0	1	-110	0	0
44	0	0	0	0	0	0	1	-110	0	0
44	0	0	0	0	0	0	1	-110	0	0
44	0	0	0	0	0	0	1	-110	0	0
44	0	0	0	0	0	0	1	-110	0	0
44	0	0	0	0	0	0	1	-110	0	0
44	0	0	0	0	0	0	1	-110	0	0
44	0	0	0	0	0	0	1	-110	0	0
44	0	0	0	0	0	0	1	-110	0	0
44	0	0	0	0	0	0	1	-110	0	0
44	0	0	0	0	0	0	1	-110	0	0
44	0	0	0	0	0	0	1	-110	0	0
44	0	0	0	0	0	0	1	-110	0	0
44	0	0	0	0	0	0	1	-110	0	0
44	0	0	0	0	0	0	1	-110	0	0
44	0	0	0	0	0	0	1	-110	0	0
44	0	0	0	0	0	0	1	-110	0	0
0	0	0	0	0	0	0	0	0	0	0
0	0	0	0	0	0	0	0	0	0	0
0	0	0	0	0	0	0	0	0	0	0
0	0	0	0	0	0	0	0	0	0	0
44	0	0	0	1	0	0	0	-110	0	0
44	0	0	0	1	0	0	0	-110	0	0
44	0	0	0	1	0	0	0	-110	0	0
44	0	0	0	1	0	0	0	-110	0	0
44	0	0	0	1	0	0	0	-110	0	0
44	0	0	0	1	0	0	0	-110	0	0
44	0	0	0	1	0	0	0	-110	0	0
44	0	0	0	1	0	0	0	-110	0	0
44	0	0	-1	1	0	0	0	-110	0	0
44	0	0	-2	2	0	0	0	-110	0	0
44	0	0	-2	2	0	0	0	-110	0	0
44	0	0	-2	2	0	0	0	-110	0	0
44	0	0	-2	2	0	0	0	-110	0	0
44	0	0	-2	2	0	0	0	-110	0	0
44	0	0	-2	2	0	0	0	-110	0	0
44	0	0	-2	2	0	0	0	-110	0	0
44	0	0	-2	3	0	0	0	-110	0	0
44	0	0	-3	1	0	0	0	-110	0	0
44	0	0	-5	2	0	0	0	-110	0	0
44	0	0	-5	2	0	0	0	-110	0	0
44	0	0	-5	2	0	0	0	-110	0	0
44	0	0	-5	3	0	0	0	-110	0	0
44	0	0	-5	3	0	0	0	-110	0	1
44	0	0	-5	3	0	0	0	-110	-1	1
44	0	0	-4	2	0	0	0	-110	-1	1
44	0	0	-4	2	0	0	0	-110	-1	1
44	0	0	-3	1	0	0	0	-110	-1	1
44	0	0	-3	1	0	0	0	-110	-1	1
44	0	0	-3	1	0	0	0	-110	-1	1
44	0	0	-3	1	0	0	0	-110	-1	1
44	0	0	-3	1	0	0	0	-110	-1	1
44	0	0	-3	1	0	0	0	-110	-1	1
44	0	0	-3	1	0	0	0	-110	-1	1
44	0	0	-3	1	0	0	0	-110	-2	1
44	0	0	-3	1	0	0	0	-110	-2	1
44	0	0	-3	0	0	0	0	-110	-2	1
44	0	0	-3	0	0	0	0	-110	-2	1
44	0	0	-3	0	0	0	0	-110	-2	1
44	0	0	-4	0	0	0	0	-110	-2	1
44	0	0	-4	0	0	0	0	-110	-2	1
44	0	0	-4	0	0	0	0	-110	-2	1
44	0	0	-4	0	0	0	0	-110	-2	1
44	0	0	-4	0	0	0	0	-110	-2	1
44	0	0	-4	0	0	0	0	-110	-2	1
44	0	0	-4	0	0	0	0	-110	-2	1
44	0	0	-4	-2	0	0	0	-110	-3	1
44	0	0	-4	-2	0	0	0	-110	-3	1
44	0	0	-4	-2	0	0	0	-110	-3	1
44	0	0	-4	-2	0	0	0	-110	-3	1
44	0	0	-4	-2	0	0	0	-110	-3	1
44	0	0	-4	-2	0	0	0	-110	-3	1
44	0	0	-4	-2	0	0	0	-110	-3	1
44	0	0	-4	-2	0	0	0	-110	-3	1
44	0	0	-4	-2	0	0	0	-110	-3	0
44	0	0	-7	-4	0	0	0	-110	-4	0
44	0	0	-10	-4	0	0	0	-110	-4	0
44	0	0	-10	-4	0	0	0	-110	-4	0
44	0	0	-10	-4	0	0	0	-110	-4	0
44	0	0	-11	-7	0	0	0	-110	-4	0
44	0	0	-11	-7	0	0	0	-110	-5	0
44	0	0	-11	-7	0	0	0	-110	-5	0
44	0	0	-11	-7	0	0	0	-110	-5	0
44	0	0	-13	-7	0	0	0	-110	-5	0
44	0	0	-13	-7	0	0	0	-110	-6	0
44	0	0	-14	-8	0	0	0	-110	-6	0
44	0	0	-14	-8	0	0	0	-110	-6	0
44	0	0	-14	-8	0	0	0	-110	-7	0
44	0	0	-17	-8	0	0	0	-110	-7	0
44	0	0	-17	-8	0	0	0	-110	-7	-1
44	0	0	-17	-8	0	0	0	-110	-8	-1
44	0	0	-17	-8	0	0	0	-110	-8	-1
44	0	0	-17	-8	0	0	0	-110	-9	-1
44	0	0	-17	-8	0	0	0	-110	-9	-1
44	0	0	-23	-10	0	0	0	-110	-9	-2
44	0	0	-23	-10	0	0	0	-110	-10	-2
44	0	0	-23	-10	0	0	0	-110	-10	-2
44	0	0	-25	-11	0	0	0	-110	-11	-2
44	0	0	-25	-11	0	0	0	-110	-12	-3
44	0	0	-25	-11	0	0	0	-110	-12	-3
44	0	0	-25	-11	0	0	0	-110	-13	-3
44	0	0	-25	-11	0	0	0	-110	-13	-3
44	0	0	-25	-11	0	0	0	-110	-14	-4
44	0	0	-25	-11	0	0	0	-110	-14	-4
44	0	0	-33	-11	0	0	0	-110	-15	-4
44	0	0	-36	-12	0	0	0	-109	-16	-4
44	0	0	-36	-12	0	0	0	-109	-17	-5
44	0	0	-36	-12	0	0	0	-109	-17	-5
44	0	0	-40	-12	0	0	0	-109	-18	-5
44	0	0	-40	-12	0	0	0	-109	-19	-6
44	0	0	-40	-12	0	0	0	-109	-20	-6
44	0	0	-40	-12	0	0	0	-109	-21	-6
44	0	0	-40	-12	0	0	0	-109	-22	-6
44	0	0	-46	-13	0	0	0	-109	-23	-7
44	0	0	-51	-16	0	0	0	-109	-24	-7
44	0	0	-51	-16	0	0	0	-109	-25	-8
44	0	0	-51	-16	0	0	0	-109	-26	-8
44	0	0	-57	-16	0	0	0	-109	-27	-8
44	0	0	-57	-16	0	0	0	-109	-29	-9
44	0	0	-57	-16	0	0	0	-109	-30	-9
44	0	0	-57	-16	0	0	0	-109	-31	-9
44	0	0	-57	-16	0	0	0	-109	-33	-10
44	0	0	-62	-14	0	0	0	-110	-34	-10
44	0	0	-65	-12	0	0	0	-110	-36	-10
44	0	0	-65	-12	0	0	0	-110	-37	-11
44	0	0	-70	-13	0	0	0	-110	-38	-11
44	0	0	-70	-13	0	0	0	-110	-40	-11
44	0	0	-70	-13	0	0	0	-110	-42	-12
44	0	0	-70	-13	0	0	0	-110	-43	-12
44	0	0	-74	-17	0	0	0	-110	-45	-12
44	0	0	-74	-17	0	0	0	-110	-46	-13
44	0	0	-74	-17	0	0	0	-110	-48	-13
44	0	0	-76	-17	0	0	0	-110	-50	-13
44	0	0	-76	-17	0	0	0	-110	-51	-14
44	0	0	-86	-15	0	0	0	-109	-53	-14
44	0	0	-86	-15	0	0	0	-109	-55	-15
44	0	0	-86	-15	0	0	0	-109	-57	-15
44	0	0	-86	-15	0	0	0	-109	-59	-15
44	0	0	-94	-16	0	0	0	-109	-61	-16
44	0	0	-94	-16	0	0	0	-109	-63	-16
44	0	0	-97	-17	0	0	0	-109	-65	-16
44	0	0	-97	-17	0	0	0	-109	-68	-17
44	0	0	-97	-17	0	0	0	-109	-70	-17
44	0	0	-105	-9	0	0	0	-109	-72	-18
44	0	0	-105	-9	0	0	0	-109	-74	-18
44	0	0	-105	-9	0	0	0	-109	-76	-18
44	0	0	-105	-9	0	0	0	-109	-78	-18
44	0	0	-110	9	0	0	1	-108	-81	-18
44	0	0	-110	9	0	0	1	-108	-84	-18
44	0	0	-119	31	0	1	2	-108	-86	-18
44	0	0	-119	31	0	1	2	-108	-89	-17
44	0	0	-137	50	0	1	2	-108	-91	-17
44	0	0	-137	50	0	1	2	-108	-95	-15
44	0	0	-137	50	0	1	2	-108	-98	-14
44	0	0	-147	60	0	1	1	-108	-101	-13
44	0	0	-147	60	0	1	1	-108	-104	-12
44	0	0	-147	60	0	1	1	-108	-107	-11
44	0	0	-147	60	0	1	1	-108	-110	-9
44	0	0	-161	67	0	1	1	-108	-114	-7
44	0	0	-161	67	0	1	1	-108	-118	-6
44	0	0	-162	79	0	0	1	-107	-121	-5
44	0	0	-162	79	0	0	1	-107	-125	-3
44	0	0	-162	79	0	0	1	-107	-128	-1
44	0	0	-162	79	0	0	1	-107	-131	0
44	0	0	-162	79	0	0	1	-107	-136	2
44	0	0	-153	100	0	0	1	-107	-140	3
44	0	0	-58	36	0	0	0	-107	-143	5
44	0	0	-58	36	0	0	0	-107	-144	6
44	0	0	-58	36	0	0	0	-107	-145	7
44	0	0	-35	-10	0	1	-3	-107	-147	8
44	0	0	-35	-10	0	1	-3	-107	-148	8
44	0	0	-35	-10	0	1	-3	-107	-148	8
44	0	0	-63	-64	0	2	-5	-107	-149	7
44	0	0	-63	-64	0	2	-5	-107	-151	6
44	0	0	-63	-64	0	2	-5	-107	-152	5
44	0	0	-63	-64	0	2	-5	-107	-154	3
44	0	0	-63	-64	0	2	-5	-107	-155	2
44	0	0	-91	-130	0	2	-6	-107	-156	0
44	0	0	-44	-82	0	3	-7	-108	-158	-1
44	0	0	-44	-82	0	3	-7	-108	-159	-3
44	0	0	-44	-82	0	3	-7	-108	-160	-5
44	0	0	-28	-72	0	2	-7	-108	-161	-7
44	0	0	-28	-72	0	2	-7	-108	-162	-9
44	0	0	-28	-72	0	2	-7	-108	-163	-10
44	0	0	-28	-72	0	2	-7	-108	-163	-12
44	0	0	-28	-72	0	2	-7	-108	-164	-13
44	0	0	-28	-72	0	2	-7	-108	-164	-15
44	0	0	-22	-21	0	2	-1	-108	-165	-17
44	0	0	-22	-21	0	2	-1	-108	-166	-18
44	0	0	-35	-4	0	3	0	-108	-166	-18
44	0	0	-35	-4	0	3	0	-108	-167	-18
44	0	0	-35	-4	0	3	0	-108	-168	-19
44	0	0	-35	-4	0	3	0	-108	-169	-19
44	0	0	-65	16	0	2	1	-108	-169	-19
44	0	0	-65	16	0	2	1	-108	-171	-18
44	0	0	-65	16	0	2	1	-108	-172	-18
44	0	246	-89	48	0	2	2	-10	-174	-18
44	0	246	-89	48	0	2	2	-10	-176	-17
44	0	252	-110	101	0	1	3	-10	-178	-16
44	0	252	-110	101	0	1	3	-10	-180	-13
44	0	252	-110	101	0	1	3	-10	-184	-10
44	0	252	-110	101	0	1	3	-10	-186	-8
44	0	252	-110	101	0	1	3	-10	-188	-6
44	0	252	-110	101	0	1	3	-10	-190	-4
44	0	252	-110	101	0	1	3	-10	-193	-2
44	0	264	-334	-34	0	1	4	-10	-195	0
44	0	285	-424	-65	0	0	4	-10	-205	-1
44	0	285	-424	-65	0	0	4	-10	-213	-2
44	0	285	-424	-65	0	0	4	-10	-222	-3
44	0	285	-424	-65	0	0	4	-10	-230	-5
44	0	303	-457	4	0	0	5	-9	-239	-6
44	0	303	-457	4	0	0	5	-9	-249	-6
44	0	335	-406	105	0	0	3	-9	-261	-6
44	0	335	-406	105	0	0	3	-9	-270	-4
44	0	335	-406	105	0	0	3	-9	-279	-1
44	0	364	-433	99	0	-1	1	-9	-287	0
44	0	364	-433	99	0	-1	1	-9	-296	2
44	0	364	-433	99	0	-1	1	-9	-305	4
44	0	400	-394	116	0	-1	1	-9	-321	8
44	0	400	-394	116	0	-1	1	-9	-329	10
44	0	400	-394	116	0	-1	1	-9	-337	12
44	0	451	-333	115	0	-2	0	-9	-345	15
44	0	451	-333	115	0	-2	0	-9	-352	17
44	0	451	-333	115	0	-2	0	-9	-360	20
44	0	489	-301	38	0	-2	-3	-10	-367	22
44	0	489	-301	38	0	-2	-3	-10	-375	23
44	0	489	-301	38	0	-2	-3	-10	-381	24
44	0	525	-272	10	0	-2	-7	-10	-388	25
44	0	525	-272	10	0	-2	-7	-10	-393	25
44	0	525	-272	10	0	-2	-7	-10	-399	25
44	0	525	-272	10	0	-2	-7	-10	-407	26
44	0	525	-272	10	0	-2	-7	-10	-413	26
44	0	525	-272	10	0	-2	-7	-10	-418	26
44	0	525	-272	10	0	-2	-7	-10	-424	26
44	0	589	-156	-26	0	0	-10	-10	-431	27
44	0	608	-106	-91	0	0	-10	-10	-434	26
44	0	608	-106	-91	0	0	-10	-10	-438	23
44	0	608	-106	-91	0	0	-10	-10	-440	21
44	0	608	-106	-91	0	0	-10	-10	-442	19
44	0	608	-106	-91	0	0	-10	-10	-445	17
44	0	608	-106	-91	0	0	-10	-10	-447	15
44	0	608	-106	-91	0	0	-10	-10	-450	13
44	0	608	-106	-91	0	0	-10	-10	-452	11
44	0	642	32	-168	0	0	-1	-10	-454	9
44	0	649	42	-130	0	0	2	-10	-453	6
44	0	649	42	-130	0	0	2	-10	-453	3
44	0	649	42	-130	0	0	2	-10	-451	0
44	0	650	8	-92	0	1	3	-10	-450	-3
44	0	650	8	-92	0	1	3	-10	-450	-5
44	0	650	8	-92	0	1	3	-10	-450	-7
44	0	650	8	-92	0	1	3	-10	-450	-9
44	0	654	-20	-56	0	1	4	-11	-450	-12
44	0	662	-28	-21	0	1	3	-11	-450	-13
44	0	662	-28	-21	0	1	3	-11	-451	-13
44	0	662	-28	-21	0	1	3	-11	-451	-14
44	0	667	-34	9	0	1	3	-11	-452	-14
44	0	667	-34	9	0	1	3	-11	-453	-14
44	0	667	-34	9	0	1	3	-11	-454	-14
44	0	674	-57	34	0	1	2	-11	-454	-13
44	0	674	-57	34	0	1	2	-11	-456	-13
44	0	674	-57	34	0	1	2	-11	-457	-12
44	0	680	-68	62	0	0	0	-11	-458	-11
44	0	680	-68	62	0	0	0	-11	-459	-10
44	0	680	-68	62	0	0	0	-11	-462	-8
44	0	688	-68	6	0	0	-3	-12	-463	-7
44	0	688	-68	6	0	0	-3	-12	-465	-6
44	0	688	-68	6	0	0	-3	-12	-466	-6
44	0	696	-36	-52	0	0	-3	-11	-468	-6
44	0	696	-36	-52	0	0	-3	-11	-469	-7
44	0	700	1	-56	0	0	-1	-11	-470	-9
44	0	700	1	-56	0	0	-1	-11	-470	-10
44	0	700	1	-56	0	0	-1	-11	-470	-11
44	0	700	1	-56	0	0	-1	-11	-470	-13
44	0	700	1	-56	0	0	-1	-11	-470	-14
44	0	700	1	-56	0	0	-1	-11	-470	-15
44	0	719	22	-46	0	0	0	-11	-470	-16
44	0	719	22	-46	0	0	0	-11	-469	-17
44	0	719	22	-46	0	0	0	-11	-468	-19
44	0	725	-20	-43	0	1	1	-11	-468	-20
44	0	725	-20	-43	0	1	1	-11	-468	-21
44	0	725	-20	-43	0	1	1	-11	-469	-22
44	0	725	-20	-43	0	1	1	-11	-469	-23
44	0	725	-20	-43	0	1	1	-11	-470	-23
44	0	721	-15	-26	0	1	1	-11	-470	-24
44	0	721	-15	-26	0	1	1	-11	-471	-25
44	0	721	-15	-26	0	1	1	-11	-471	-26
44	0	721	-15	-26	0	1	1	-11	-471	-26
44	0	729	-16	-14	0	1	1	-11	-472	-27
44	0	729	-16	-14	0	1	1	-11	-472	-27
44	0	729	-16	-14	0	1	1	-11	-472	-27
44	0	729	-16	-14	0	1	1	-11	-473	-28
44	0	729	-16	-14	0	1	1	-11	-473	-28
44	0	742	-23	2	0	1	1	-11	-473	-28
44	0	750	3	10	0	1	0	-12	-474	-28
44	0	750	3	10	0	1	0	-12	-474	-28
44	0	757	-2	16	0	0	0	-12	-474	-28
44	0	757	-2	16	0	0	0	-12	-474	-27
44	0	757	-2	16	0	0	0	-12	-474	-27
44	0	767	-10	26	0	0	0	-11	-474	-27
44	0	767	-10	26	0	0	0	-11	-474	-26
44	0	767	-10	26	0	0	0	-11	-474	-26
44	0	779	-11	31	0	0	0	-12	-475	-25
44	0	779	-11	31	0	0	0	-12	-475	-24
44	0	779	-11	31	0	0	0	-12	-475	-23
44	0	792	11	36	0	0	0	-12	-475	-23
44	0	792	11	36	0	0	0	-12	-475	-22
44	0	792	11	36	0	0	0	-12	-475	-21
44	0	803	-1	37	0	0	0	-12	-475	-20
44	0	803	-1	37	0	0	0	-12	-475	-19
44	0	803	-1	37	0	0	0	-12	-475	-18
44	0	814	-6	33	0	0	0	-12	-475	-18
44	0	814	-6	33	0	0	0	-12	-475	-17
44	0	831	-2	28	0	0	0	-12	-475	-16
44	0	831	-2	28	0	0	0	-12	-475	-15
44	0	831	-2	28	0	0	0	-12	-475	-15
44	0	846	-6	26	0	0	0	-12	-475	-14
44	0	846	-6	26	0	0	0	-12	-475	-13
44	0	846	-6	26	0	0	0	-12	-476	-13
44	0	859	0	21	0	0	0	-12	-476	-12
44	0	859	0	21	0	0	0	-12	-476	-11
44	0	877	28	36	0	0	0	-12	-476	-11
44	0	877	28	36	0	0	0	-12	-475	-10
44	0	877	28	36	0	0	0	-12	-474	-9
44	0	897	-1	3	0	0	-1	-12	-474	-9
44	0	897	-1	3	0	0	-1	-12	-474	-8
44	0	897	-1	3	0	0	-1	-12	-474	-8
44	0	916	26	0	0	0	-1	-12	-474	-8
44	0	916	26	0	0	0	-1	-12	-473	-8
44	0	916	26	0	0	0	-1	-12	-473	-8
43	0	937	47	-10	0	0	0	-12	-472	-8
43	0	937	47	-10	0	0	0	-12	-471	-9
43	0	937	47	-10	0	0	0	-12	-470	-9
43	0	961	48	-2	0	0	0	-12	-469	-9
43	0	961	48	-2	0	0	0	-12	-468	-9
43	0	961	48	-2	0	0	0	-12	-467	-9
43	0	982	54	6	0	0	0	-12	-466	-9
43	0	982	54	6	0	0	0	-12	-465	-9
43	0	982	54	6	0	0	0	-12	-463	-9
43	0	1004	58	-4	0	0	0	-12	-462	-9
43	0	1004	58	-4	0	0	0	-12	-461	-9
43	0	1004	58	-4	0	0	0	-12	-460	-9
43	0	1028	47	-14	0	1	0	-12	-458	-9
43	0	1028	47	-14	0	1	0	-12	-457	-9
43	0	1028	47	-14	0	1	0	-12	-456	-10
43	0	1053	60	-9	0	1	0	-12	-455	-10
43	0	1053	60	-9	0	1	0	-12	-454	-10
43	0	1053	60	-9	0	1	0	-12	-452	-10
43	0	1077	60	-19	0	1	0	-12	-451	-11
43	0	1077	60	-19	0	1	0	-12	-450	-11
43	0	1077	60	-19	0	1	0	-12	-449	-11
43	0	1077	60	-19	0	1	0	-12	-447	-12
43	0	1099	46	-3	0	1	0	-11	-446	-12
43	0	1099	46	-3	0	1	0	-11	-445	-12
43	0	1117	40	0	0	1	0	-11	-444	-12
43	0	1117	40	0	0	1	0	-11	-443	-13
43	0	1117	40	0	0	1	0	-11	-442	-13
43	0	1117	40	0	0	1	0	-11	-441	-13
43	0	1117	40	0	0	1	0	-11	-440	-13
43	0	1117	40	0	0	1	0	-11	-440	-13
43	0	1117	40	0	0	1	0	-11	-439	-13
43	0	1147	23	-43	0	-1	0	-12	-438	-13
43	0	1147	23	-43	0	-1	0	-12	-437	-14
43	0	1158	64	-61	0	-4	0	-12	-437	-15
43	0	1158	64	-61	0	-4	0	-12	-435	-16
43	0	1158	64	-61	0	-4	0	-12	-434	-17
43	0	1165	143	-52	0	-6	0	-12	-433	-18
43	0	1165	143	-52	0	-6	0	-12	-430	-20
43	0	1165	143	-52	0	-6	0	-12	-426	-21
43	0	1165	143	-52	0	-6	0	-12	-423	-22
43	0	1165	143	-52	0	-6	0	-12	-420	-23
43	0	1173	257	-38	0	-8	0	-12	-417	-24
43	0	1178	352	-17	0	-9	0	-12	-411	-25
43	0	1178	352	-17	0	-9	0	-12	-404	-25
43	0	1183	434	3	0	-10	0	-12	-397	-26
43	0	1183	434	3	0	-10	0	-12	-385	-26
43	0	1183	434	3	0	-10	0	-12	-377	-26
43	0	1183	434	3	0	-10	0	-12	-367	-26
43	0	1183	434	3	0	-10	0	-12	-358	-26
43	0	1183	434	3	0	-10	0	-12	-349	-25
43	0	1188	522	27	0	-10	0	-12	-340	-25
43	0	1194	610	46	0	-10	0	-12	-329	-25
43	0	1194	610	46	0	-10	0	-12	-313	-24
43	0	1194	610	46	0	-10	0	-12	-301	-23
43	0	1197	715	65	0	-10	0	-12	-288	-22
43	0	1197	715	65	0	-10	0	-12	-274	-20
43	0	1197	715	65	0	-10	0	-12	-259	-19
43	0	1200	797	71	0	-9	0	-12	-244	-18
43	0	1200	797	71	0	-9	0	-12	-223	-16
43	0	1200	797	71	0	-9	0	-12	-207	-14
43	0	1200	797	71	0	-9	0	-12	-190	-13
43	0	1200	797	71	0	-9	0	-12	-174	-11
43	0	1200	797	71	0	-9	0	-12	-157	-10
43	0	1203	924	125	0	-5	-2	-12	-140	-8
43	0	1203	924	125	0	-5	-2	-12	-112	-4
43	0	1203	924	125	0	-5	-2	-12	-92	-2
43	0	1206	970	114	0	-3	-5	-12	-73	0
43	0	1206	970	114	0	-3	-5	-12	-52	2
43	0	1206	970	114	0	-3	-5	-12	-31	5
43	0	1207	1110	71	0	0	-5	-12	-12	7
43	0	1207	1110	71	0	0	-5	-12	11	9
43	0	1207	1110	71	0	0	-5	-12	37	10
43	0	1207	1110	71	0	0	-5	-12	61	12
43	0	1209	1205	56	0	3	-5	-12	84	13
43	0	1209	1205	56	0	3	-5	-12	110	14
43	0	1209	1222	-20	0	6	-4	-12	134	16
43	0	1209	1222	-20	0	6	-4	-12	160	15
43	0	1209	1222	-20	0	6	-4	-12	186	15
43	0	1210	1125	-101	0	8	-3	-12	211	14
43	0	1210	1125	-101	0	8	-3	-12	243	11
43	0	1210	1125	-101	0	8	-3	-12	265	9
43	0	1210	1125	-101	0	8	-3	-12	289	7
43	0	1210	1125	-101	0	8	-3	-12	314	5
43	0	1212	1044	-172	0	9	-2	-12	337	3
43	0	1212	909	-265	0	9	-1	-12	359	0
43	0	1212	909	-265	0	9	-1	-12	383	-6
43	0	1212	909	-265	0	9	-1	-12	401	-12
43	0	1212	803	-279	0	9	0	-11	420	-17
43	0	1212	803	-279	0	9	0	-11	437	-23
43	0	1212	803	-279	0	9	0	-11	454	-29
43	0	1214	688	-219	0	9	1	-11	471	-35
43	0	1214	688	-219	0	9	1	-11	485	-40
43	0	1214	688	-219	0	9	1	-11	500	-44
43	0	1214	688	-219	0	9	1	-11	518	-50
43	0	1218	611	-126	0	8	3	-11	533	-55
43	0	1218	611	-126	0	8	3	-11	546	-58
43	0	1224	501	-72	0	8	3	-11	558	-60
43	0	1224	501	-72	0	8	3	-11	569	-62
43	0	1224	501	-72	0	8	3	-11	579	-63
43	0	1224	501	-72	0	8	3	-11	591	-65
43	0	1224	501	-72	0	8	3	-11	602	-66
43	0	1224	501	-72	0	8	3	-11	612	-68
43	0	1224	501	-72	0	8	3	-11	623	-69
43	0	1224	501	-72	0	8	3	-11	633	-71
43	0	1227	218	-176	0	4	3	-11	644	-73
43	0	1239	214	-152	0	0	2	-12	648	-76
43	0	1239	214	-152	0	0	2	-12	654	-80
43	0	1239	214	-152	0	0	2	-12	658	-83
43	0	1238	204	-117	0	-4	2	-12	663	-86
43	0	1238	204	-117	0	-4	2	-12	667	-89
43	0	1238	204	-117	0	-4	2	-12	671	-91
43	0	1238	204	-117	0	-4	2	-12	675	-94
43	0	1238	204	-117	0	-4	2	-12	681	-97
43	0	1243	295	-68	0	-8	1	-12	685	-99
43	0	1221	373	-1	0	-10	1	-12	691	-101
43	0	1221	373	-1	0	-10	1	-12	699	-101
43	0	1221	373	-1	0	-10	1	-12	707	-101
43	0	1219	459	31	0	-11	0	-12	715	-101
43	0	1219	459	31	0	-11	0	-12	725	-100
43	0	1219	459	31	0	-11	0	-12	737	-99
43	0	1221	581	99	0	-12	0	-12	747	-99
43	0	1221	581	99	0	-12	0	-12	759	-97
43	0	1221	581	99	0	-12	0	-12	771	-94
43	0	1221	581	99	0	-12	0	-12	783	-92
43	0	1216	683	109	0	-12	0	-12	796	-90
43	0	1216	772	153	0	-12	0	-12	817	-87
43	0	1216	772	153	0	-12	0	-12	834	-83
43	0	1216	772	153	0	-12	0	-12	850	-80
43	0	1216	772	153	0	-12	0	-12	866	-77
43	0	1216	772	153	0	-12	0	-12	882	-74
43	0	1216	772	153	0	-12	0	-12	899	-71
43	0	1216	772	153	0	-12	0	-12	914	-68
43	0	1216	772	153	0	-12	0	-12	932	-64
43	0	1221	982	174	0	-11	0	-11	956	-59
43	0	1216	1118	129	0	-10	0	-11	977	-56
43	0	1216	1118	129	0	-10	0	-11	1012	-52
43	0	1216	1118	129	0	-10	0	-11	1035	-49
43	0	1213	1280	137	0	-10	0	-11	1059	-46
43	0	1213	1280	137	0	-10	0	-11	1085	-43
43	0	1213	1280	137	0	-10	0	-11	1113	-40
43	0	1213	1280	137	0	-10	0	-11	1139	-37
43	0	1213	1280	137	0	-10	0	-11	1166	-34
43	0	1205	1481	142	0	-9	0	-11	1206	-30
43	0	1205	1481	142	0	-9	0	-11	1238	-27
43	0	1205	1481	142	0	-9	0	-11	1268	-24
43	0	1202	1560	85	0	-9	0	-11	1299	-21
43	0	1202	1560	85	0	-9	0	-11	1342	-19
43	0	1202	1560	85	0	-9	0	-11	1374	-17
43	0	1202	1560	85	0	-9	0	-11	1408	-15
43	0	1202	1560	85	0	-9	0	-11	1440	-14
43	0	1202	1560	85	0	-9	0	-11	1473	-12
43	0	1208	1690	96	0	-9	0	-11	1506	-10
43	0	1208	1690	96	0	-9	0	-11	1553	-7
43	0	1208	1690	96	0	-9	0	-11	1588	-5
43	0	1212	1830	191	0	-9	0	-12	1624	-3
43	0	1212	1830	191	0	-9	0	-12	1662	0
43	0	1212	1830	191	0	-9	0	-12	1701	4
43	0	1212	1830	191	0	-9	0	-12	1749	9
43	0	1212	1830	191	0	-9	0	-12	1787	13
43	0	1212	1830	191	0	-9	0	-12	1825	17
43	0	1216	2175	506	0	-9	0	-12	1870	22
43	0	1216	2175	506	0	-9	0	-12	1915	32
43	0	1216	2175	506	0	-9	0	-12	1977	46
43	0	1232	2372	523	0	-9	-1	-12	2021	57
43	0	1232	2372	523	0	-9	-1	-12	2070	68
43	0	1232	2372	523	0	-9	-1	-12	2120	79
43	0	1232	2372	523	0	-9	-1	-12	2170	90
43	0	1232	2372	523	0	-9	-1	-12	2220	101
43	0	1232	2372	523	0	-9	-1	-12	2289	116
43	0	1259	2299	421	0	-5	-5	-12	2345	128
43	0	1259	2299	421	0	-5	-5	-12	2398	138
43	0	1255	2270	349	0	-2	-7	-13	2453	148
43	0	1255	2270	349	0	-2	-7	-13	2503	156
43	0	1255	2270	349	0	-2	-7	-13	2554	164
43	0	1274	1999	269	0	0	-8	-13	2619	174
43	0	1274	1999	269	0	0	-8	-13	2659	179
43	0	1274	1999	269	0	0	-8	-13	2699	184
43	0	1274	1999	269	0	0	-8	-13	2741	190
43	0	1274	1999	269	0	0	-8	-13	2783	196
43	0	1307	2058	200	0	3	-9	-13	2825	201
43	0	1331	2041	74	0	6	-9	-14	2869	206
43	0	1331	2041	74	0	6	-9	-14	2926	208
43	0	1331	2041	74	0	6	-9	-14	2967	209
43	0	1344	2045	-106	0	9	-9	-14	3010	211
43	0	1344	2045	-106	0	9	-9	-14	3054	208
43	0	1344	2045	-106	0	9	-9	-14	3098	206
43	0	1344	2045	-106	0	9	-9	-14	3138	204
43	0	1362	2019	-167	0	11	-8	-14	3184	202
43	0	1387	1771	-232	0	13	-6	-13	3277	194
43	0	1387	1771	-232	0	13	-6	-13	3313	189
43	0	1387	1771	-232	0	13	-6	-13	3350	184
43	0	1419	1484	-334	0	14	-4	-13	3389	179
43	0	1419	1484	-334	0	14	-4	-13	3420	172
43	0	1419	1484	-334	0	14	-4	-13	3451	165
43	0	1437	1306	-408	0	14	-2	-13	3493	156
43	0	1437	1306	-408	0	14	-2	-13	3520	148
43	0	1437	1306	-408	0	14	-2	-13	3547	139
43	0	1463	1157	-449	0	14	0	-12	3575	130
43	0	1463	1157	-449	0	14	0	-12	3599	121
43	0	1463	1157	-449	0	14	0	-12	3623	111
43	0	1484	1015	-485	0	13	1	-12	3656	99
43	0	1484	1015	-485	0	13	1	-12	3677	89
43	0	1484	1015	-485	0	13	1	-12	3699	78
43	0	1484	1015	-485	0	13	1	-12	3720	68
43	0	1484	1015	-485	0	13	1	-12	3748	55
43	0	1484	1015	-485	0	13	1	-12	3768	45
43	0	1464	741	-525	0	11	4	-11	3790	35
43	0	1464	741	-525	0	11	4	-11	3805	24
43	0	1399	503	-482	0	9	5	-11	3820	13
43	0	1399	503	-482	0	9	5	-11	3836	-1
43	0	1399	503	-482	0	9	5	-11	3846	-10
43	0	1399	503	-482	0	9	5	-11	3857	-21
43	0	1392	349	-427	0	5	6	-11	3866	-30
43	0	1392	349	-427	0	5	6	-11	3873	-39
43	0	1392	349	-427	0	5	6	-11	3885	-53
43	0	1346	261	-378	0	0	5	-11	3894	-64
43	0	1346	261	-378	0	0	5	-11	3900	-72
43	0	1304	164	-345	0	-4	4	-12	3906	-81
43	0	1304	164	-345	0	-4	4	-12	3909	-88
43	0	1286	189	-316	0	-9	2	-12	3913	-96
43	0	1286	189	-316	0	-9	2	-12	3919	-106
43	0	1286	189	-316	0	-9	2	-12	3923	-113
43	0	1262	397	-340	0	-10	2	-12	3927	-120
43	0	1262	397	-340	0	-10	2	-12	3936	-127
43	0	1262	397	-340	0	-10	2	-12	3944	-134
43	0	1221	552	-216	0	-9	2	-12	3957	-145
43	0	1221	552	-216	0	-9	2	-12	3968	-150
43	0	1221	552	-216	0	-9	2	-12	3980	-154
43	0	1189	588	-122	0	-8	1	-11	3991	-159
43	0	1189	588	-122	0	-8	1	-11	4003	-161
43	0	1189	588	-122	0	-8	1	-11	4016	-164
43	0	1158	618	-120	0	-7	0	-11	4033	-167
43	0	1158	618	-120	0	-7	0	-11	4045	-170
43	0	1158	618	-120	0	-7	0	-11	4058	-172
43	0	1157	722	-76	0	-7	0	-11	4071	-175
43	0	1157	722	-76	0	-7	0	-11	4087	-176
43	0	1157	722	-76	0	-7	0	-11	4111	-179
43	0	1113	816	-20	0	-4	0	-11	4126	-180
43	0	1113	816	-20	0	-4	0	-11	4142	-181
43	0	1113	816	-20	0	-4	0	-11	4160	-181
43	0	1072	854	-18	0	-2	0	-11	4176	-182
43	0	1072	854	-18	0	-2	0	-11	4194	-182
43	0	1072	854	-18	0	-2	0	-11	4217	-183
43	0	1034	862	-40	0	-1	1	-11	4235	-183
43	0	1034	862	-40	0	-1	1	-11	4252	-184
43	0	1034	862	-40	0	-1	1	-11	4271	-185
43	0	1034	862	-40	0	-1	1	-11	4289	-186
43	0	1034	862	-40	0	-1	1	-11	4318	-187
43	0	1034	862	-40	0	-1	1	-11	4335	-188
43	0	1034	862	-40	0	-1	1	-11	4353	-189
43	0	1020	550	-2	0	1	0	-11	4373	-190
43	0	1021	479	3	0	2	0	-11	4385	-190
43	0	1021	479	3	0	2	0	-11	4398	-189
43	0	1021	479	3	0	2	0	-11	4408	-189
43	0	1025	421	6	0	2	0	-11	4418	-189
43	0	1025	421	6	0	2	0	-11	4427	-189
43	0	1025	421	6	0	2	0	-11	4439	-189
43	0	1037	351	9	0	3	0	-11	4448	-189
43	0	1037	351	9	0	3	0	-11	4455	-189
43	0	1037	351	9	0	3	0	-11	4463	-188
43	0	1056	285	5	0	3	0	-12	4470	-188
43	0	1056	285	5	0	3	0	-12	4476	-188
43	0	1056	285	5	0	3	0	-12	4482	-188
43	0	1069	192	-11	0	3	0	-12	4490	-188
43	0	1069	192	-11	0	3	0	-12	4494	-188
43	0	1069	192	-11	0	3	0	-12	4498	-188
43	0	1069	192	-11	0	3	0	-12	4502	-189
43	0	1069	192	-11	0	3	0	-12	4506	-189
43	0	1069	192	-11	0	3	0	-12	4511	-189
43	0	1111	97	-67	0	1	-1	-12	4515	-189
43	0	1111	97	-67	0	1	-1	-12	4517	-191
43	0	1124	64	-95	0	0	0	-12	4520	-193
43	0	1124	64	-95	0	0	0	-12	4521	-195
43	0	1124	64	-95	0	0	0	-12	4522	-197
43	0	1124	64	-95	0	0	0	-12	4524	-199
43	0	1124	64	-95	0	0	0	-12	4525	-201
43	0	1124	64	-95	0	0	0	-12	4527	-204
43	0	1172	68	-116	0	-1	0	-12	4528	-206
43	0	1172	68	-116	0	-1	0	-12	4530	-208
43	0	1172	68	-116	0	-1	0	-12	4531	-211
43	0	1201	51	-107	0	-2	0	-12	4533	-213
43	0	1201	51	-107	0	-2	0	-12	4534	-215
43	0	1201	51	-107	0	-2	0	-12	4535	-218
43	0	1201	51	-107	0	-2	0	-12	4536	-220
43	0	1201	51	-107	0	-2	0	-12	4537	-223
43	0	1201	51	-107	0	-2	0	-12	4538	-225
43	0	1201	51	-107	0	-2	0	-12	4539	-227
43	0	1217	36	-98	0	-2	0	-12	4540	-229
43	0	1217	36	-98	0	-2	0	-12	4541	-232
43	0	1212	53	-82	0	-2	1	-12	4542	-234
43	0	1212	53	-82	0	-2	1	-12	4543	-236
43	0	1212	53	-82	0	-2	1	-12	4544	-238
43	0	1212	57	-71	0	-2	1	-12	4546	-239
43	0	1212	57	-71	0	-2	1	-12	4547	-241
43	0	1212	57	-71	0	-2	1	-12	4548	-242
43	0	1212	57	-71	0	-2	1	-12	4550	-245
43	0	1211	44	-62	0	-1	0	-12	4551	-246
43	0	1211	44	-62	0	-1	0	-12	4552	-247
43	0	1211	39	-56	0	-1	0	-12	4553	-249
43	0	1211	39	-56	0	-1	0	-12	4554	-250
43	0	1211	39	-56	0	-1	0	-12	4554	-251
43	0	1220	45	-41	0	-1	0	-12	4556	-253
43	0	1220	45	-41	0	-1	0	-12	4557	-254
43	0	1220	45	-41	0	-1	0	-12	4558	-254
43	0	1220	45	-41	0	-1	0	-12	4558	-255
43	0	1220	45	-41	0	-1	0	-12	4559	-256
43	0	1236	8	-35	0	-1	0	-12	4561	-257
43	0	1236	8	-35	0	-1	0	-12	4561	-259
43	0	1236	8	-35	0	-1	0	-12	4561	-259
43	0	1235	18	-30	0	-1	0	-12	4561	-260
43	0	1235	18	-30	0	-1	0	-12	4562	-261
43	0	1235	18	-30	0	-1	0	-12	4562	-261
43	0	1235	18	-30	0	-1	0	-12	4563	-262
43	0	1235	18	-30	0	-1	0	-12	4563	-263
43	0	1232	11	-34	0	-1	0	-12	4563	-263
43	0	1217	1	-27	0	-1	0	-12	4564	-264
43	0	1217	1	-27	0	-1	0	-12	4564	-265
43	0	1202	-15	-21	0	-1	0	-12	4564	-265
43	0	1202	-15	-21	0	-1	0	-12	4563	-266
43	0	1202	-15	-21	0	-1	0	-12	4563	-266
43	0	1202	-15	-21	0	-1	0	-12	4563	-267
43	0	1202	-15	-21	0	-1	0	-12	4562	-267
43	0	1202	-15	-21	0	-1	0	-12	4562	-268
43	0	1202	-15	-21	0	-1	0	-12	4562	-268
43	0	1202	-15	-21	0	-1	0	-12	4561	-269
43	0	1185	12	-2	0	-1	0	-12	4561	-269
43	0	1181	12	13	0	-1	0	-12	4561	-269
43	0	1181	12	13	0	-1	0	-12	4561	-269
43	0	1181	12	13	0	-1	0	-12	4562	-269
43	0	1179	5	18	0	0	0	-12	4562	-269
43	0	1179	5	18	0	0	0	-12	4562	-268
43	0	1179	5	18	0	0	0	-12	4562	-268
43	0	1179	5	18	0	0	0	-12	4562	-267
43	0	1179	5	18	0	0	0	-12	4562	-267
43	0	1175	12	24	0	0	0	-12	4563	-266
43	0	1172	-18	37	0	0	0	-12	4563	-266
43	0	1172	-18	37	0	0	0	-12	4562	-265
43	0	1172	-18	37	0	0	0	-12	4562	-264
43	0	1178	-55	39	0	0	0	-12	4562	-263
43	0	1178	-55	39	0	0	0	-12	4561	-263
43	0	1178	-55	39	0	0	0	-12	4559	-262
43	0	1178	-27	52	0	0	0	-13	4558	-261
43	0	1178	-27	52	0	0	0	-13	4557	-260
43	0	1178	-27	52	0	0	0	-13	4557	-259
43	0	1178	-27	52	0	0	0	-13	4556	-258
43	0	1178	-27	52	0	0	0	-13	4556	-256
43	0	1229	-22	184	0	1	0	-19	4554	-254
43	0	1229	-22	184	0	1	0	-19	4554	-251
43	0	1229	-22	184	0	1	0	-19	4554	-247
43	0	1230	-56	200	0	1	0	-21	4553	-243
43	0	1230	-56	200	0	1	0	-21	4552	-239
43	0	1230	-56	200	0	1	0	-21	4551	-235
43	0	1230	-56	200	0	1	0	-21	4549	-230
43	0	1230	-56	200	0	1	0	-21	4548	-226
43	0	1230	-56	200	0	1	0	-21	4547	-221
43	0	1183	-152	-14	0	-1	-2	-24	4546	-217
43	0	1183	-152	-14	0	-1	-2	-24	4542	-218
43	0	1183	-152	-14	0	-1	-2	-24	4539	-218
43	0	1159	-90	-59	0	-3	-1	-25	4536	-218
43	0	1159	-90	-59	0	-3	-1	-25	4534	-220
43	0	1159	-90	-59	0	-3	-1	-25	4532	-221
43	0	1159	-90	-59	0	-3	-1	-25	4530	-222
43	0	1159	-90	-59	0	-3	-1	-25	4528	-223
43	0	1137	-14	-59	0	-3	0	-27	4526	-225
43	0	1137	-14	-59	0	-3	0	-27	4525	-227
43	0	1137	-14	-59	0	-3	0	-27	4525	-228
43	0	1134	-5	-40	0	-2	0	-27	4525	-230
43	0	1134	-5	-40	0	-2	0	-27	4525	-231
43	0	1134	-5	-40	0	-2	0	-27	4525	-232
43	0	1134	-5	-40	0	-2	0	-27	4524	-232
43	0	1134	-5	-40	0	-2	0	-27	4524	-233
43	0	1134	-5	-40	0	-2	0	-27	4524	-234
43	0	1134	-5	-40	0	-2	0	-27	4524	-235
43	0	1177	-70	-96	0	-1	-3	-28	4524	-236
43	0	1177	-70	-96	0	-1	-3	-28	4522	-238
43	0	1184	-89	-154	0	0	-6	-28	4521	-240
43	0	1184	-89	-154	0	0	-6	-28	4519	-243
43	0	1184	-89	-154	0	0	-6	-28	4517	-247
43	0	1184	-89	-154	0	0	-6	-28	4515	-250
43	0	1184	-89	-154	0	0	-6	-28	4513	-254
43	0	1184	-89	-154	0	0	-6	-28	4511	-257
43	0	1184	-89	-154	0	0	-6	-28	4509	-260
43	0	1226	-57	-320	0	0	-10	-28	4507	-263
43	0	1226	-57	-320	0	0	-10	-28	4506	-270
43	0	1227	-38	-439	0	0	-10	-28	4505	-277
43	0	1227	-38	-439	0	0	-10	-28	4504	-289
43	0	1227	-38	-439	0	0	-10	-28	4503	-298
43	0	1228	-21	-541	0	0	-11	-28	4502	-309
43	0	1228	-21	-541	0	0	-11	-28	4502	-320
43	0	1228	-21	-541	0	0	-11	-28	4501	-331
43	0	1228	-21	-541	0	0	-11	-28	4501	-343
43	0	1228	-21	-541	0	0	-11	-28	4500	-354
43	0	1227	-5	-612	0	0	-11	-28	4500	-365
43	0	1224	16	-731	0	0	-10	-28	4500	-378
43	0	1224	16	-731	0	0	-10	-28	4500	-398
43	0	1224	16	-731	0	0	-10	-28	4501	-413
43	0	1223	14	-818	0	0	-10	-28	4501	-428
43	0	1223	14	-818	0	0	-10	-28	4501	-445
43	0	1223	14	-818	0	0	-10	-28	4502	-462
43	0	1223	14	-818	0	0	-10	-28	4502	-480
43	0	1223	14	-818	0	0	-10	-28	4502	-499
43	0	1220	13	-960	0	0	-9	-28	4502	-516
43	0	1217	12	-1095	0	0	-9	-28	4503	-537
43	0	1217	12	-1095	0	0	-9	-28	4503	-560
43	0	1217	12	-1095	0	0	-9	-28	4503	-583
43	0	1217	6	-1195	0	0	-9	-27	4504	-606
43	0	1217	6	-1195	0	0	-9	-27	4504	-631
43	0	1217	6	-1195	0	0	-9	-27	4504	-661
43	0	1217	6	-1195	0	0	-9	-27	4504	-686
43	0	1217	6	-1195	0	0	-9	-27	4504	-711
43	0	1217	6	-1195	0	0	-9	-27	4504	-736
43	0	1215	-18	-1260	0	0	-8	-27	4504	-761
43	0	1214	-14	-1313	0	0	-8	-27	4504	-788
43	0	1214	-14	-1313	0	0	-8	-27	4504	-817
43	0	1214	-12	-1433	0	0	-8	-27	4503	-844
43	0	1214	-12	-1433	0	0	-8	-27	4503	-874
43	0	1214	-12	-1433	0	0	-8	-27	4503	-904
43	0	1214	-12	-1433	0	0	-8	-27	4503	-934
43	0	1214	-12	-1433	0	0	-8	-27	4502	-965
43	0	1214	-12	-1433	0	0	-8	-27	4502	-998
43	0	1207	-14	-1646	0	0	-8	-27	4502	-1025
43	0	1207	-14	-1646	0	0	-8	-27	4501	-1081
43	0	1207	-14	-1646	0	0	-8	-27	4501	-1115
43	0	1206	-29	-1676	0	0	-8	-27	4501	-1150
43	0	1206	-29	-1676	0	0	-8	-27	4500	-1185
43	0	1206	-29	-1676	0	0	-8	-27	4499	-1223
43	0	1206	-29	-1676	0	0	-8	-27	4499	-1257
43	0	1206	-29	-1676	0	0	-8	-27	4498	-1292
43	0	1206	-29	-1676	0	0	-8	-27	4498	-1327
43	0	1206	-29	-1676	0	0	-8	-27	4497	-1362
43	0	1206	-29	-1676	0	0	-8	-27	4496	-1399
43	0	1199	-21	-1766	0	0	-8	-27	4496	-1434
43	0	1207	20	-1839	0	0	-8	-27	4495	-1476
43	0	1207	20	-1839	0	0	-8	-27	4496	-1514
43	0	1207	20	-1839	0	0	-8	-27	4496	-1552
43	0	1205	14	-1839	0	0	-7	-27	4497	-1591
43	0	1205	14	-1839	0	0	-7	-27	4497	-1630
43	0	1205	14	-1839	0	0	-7	-27	4497	-1668
43	0	1205	14	-1839	0	0	-7	-27	4498	-1711
43	0	1205	14	-1839	0	0	-7	-27	4498	-1750
43	0	1203	-6	-1883	0	0	-7	-27	4498	-1788
43	0	1202	-13	-1898	0	0	-7	-27	4498	-1827
43	0	1202	-13	-1898	0	0	-7	-27	4498	-1868
43	0	1202	-13	-1898	0	0	-7	-27	4497	-1907
43	0	1202	17	-1918	0	0	-7	-27	4497	-1949
43	0	1202	17	-1918	0	0	-7	-27	4498	-2006
43	0	1202	17	-1918	0	0	-7	-27	4498	-2046
43	0	1202	17	-1918	0	0	-7	-27	4498	-2086
43	0	1202	17	-1918	0	0	-7	-27	4499	-2125
43	0	1197	20	-2033	0	0	-7	-26	4499	-2169
42	0	1191	25	-2121	0	0	-7	-26	4500	-2210
42	0	1191	25	-2121	0	0	-7	-26	4500	-2271
42	0	1191	25	-2121	0	0	-7	-26	4501	-2313
42	0	1177	16	-2107	0	0	-7	-26	4501	-2357
42	0	1177	16	-2107	0	0	-7	-26	4502	-2401
42	0	1177	16	-2107	0	0	-7	-26	4502	-2446
42	0	1177	16	-2107	0	0	-7	-26	4503	-2503
42	0	1177	16	-2107	0	0	-7	-26	4503	-2546
42	0	1177	16	-2107	0	0	-7	-26	4503	-2591
42	0	1155	36	-2061	0	0	-6	-26	4504	-2648
42	0	1155	36	-2061	0	0	-6	-26	4504	-2691
42	0	1141	37	-2024	0	0	-6	-26	4505	-2734
42	0	1141	37	-2024	0	0	-6	-26	4506	-2794
42	0	1141	37	-2024	0	0	-6	-26	4507	-2835
42	0	1141	37	-2024	0	0	-6	-26	4508	-2878
42	0	1141	37	-2024	0	0	-6	-26	4509	-2921
42	0	1141	37	-2024	0	0	-6	-26	4510	-2963
42	0	1141	37	-2024	0	0	-6	-26	4511	-3017
42	0	1121	32	-1945	0	0	-5	-25	4511	-3067
42	0	1121	32	-1945	0	0	-5	-25	4512	-3109
42	0	1112	18	-1903	0	1	-5	-25	4513	-3148
42	0	1112	18	-1903	0	1	-5	-25	4513	-3188
42	0	1112	18	-1903	0	1	-5	-25	4514	-3228
42	0	1112	18	-1903	0	1	-5	-25	4514	-3281
42	0	1112	18	-1903	0	1	-5	-25	4514	-3321
42	0	1112	18	-1903	0	1	-5	-25	4515	-3360
42	0	1112	18	-1903	0	1	-5	-25	4515	-3398
42	0	1112	18	-1903	0	1	-5	-25	4516	-3441
42	0	1107	172	-2162	0	0	0	-25	4516	-3481
42	0	1105	233	-2094	0	0	3	-25	4520	-3524
42	0	1105	233	-2094	0	0	3	-25	4526	-3582
42	0	1105	233	-2094	0	0	3	-25	4531	-3625
42	0	1101	176	-1984	0	0	5	-25	4536	-3669
42	0	1101	176	-1984	0	0	5	-25	4539	-3710
42	0	1101	176	-1984	0	0	5	-25	4543	-3752
42	0	1101	176	-1984	0	0	5	-25	4547	-3794
42	0	1101	176	-1984	0	0	5	-25	4550	-3835
42	0	1100	184	-1815	0	0	6	-25	4556	-3898
42	0	1100	263	-1721	0	0	8	-25	4560	-3935
42	0	1100	263	-1721	0	0	8	-25	4565	-3972
42	0	1100	263	-1721	0	0	8	-25	4571	-4008
42	0	1101	285	-1429	0	0	9	-26	4576	-4044
42	0	1101	285	-1429	0	0	9	-26	4584	-4083
42	0	1101	285	-1429	0	0	9	-26	4590	-4112
42	0	1101	285	-1429	0	0	9	-26	4596	-4142
42	0	1101	285	-1429	0	0	9	-26	4602	-4172
42	0	1099	300	-1070	0	0	10	-26	4608	-4202
41	0	1094	292	-781	0	0	11	-26	4614	-4225
41	0	1094	292	-781	0	0	11	-26	4622	-4246
41	0	1094	292	-781	0	0	11	-26	4628	-4262
41	0	1089	267	-551	0	0	11	-26	4634	-4278
41	0	1089	267	-551	0	0	11	-26	4640	-4291
41	0	1079	227	-375	0	0	10	-26	4647	-4305
41	0	1079	227	-375	0	0	10	-26	4652	-4313
41	0	1079	227	-375	0	0	10	-26	4658	-4323
41	0	1078	175	-211	0	0	8	-26	4663	-4331
41	0	1078	175	-211	0	0	8	-26	4667	-4335
41	0	1078	175	-211	0	0	8	-26	4670	-4340
41	0	1078	175	-211	0	0	8	-26	4674	-4344
41	0	1067	22	-191	0	1	2	-26	4680	-4351
41	0	1067	22	-191	0	1	2	-26	4680	-4355
41	0	1061	-110	-386	0	1	-2	-26	4680	-4359
41	0	1061	-110	-386	0	1	-2	-26	4678	-4367
41	0	1061	-110	-386	0	1	-2	-26	4676	-4375
41	0	1051	-153	-420	0	0	-4	-26	4673	-4383
41	0	1051	-153	-420	0	0	-4	-26	4669	-4394
41	0	1051	-153	-420	0	0	-4	-26	4666	-4403
41	0	1038	-36	-422	0	0	-5	-26	4663	-4412
41	0	1038	-36	-422	0	0	-5	-26	4662	-4421
41	0	1038	-36	-422	0	0	-5	-26	4661	-4429
41	0	1034	-51	-414	0	0	-5	-26	4661	-4438
41	0	1034	-51	-414	0	0	-5	-26	4659	-4449
41	0	1034	-51	-414	0	0	-5	-26	4658	-4458
41	0	1029	-47	-413	0	0	-5	-26	4657	-4466
41	0	1029	-47	-413	0	0	-5	-26	4656	-4475
41	0	1029	-47	-413	0	0	-5	-26	4655	-4484
41	0	1029	-47	-413	0	0	-5	-26	4654	-4493
41	0	1029	-47	-413	0	0	-5	-26	4653	-4503
41	0	1027	16	-428	0	-1	-4	-26	4652	-4512
41	0	1035	42	-345	0	-1	-2	-26	4652	-4521
41	0	1035	42	-345	0	-1	-2	-26	4653	-4528
41	0	1035	42	-345	0	-1	-2	-26	4654	-4536
41	0	1038	10	-293	0	-1	0	-26	4655	-4543
41	0	1038	10	-293	0	-1	0	-26	4655	-4549
41	0	1038	10	-293	0	-1	0	-26	4656	-4558
41	0	1038	10	-293	0	-1	0	-26	4656	-4564
41	0	1038	10	-293	0	-1	0	-26	4656	-4570
41	0	1038	10	-293	0	-1	0	-26	4656	-4577
41	0	1056	-81	-77	0	0	0	-26	4657	-4583
41	0	1056	-81	-77	0	0	0	-26	4655	-4585
41	0	1070	-112	-172	0	0	-1	-27	4652	-4587
41	0	1070	-112	-172	0	0	-1	-27	4650	-4590
41	0	1070	-112	-172	0	0	-1	-27	4648	-4594
41	0	1070	-112	-172	0	0	-1	-27	4645	-4598
41	0	1070	-112	-172	0	0	-1	-27	4643	-4601
41	0	1070	-112	-172	0	0	-1	-27	4641	-4605
41	0	1070	-112	-172	0	0	-1	-27	4638	-4609
41	0	1070	-112	-172	0	0	-1	-27	4635	-4614
41	0	1101	-103	-206	0	-1	-1	-27	4632	-4618
41	0	1115	-30	-168	0	-1	0	-27	4630	-4622
41	0	1115	-30	-168	0	-1	0	-27	4630	-4626
41	0	1132	-7	-121	0	-1	0	-27	4629	-4629
41	0	1132	-7	-121	0	-1	0	-27	4629	-4633
41	0	1132	-7	-121	0	-1	0	-27	4629	-4635
41	0	1132	-7	-121	0	-1	0	-27	4628	-4638
41	0	1150	-31	-76	0	-1	0	-27	4628	-4640
41	0	1150	-31	-76	0	-1	0	-27	4628	-4642
41	0	1150	-31	-76	0	-1	0	-27	4627	-4643
41	0	1168	-29	-41	0	0	-1	-27	4626	-4646
41	0	1168	-29	-41	0	0	-1	-27	4625	-4646
41	0	1168	-29	-41	0	0	-1	-27	4625	-4647
41	0	1185	-29	-26	0	0	-1	-27	4624	-4648
41	0	1185	-29	-26	0	0	-1	-27	4624	-4649
41	0	1185	-29	-26	0	0	-1	-27	4623	-4649
41	0	1185	-29	-26	0	0	-1	-27	4622	-4650
41	0	1185	-29	-26	0	0	-1	-27	4622	-4651
41	0	1185	-29	-26	0	0	-1	-27	4621	-4651
41	0	1216	-53	-8	0	0	-2	-27	4620	-4652
41	0	1216	-53	-8	0	0	-2	-27	4619	-4652
41	0	1226	-37	11	0	0	-2	-27	4618	-4652
41	0	1226	-37	11	0	0	-2	-27	4617	-4652
41	0	1226	-37	11	0	0	-2	-27	4616	-4651
41	0	1226	-37	11	0	0	-2	-27	4615	-4651
41	0	1226	-37	11	0	0	-2	-27	4615	-4651
41	0	1226	-37	11	0	0	-2	-27	4614	-4651
41	0	1226	-37	11	0	0	-2	-27	4613	-4650
41	0	1240	30	53	0	0	-2	-28	4612	-4650
41	0	1240	30	53	0	0	-2	-28	4613	-4649
41	0	1245	47	60	0	0	-2	-28	4613	-4648
41	0	1245	47	60	0	0	-2	-28	4614	-4647
41	0	1245	47	60	0	0	-2	-28	4615	-4645
41	0	1245	47	60	0	0	-2	-28	4617	-4643
41	0	1249	58	57	0	0	-3	-28	4618	-4642
41	0	1249	58	57	0	0	-3	-28	4619	-4641
41	0	1259	36	42	0	0	-3	-28	4620	-4640
41	0	1259	36	42	0	0	-3	-28	4621	-4639
41	0	1259	36	42	0	0	-3	-28	4622	-4638
41	0	1266	35	24	0	0	-3	-28	4622	-4637
41	0	1266	35	24	0	0	-3	-28	4623	-4636
41	0	1266	35	24	0	0	-3	-28	4624	-4636
41	0	1275	41	17	0	0	-2	-28	4625	-4635
41	0	1275	41	17	0	0	-2	-28	4626	-4635
41	0	1275	41	17	0	0	-2	-28	4626	-4635
41	0	1275	41	17	0	0	-2	-28	4627	-4634
41	0	1282	50	4	0	0	-2	-28	4628	-4634
41	0	1282	50	4	0	0	-2	-28	4630	-4634
41	0	1283	78	7	0	0	-2	-28	4631	-4634
41	0	1283	78	7	0	0	-2	-28	4633	-4634
41	0	1283	78	7	0	0	-2	-28	4634	-4633
41	0	1284	98	14	0	1	-1	-28	4636	-4633
41	0	1284	98	14	0	1	-1	-28	4638	-4633
41	0	1281	94	15	0	1	0	-28	4641	-4633
41	0	1281	94	15	0	1	0	-28	4643	-4632
41	0	1281	94	15	0	1	0	-28	4645	-4632
41	0	1281	94	15	0	1	0	-28	4647	-4632
41	0	1281	94	15	0	1	0	-28	4649	-4631
41	0	1281	94	15	0	1	0	-28	4651	-4631
41	0	1278	54	137	0	5	0	-28	4654	-4630
41	0	1278	54	137	0	5	0	-28	4655	-4627
41	0	1278	54	137	0	5	0	-28	4656	-4625
41	0	1282	-51	168	0	7	0	-28	4657	-4622
41	0	1282	-51	168	0	7	0	-28	4656	-4618
41	0	1282	-51	168	0	7	0	-28	4655	-4613
41	0	1282	-51	168	0	7	0	-28	4654	-4610
41	0	1282	-51	168	0	7	0	-28	4652	-4606
41	0	1282	-51	168	0	7	0	-28	4651	-4603
41	0	1279	-218	169	0	10	-1	-28	4650	-4598
41	0	1279	-218	169	0	10	-1	-28	4644	-4594
41	0	1279	-218	169	0	10	-1	-28	4639	-4590
41	0	1276	-302	140	0	10	-1	-29	4635	-4587
41	0	1276	-302	140	0	10	-1	-29	4629	-4584
41	0	1276	-302	140	0	10	-1	-29	4622	-4581
41	0	1276	-302	140	0	10	-1	-29	4616	-4578
41	0	1276	-302	140	0	10	-1	-29	4610	-4575
41	0	1276	-302	140	0	10	-1	-29	4600	-4570
41	0	1276	-302	140	0	10	-1	-29	4593	-4567
41	0	1282	-501	76	0	10	-1	-29	4587	-4564
41	0	1282	-501	76	0	10	-1	-29	4577	-4563
41	0	1269	-607	48	0	10	-1	-29	4567	-4561
41	0	1269	-607	48	0	10	-1	-29	4548	-4560
41	0	1269	-607	48	0	10	-1	-29	4536	-4559
41	0	1269	-607	48	0	10	-1	-29	4524	-4558
41	0	1269	-607	48	0	10	-1	-29	4511	-4557
41	0	1269	-607	48	0	10	-1	-29	4498	-4556
41	0	1269	-607	48	0	10	-1	-29	4485	-4555
41	0	1245	-808	0	0	9	-1	-29	4473	-4554
41	0	1240	-940	-28	0	9	-1	-29	4448	-4554
41	0	1240	-940	-28	0	9	-1	-29	4429	-4554
41	0	1240	-940	-28	0	9	-1	-29	4409	-4555
41	0	1232	-1137	-57	0	9	-1	-29	4389	-4556
41	0	1232	-1137	-57	0	9	-1	-29	4365	-4557
41	0	1232	-1137	-57	0	9	-1	-29	4342	-4558
41	0	1232	-1137	-57	0	9	-1	-29	4305	-4560
41	0	1232	-1137	-57	0	9	-1	-29	4281	-4561
41	0	1224	-1411	-57	0	8	0	-29	4257	-4562
41	0	1215	-1695	-36	0	8	0	-29	4228	-4564
41	0	1215	-1695	-36	0	8	0	-29	4193	-4564
41	0	1206	-1909	-6	0	8	0	-29	4157	-4565
41	0	1206	-1909	-6	0	8	0	-29	4101	-4565
41	0	1206	-1909	-6	0	8	0	-29	4062	-4565
41	0	1206	-1909	-6	0	8	0	-29	4020	-4566
41	0	1197	-2085	24	0	8	0	-29	3980	-4566
41	0	1197	-2085	24	0	8	0	-29	3936	-4565
41	0	1197	-2085	24	0	8	0	-29	3892	-4565
41	0	1173	-2101	44	0	8	0	-29	3841	-4564
41	0	1173	-2101	44	0	8	0	-29	3782	-4563
41	0	1145	-1804	63	0	8	0	-29	3738	-4562
41	0	1145	-1804	63	0	8	0	-29	3701	-4561
41	0	1145	-1804	63	0	8	0	-29	3663	-4559
41	0	1145	-1804	63	0	8	0	-29	3625	-4558
41	0	1145	-1804	63	0	8	0	-29	3587	-4557
41	0	1145	-1804	63	0	8	0	-29	3538	-4555
41	0	1145	-1804	63	0	8	0	-29	3500	-4554
41	0	1145	-1804	63	0	8	0	-29	3463	-4552
41	0	1117	-1818	83	0	8	0	-29	3418	-4551
41	0	1100	-1850	98	0	8	0	-29	3381	-4549
41	0	1100	-1850	98	0	8	0	-29	3328	-4546
41	0	1100	-1850	98	0	8	0	-29	3290	-4544
41	0	1099	-1873	117	0	8	0	-29	3252	-4542
41	0	1099	-1873	117	0	8	0	-29	3212	-4540
41	0	1099	-1873	117	0	8	0	-29	3167	-4537
41	0	1099	-1873	117	0	8	0	-29	3130	-4534
41	0	1099	-1873	117	0	8	0	-29	3092	-4532
41	0	1107	-1931	138	0	8	0	-29	3034	-4528
41	0	1106	-2036	150	0	8	0	-29	2994	-4525
41	0	1106	-2036	150	0	8	0	-29	2951	-4522
41	0	1106	-2036	150	0	8	0	-29	2908	-4519
40	0	1116	-2089	182	0	8	0	-29	2865	-4516
40	0	1116	-2089	182	0	8	0	-29	2803	-4510
40	0	1116	-2089	182	0	8	0	-29	2760	-4507
40	0	1116	-2089	182	0	8	0	-29	2716	-4503
40	0	1120	-2086	207	0	7	0	-29	2673	-4499
40	0	1124	-2205	244	0	7	0	-29	2622	-4494
40	0	1124	-2205	244	0	7	0	-29	2561	-4487
40	0	1124	-2205	244	0	7	0	-29	2515	-4482
40	0	1114	-2215	252	0	7	0	-28	2469	-4477
40	0	1114	-2215	252	0	7	0	-28	2422	-4472
40	0	1114	-2215	252	0	7	0	-28	2376	-4466
40	0	1114	-2215	252	0	7	0	-28	2329	-4461
40	0	1114	-2215	252	0	7	0	-28	2267	-4454
40	0	1115	-2208	251	0	8	0	-28	2222	-4449
40	0	1118	-2252	241	0	8	0	-29	2176	-4444
40	0	1118	-2252	241	0	8	0	-29	2130	-4439
40	0	1096	-2235	235	0	8	0	-29	2084	-4434
40	0	1096	-2235	235	0	8	0	-29	2014	-4426
40	0	1096	-2235	235	0	8	0	-29	1967	-4421
40	0	1096	-2235	235	0	8	0	-29	1921	-4417
40	0	1113	-2306	227	0	8	0	-29	1869	-4411
40	0	1113	-2306	227	0	8	0	-29	1820	-4406
40	0	1113	-2306	227	0	8	0	-29	1758	-4400
40	0	1118	-2249	137	0	5	-1	-29	1709	-4395
40	0	1118	-2249	137	0	5	-1	-29	1663	-4393
40	0	1118	-2249	137	0	5	-1	-29	1615	-4390
40	0	1118	-2249	137	0	5	-1	-29	1566	-4387
40	0	1118	-2249	137	0	5	-1	-29	1521	-4384
40	0	1140	-2310	125	0	3	-1	-28	1450	-4380
40	0	1180	-2260	122	0	3	-1	-28	1383	-4376
40	0	1180	-2260	122	0	3	-1	-28	1334	-4373
40	0	1194	-2208	106	0	3	-1	-29	1287	-4371
40	0	1194	-2208	106	0	3	-1	-29	1245	-4369
40	0	1194	-2208	106	0	3	-1	-29	1199	-4366
40	0	1194	-2208	106	0	3	-1	-29	1150	-4364
40	0	1194	-2208	106	0	3	-1	-29	1086	-4361
40	0	1194	-2208	106	0	3	-1	-29	1039	-4359
40	0	1194	-2208	106	0	3	-1	-29	993	-4356
40	0	1194	-2208	106	0	3	-1	-29	945	-4354
40	0	1211	-2028	52	0	-2	-3	-29	900	-4352
40	0	1217	-1907	20	0	-4	-3	-29	857	-4351
40	0	1217	-1907	20	0	-4	-3	-29	817	-4350
40	0	1217	-1907	20	0	-4	-3	-29	763	-4350
39	0	1222	-1871	35	0	-7	-3	-28	724	-4349
39	0	1222	-1871	35	0	-7	-3	-28	684	-4349
39	0	1222	-1871	35	0	-7	-3	-28	646	-4348
39	0	1222	-1871	35	0	-7	-3	-28	606	-4347
39	0	1222	-1871	35	0	-7	-3	-28	566	-4346
39	0	1224	-1999	73	0	-9	-3	-28	509	-4345
39	0	1225	-2027	83	0	-10	-3	-28	471	-4344
39	0	1225	-2027	83	0	-10	-3	-28	428	-4342
39	0	1225	-1983	100	0	-12	-2	-28	382	-4340
39	0	1225	-1983	100	0	-12	-2	-28	330	-4338
39	0	1225	-1983	100	0	-12	-2	-28	289	-4335
39	0	1225	-1983	100	0	-12	-2	-28	247	-4333
39	0	1225	-1983	100	0	-12	-2	-28	205	-4331
39	0	1225	-1983	100	0	-12	-2	-28	163	-4329
39	0	1226	-1720	182	0	-12	-1	-28	82	-4325
39	0	1226	-1720	182	0	-12	-1	-28	46	-4321
39	0	1226	-1720	182	0	-12	-1	-28	10	-4317
39	0	1225	-1548	215	0	-12	-1	-29	-27	-4313
39	0	1225	-1548	215	0	-12	-1	-29	-60	-4309
39	0	1225	-1548	215	0	-12	-1	-29	-92	-4304
39	0	1225	-1548	215	0	-12	-1	-29	-138	-4298
39	0	1225	-1548	215	0	-12	-1	-29	-170	-4293
39	0	1225	-1548	215	0	-12	-1	-29	-202	-4289
39	0	1225	-1548	215	0	-12	-1	-29	-236	-4284
39	0	1222	-1149	276	0	-10	-1	-29	-270	-4279
39	0	1220	-922	278	0	-9	-2	-29	-294	-4274
39	0	1220	-922	278	0	-9	-2	-29	-314	-4268
39	0	1220	-922	278	0	-9	-2	-29	-333	-4262
39	0	1213	-711	259	0	-8	-2	-29	-361	-4254
39	0	1213	-711	259	0	-8	-2	-29	-375	-4248
39	0	1213	-711	259	0	-8	-2	-29	-390	-4243
39	0	1209	-474	221	0	-7	-3	-29	-405	-4238
39	0	1209	-474	221	0	-7	-3	-29	-415	-4233
39	0	1209	-474	221	0	-7	-3	-29	-425	-4228
39	0	1206	-226	149	0	-6	-3	-29	-435	-4224
39	0	1206	-226	149	0	-6	-3	-29	-440	-4220
39	0	1206	-226	149	0	-6	-3	-29	-446	-4216
39	0	1201	56	90	0	-4	-3	-29	-451	-4213
39	0	1201	56	90	0	-4	-3	-29	-450	-4211
39	0	1201	56	90	0	-4	-3	-29	-448	-4209
39	0	1201	56	90	0	-4	-3	-29	-447	-4207
39	0	1201	56	90	0	-4	-3	-29	-446	-4205
39	0	1198	202	57	0	-2	-3	-29	-444	-4203
39	0	1186	305	49	0	0	-2	-30	-439	-4201
39	0	1186	305	49	0	0	-2	-30	-433	-4200
39	0	1186	305	49	0	0	-2	-30	-426	-4199
39	0	1191	374	34	0	2	-1	-30	-420	-4198
39	0	1191	374	34	0	2	-1	-30	-411	-4197
39	0	1185	442	26	0	4	0	-30	-399	-4196
39	0	1185	442	26	0	4	0	-30	-390	-4196
39	0	1185	442	26	0	4	0	-30	-380	-4195
39	0	1185	442	26	0	4	0	-30	-370	-4195
39	0	1190	453	68	0	7	0	-32	-361	-4194
39	0	1190	453	68	0	7	0	-32	-351	-4193
39	0	1185	480	125	0	8	1	-34	-342	-4191
39	0	1185	480	125	0	8	1	-34	-329	-4188
39	0	1185	480	125	0	8	1	-34	-319	-4185
39	0	1185	480	125	0	8	1	-34	-309	-4183
39	0	1185	480	125	0	8	1	-34	-299	-4180
39	0	1185	480	125	0	8	1	-34	-288	-4177
39	0	1185	480	125	0	8	1	-34	-278	-4174
39	0	1176	364	38	0	10	1	-36	-260	-4170
39	0	1176	364	38	0	10	1	-36	-253	-4169
39	0	1172	222	36	0	10	1	-37	-245	-4168
39	0	1172	222	36	0	10	1	-37	-241	-4168
39	0	1172	222	36	0	10	1	-37	-236	-4167
39	0	1172	222	36	0	10	1	-37	-231	-4166
39	0	1172	222	36	0	10	1	-37	-225	-4165
39	0	1171	163	18	0	8	0	-37	-220	-4164
39	0	1165	111	-11	0	7	0	-38	-216	-4164
39	0	1165	111	-11	0	7	0	-38	-214	-4164
39	0	1177	60	-21	0	6	0	-39	-211	-4164
39	0	1177	60	-21	0	6	0	-39	-209	-4165
39	0	1177	60	-21	0	6	0	-39	-208	-4165
39	0	1156	52	21	0	6	0	-41	-207	-4166
39	0	1156	52	21	0	6	0	-41	-206	-4165
39	0	1156	52	21	0	6	0	-41	-204	-4165
39	0	1156	52	21	0	6	0	-41	-203	-4164
39	0	1156	52	21	0	6	0	-41	-202	-4164
39	0	1156	52	21	0	6	0	-41	-201	-4163
39	0	1156	52	21	0	6	0	-41	-200	-4163
39	0	1153	-33	5	0	4	0	-44	-199	-4162
39	0	1153	-33	5	0	4	0	-44	-200	-4162
39	0	1152	-66	-9	0	2	0	-45	-200	-4162
39	0	1152	-66	-9	0	2	0	-45	-202	-4162
39	0	1152	-66	-9	0	2	0	-45	-203	-4163
39	0	1151	-82	-34	0	1	0	-46	-205	-4163
39	0	1151	-82	-34	0	1	0	-46	-207	-4164
39	0	1151	-82	-34	0	1	0	-46	-209	-4164
39	0	1151	-82	-34	0	1	0	-46	-210	-4165
39	0	1151	-82	-34	0	1	0	-46	-212	-4166
39	0	1156	-27	-72	0	0	0	-47	-214	-4167
39	0	1156	-27	-72	0	0	0	-47	-215	-4169
39	0	1156	-27	-72	0	0	0	-47	-215	-4170
39	0	1158	31	-48	0	0	0	-47	-216	-4172
39	0	1158	31	-48	0	0	0	-47	-215	-4173
39	0	1158	31	-48	0	0	0	-47	-214	-4174
39	0	1158	31	-48	0	0	0	-47	-214	-4175
39	0	1158	31	-48	0	0	0	-47	-213	-4176
39	0	1158	31	-48	0	0	0	-47	-212	-4177
39	0	1162	94	0	0	1	0	-48	-212	-4178
39	0	1162	94	0	0	1	0	-48	-210	-4178
39	0	1162	94	0	0	1	0	-48	-208	-4178
39	0	1174	100	-9	0	2	0	-48	-206	-4178
39	0	1174	100	-9	0	2	0	-48	-203	-4179
39	0	1174	100	-9	0	2	0	-48	-201	-4179
39	0	1174	100	-9	0	2	0	-48	-197	-4179
39	0	1174	100	-9	0	2	0	-48	-194	-4179
39	0	1174	100	-9	0	2	0	-48	-192	-4180
39	0	1152	95	-42	0	3	0	-48	-190	-4180
39	0	1152	95	-42	0	3	0	-48	-188	-4181
39	0	1154	62	-60	0	3	0	-49	-185	-4182
39	0	1154	62	-60	0	3	0	-49	-184	-4183
39	0	1154	62	-60	0	3	0	-49	-182	-4185
39	0	1154	62	-60	0	3	0	-49	-181	-4186
39	0	1154	62	-60	0	3	0	-49	-180	-4187
39	0	1154	62	-60	0	3	0	-49	-178	-4189
39	0	1154	62	-60	0	3	0	-49	-177	-4190
39	0	1156	47	-68	0	2	0	-49	-175	-4191
39	0	1175	73	-54	0	2	1	-49	-174	-4193
39	0	1176	84	-37	0	2	1	-49	-173	-4194
39	0	1176	84	-37	0	2	1	-49	-170	-4195
39	0	1177	47	-21	0	2	1	-49	-169	-4196
39	0	1177	47	-21	0	2	1	-49	-168	-4196
39	0	1177	47	-21	0	2	1	-49	-167	-4197
39	0	1177	47	-21	0	2	1	-49	-166	-4197
39	0	1177	47	-21	0	2	1	-49	-165	-4197
39	0	1177	47	-21	0	2	1	-49	-163	-4198
39	0	1183	-22	-10	0	2	1	-49	-162	-4199
39	0	1183	-22	-10	0	2	1	-49	-163	-4199
39	0	1183	-22	-10	0	2	1	-49	-163	-4199
39	0	1183	-32	-17	0	2	0	-49	-164	-4199
39	0	1183	-32	-17	0	2	0	-49	-164	-4200
39	0	1183	-32	-17	0	2	0	-49	-165	-4200
39	0	1183	-32	-17	0	2	0	-49	-166	-4200
39	0	1183	-32	-17	0	2	0	-49	-166	-4201
39	0	1183	-32	-17	0	2	0	-49	-167	-4201
39	0	1181	-5	-19	0	1	0	-49	-168	-4202
39	0	1181	-5	-19	0	1	0	-49	-168	-4202
39	0	1181	-5	-19	0	1	0	-49	-168	-4203
39	0	1169	-15	10	0	1	1	-49	-169	-4203
39	0	1169	-15	10	0	1	1	-49	-169	-4203
39	0	1169	-15	10	0	1	1	-49	-169	-4203
39	0	1169	-15	10	0	1	1	-49	-170	-4202
39	0	1168	-22	23	0	0	0	-49	-170	-4202
39	0	1168	-22	23	0	0	0	-49	-170	-4201
39	0	1168	22	48	0	0	0	-49	-171	-4201
39	0	1168	22	48	0	0	0	-49	-170	-4200
39	0	1168	22	48	0	0	0	-49	-170	-4199
39	0	1164	77	123	0	1	0	-51	-169	-4197
39	0	1164	77	123	0	1	0	-51	-168	-4195
39	0	1163	89	209	0	2	1	-53	-166	-4192
39	0	1163	89	209	0	2	1	-53	-164	-4188
39	0	1163	89	209	0	2	1	-53	-162	-4183
39	0	1163	16	185	0	3	0	-54	-159	-4175
39	0	1163	16	185	0	3	0	-54	-158	-4172
39	0	1163	16	185	0	3	0	-54	-158	-4168
39	0	1149	-48	126	0	2	-1	-56	-158	-4164
39	0	1149	-48	126	0	2	-1	-56	-159	-4161
39	0	1149	-48	126	0	2	-1	-56	-160	-4158
39	0	1146	32	110	0	2	-1	-59	-161	-4156
39	0	1146	32	110	0	2	-1	-59	-160	-4153
39	0	1146	32	110	0	2	-1	-59	-159	-4150
39	0	1136	38	92	0	2	-1	-61	-158	-4147
39	0	1136	38	92	0	2	-1	-61	-158	-4145
39	0	1136	38	92	0	2	-1	-61	-157	-4144
39	0	1136	38	92	0	2	-1	-62	-156	-4141
39	0	1136	49	49	0	1	-1	-62	-155	-4139
39	0	1135	35	17	0	1	-1	-64	-154	-4138
39	0	1135	35	17	0	1	-1	-64	-153	-4137
39	0	1135	35	17	0	1	-1	-64	-152	-4137
39	0	1141	-10	-12	0	0	-1	-65	-151	-4137
39	0	1141	-10	-12	0	0	-1	-65	-152	-4137
39	0	1141	-10	-12	0	0	-1	-65	-152	-4137
39	0	1141	-10	-12	0	0	-1	-65	-152	-4137
39	0	1141	-10	-12	0	0	-1	-65	-152	-4138
39	0	1145	-51	-36	0	0	0	-65	-153	-4138
39	0	1148	-48	-68	0	0	0	-66	-154	-4139
39	0	1148	-48	-68	0	0	0	-66	-155	-4140
39	0	1148	-48	-68	0	0	0	-66	-156	-4142
39	0	1150	-25	-80	0	0	0	-66	-157	-4143
39	0	1150	-25	-80	0	0	0	-66	-158	-4145
39	0	1150	-25	-80	0	0	0	-66	-158	-4147
39	0	1150	-25	-80	0	0	0	-66	-159	-4149
39	0	1150	-25	-80	0	0	0	-66	-159	-4150
39	0	1150	-25	-80	0	0	0	-66	-160	-4152
39	0	1106	34	-62	0	0	1	-67	-160	-4154
39	0	1106	34	-62	0	0	1	-67	-160	-4155
39	0	1106	34	-62	0	0	1	-67	-159	-4157
39	0	1093	-2	-66	0	0	1	-67	-158	-4158
39	0	1093	-2	-66	0	0	1	-67	-158	-4160
39	0	1093	-2	-66	0	0	1	-67	-158	-4161
39	0	1093	-2	-66	0	0	1	-67	-158	-4162
39	0	1093	-2	-66	0	0	1	-67	-158	-4165
39	0	1095	7	-66	0	0	1	-68	-158	-4166
39	0	1075	29	-67	0	0	1	-68	-158	-4168
39	0	1075	29	-67	0	0	1	-68	-157	-4169
39	0	1066	17	-43	0	0	1	-68	-157	-4171
39	0	1066	17	-43	0	0	1	-68	-156	-4172
39	0	1066	17	-43	0	0	1	-68	-156	-4172
39	0	1066	17	-43	0	0	1	-68	-156	-4174
39	0	1066	17	-43	0	0	1	-68	-155	-4175
39	0	1066	17	-43	0	0	1	-68	-155	-4175
39	0	1066	17	-43	0	0	1	-68	-154	-4176
39	0	1080	44	-19	0	0	3	-68	-154	-4177
39	0	1080	44	-19	0	0	3	-68	-153	-4178
39	0	1092	26	95	0	0	6	-68	-152	-4178
39	0	1092	26	95	0	0	6	-68	-152	-4176
39	0	1092	26	95	0	0	6	-68	-151	-4174
39	0	1092	26	95	0	0	6	-68	-150	-4172
39	0	1092	26	95	0	0	6	-68	-150	-4170
39	0	1092	26	95	0	0	6	-68	-149	-4168
39	0	1092	26	95	0	0	6	-68	-149	-4166
39	0	1115	67	257	0	0	9	-68	-148	-4164
39	0	1115	67	257	0	0	9	-68	-146	-4155
39	0	1128	40	365	0	0	10	-68	-145	-4150
39	0	1128	40	365	0	0	10	-68	-144	-4142
39	0	1128	40	365	0	0	10	-68	-143	-4133
39	0	1141	38	482	0	0	10	-68	-142	-4126
39	0	1141	38	482	0	0	10	-68	-141	-4116
39	0	1141	38	482	0	0	10	-68	-140	-4106
39	0	1141	38	482	0	0	10	-68	-139	-4095
39	0	1141	38	482	0	0	10	-68	-139	-4085
38	0	1154	60	587	0	0	10	-68	-138	-4074
38	0	1177	-1	694	0	0	10	-68	-137	-4062
38	0	1177	-1	694	0	0	10	-68	-137	-4044
38	0	1177	-1	694	0	0	10	-68	-137	-4030
38	0	1192	-4	795	0	0	10	-68	-137	-4015
38	0	1192	-4	795	0	0	10	-68	-137	-3999
38	0	1192	-4	795	0	0	10	-68	-137	-3982
38	0	1192	-4	795	0	0	10	-68	-137	-3965
38	0	1192	-4	795	0	0	10	-68	-137	-3945
38	0	1192	-4	795	0	0	10	-68	-137	-3928
38	0	1232	29	938	0	0	10	-68	-137	-3911
38	0	1232	29	938	0	0	10	-68	-137	-3892
38	0	1232	29	938	0	0	10	-68	-136	-3872
38	0	1248	44	1030	0	0	10	-68	-135	-3852
38	0	1248	44	1030	0	0	10	-68	-134	-3822
38	0	1248	44	1030	0	0	10	-68	-133	-3801
38	0	1248	44	1030	0	0	10	-68	-132	-3779
38	0	1248	44	1030	0	0	10	-68	-131	-3756
38	0	1248	44	1030	0	0	10	-68	-130	-3736
38	0	1293	81	1209	0	0	9	-68	-129	-3714
38	0	1293	81	1209	0	0	9	-68	-127	-3673
38	0	1321	89	1293	0	0	9	-68	-125	-3649
38	0	1321	89	1293	0	0	9	-68	-123	-3622
38	0	1321	89	1293	0	0	9	-68	-121	-3594
38	0	1321	89	1293	0	0	9	-68	-119	-3567
38	0	1321	89	1293	0	0	9	-68	-117	-3540
38	0	1321	89	1293	0	0	9	-68	-116	-3513
38	0	1321	89	1293	0	0	9	-68	-113	-3481
38	0	1321	89	1293	0	0	9	-68	-111	-3455
38	0	1359	93	1580	0	0	9	-68	-110	-3428
38	0	1351	114	1669	0	0	9	-68	-108	-3394
38	0	1351	114	1669	0	0	9	-68	-105	-3359
38	0	1351	114	1669	0	0	9	-68	-103	-3324
38	0	1343	121	1750	0	0	9	-68	-100	-3289
38	0	1343	121	1750	0	0	9	-68	-97	-3243
38	0	1343	121	1750	0	0	9	-68	-95	-3207
38	0	1343	121	1750	0	0	9	-68	-92	-3170
38	0	1343	121	1750	0	0	9	-68	-90	-3133
38	0	1333	121	1819	0	0	9	-68	-87	-3095
38	0	1318	126	1859	0	0	8	-68	-84	-3046
38	0	1318	126	1859	0	0	8	-68	-81	-3009
38	0	1318	126	1859	0	0	8	-68	-78	-2969
38	0	1301	149	1961	0	0	8	-69	-76	-2931
38	0	1301	149	1961	0	0	8	-69	-73	-2889
38	0	1301	149	1961	0	0	8	-69	-70	-2848
38	0	1301	149	1961	0	0	8	-69	-66	-2807
38	0	1301	149	1961	0	0	8	-69	-63	-2756
38	0	1283	182	2215	0	0	8	-69	-59	-2710
38	0	1267	221	2412	0	1	8	-69	-55	-2664
38	0	1267	221	2412	0	1	8	-69	-51	-2614
38	0	1267	221	2412	0	1	8	-69	-46	-2563
38	0	1253	247	2542	0	1	8	-69	-40	-2502
38	0	1253	247	2542	0	1	8	-69	-35	-2449
38	0	1253	247	2542	0	1	8	-69	-30	-2396
38	0	1253	247	2542	0	1	8	-69	-25	-2343
38	0	1253	247	2542	0	1	8	-69	-20	-2289
38	0	1253	247	2542	0	1	8	-69	-14	-2236
38	0	1227	220	2761	0	1	7	-69	-7	-2163
38	0	1227	220	2761	0	1	7	-69	-3	-2107
38	0	1227	220	2761	0	1	7	-69	3	-2021
38	0	1216	217	2837	0	1	7	-69	8	-1963
38	0	1216	217	2837	0	1	7	-69	12	-1902
38	0	1216	217	2837	0	1	7	-69	17	-1843
38	0	1210	214	2873	0	1	7	-69	21	-1785
38	0	1210	214	2873	0	1	7	-69	26	-1724
38	0	1210	214	2873	0	1	7	-69	30	-1664
38	0	1210	214	2873	0	1	7	-69	36	-1587
38	0	1210	214	2873	0	1	7	-69	40	-1528
38	0	1210	214	2873	0	1	7	-69	45	-1468
38	0	1210	214	2873	0	1	7	-69	49	-1408
38	0	1204	191	2900	0	1	5	-69	54	-1350
38	0	1203	192	2889	0	2	2	-69	58	-1289
38	0	1193	179	2763	0	2	0	-69	62	-1228
38	0	1193	179	2763	0	2	0	-69	66	-1159
38	0	1193	179	2763	0	2	0	-69	70	-1101
38	0	1195	156	2032	0	2	-2	-69	74	-1043
38	0	1195	156	2032	0	2	-2	-69	77	-1001
38	0	1195	156	2032	0	2	-2	-69	80	-958
38	0	1195	156	2032	0	2	-2	-69	84	-915
38	0	1195	156	2032	0	2	-2	-69	87	-873
38	0	1197	154	1655	0	2	-4	-69	90	-830
38	0	1214	172	1502	0	2	-6	-69	93	-795
38	0	1214	172	1502	0	2	-6	-69	97	-764
38	0	1214	172	1502	0	2	-6	-69	101	-727
38	0	1230	164	1426	0	2	-8	-69	105	-696
38	0	1230	164	1426	0	2	-8	-69	108	-666
38	0	1230	164	1426	0	2	-8	-69	112	-635
38	0	1230	164	1426	0	2	-8	-69	115	-606
38	0	1230	164	1426	0	2	-8	-69	119	-571
38	0	1230	164	1426	0	2	-8	-69	123	-542
38	0	1281	191	1185	0	2	-12	-69	126	-512
38	0	1281	191	1185	0	2	-12	-69	130	-487
38	0	1281	191	1185	0	2	-12	-69	134	-462
38	0	1302	230	969	0	3	-13	-69	138	-437
38	0	1302	230	969	0	3	-13	-69	143	-417
38	0	1302	230	969	0	3	-13	-69	148	-396
38	0	1342	271	657	0	3	-14	-69	154	-370
38	0	1342	271	657	0	3	-14	-69	160	-356
38	0	1342	271	657	0	3	-14	-69	165	-343
38	0	1342	271	657	0	3	-14	-69	171	-328
38	0	1364	355	428	0	3	-10	-69	177	-314
38	0	1364	355	428	0	3	-10	-69	185	-305
38	0	1377	480	279	0	3	-4	-68	192	-296
38	0	1377	480	279	0	3	-4	-68	202	-290
38	0	1377	480	279	0	3	-4	-68	215	-283
38	0	1377	480	279	0	3	-4	-68	225	-277
38	0	1377	480	279	0	3	-4	-68	235	-271
38	0	1377	480	279	0	3	-4	-68	245	-265
38	0	1377	480	279	0	3	-4	-68	255	-260
38	0	1355	337	167	0	3	0	-68	265	-254
38	0	1355	337	167	0	3	0	-68	272	-250
38	0	1336	217	147	0	2	1	-68	279	-247
38	0	1336	217	147	0	2	1	-68	284	-244
38	0	1336	217	147	0	2	1	-68	289	-240
38	0	1301	174	253	0	2	3	-68	294	-237
38	0	1301	174	253	0	2	3	-68	297	-231
38	0	1301	174	253	0	2	3	-68	301	-226
38	0	1301	174	253	0	2	3	-68	305	-221
38	0	1214	162	335	0	1	6	-68	308	-215
38	0	1214	162	335	0	1	6	-68	312	-208
38	0	1138	167	380	0	0	8	-68	315	-201
38	0	1138	167	380	0	0	8	-68	319	-193
38	0	1138	167	380	0	0	8	-68	322	-185
38	0	1138	167	380	0	0	8	-68	326	-177
38	0	1138	167	380	0	0	8	-68	329	-169
38	0	1138	167	380	0	0	8	-68	333	-161
38	0	1138	167	380	0	0	8	-68	336	-154
38	0	1138	91	431	0	0	9	-68	340	-145
38	0	1044	51	462	0	0	8	-68	342	-136
38	0	995	41	446	0	0	6	-68	343	-126
38	0	995	41	446	0	0	6	-68	344	-117
38	0	995	41	446	0	0	6	-68	345	-107
38	0	995	41	446	0	0	6	-68	346	-98
38	0	995	41	446	0	0	6	-68	347	-88
38	0	995	41	446	0	0	6	-68	348	-79
38	0	995	41	446	0	0	6	-68	348	-70
38	0	995	41	446	0	0	6	-68	349	-60
38	0	910	0	387	0	0	1	-68	350	-50
37	0	903	-25	409	0	0	0	-68	350	-41
37	0	903	-25	409	0	0	0	-68	350	-33
37	0	903	-25	409	0	0	0	-68	349	-25
37	0	903	-25	409	0	0	0	-68	349	-16
37	0	880	-10	372	0	0	-2	-68	348	-8
37	0	880	-10	372	0	0	-2	-68	348	0
37	0	880	-10	372	0	0	-2	-68	348	9
37	0	880	-10	372	0	0	-2	-68	347	17
37	0	880	-10	372	0	0	-2	-68	347	25
37	0	875	8	249	0	0	-4	-68	347	34
37	0	889	34	170	0	0	-4	-68	347	39
37	0	889	34	170	0	0	-4	-68	348	42
37	0	907	68	128	0	0	-2	-68	349	47
37	0	907	68	128	0	0	-2	-68	350	50
37	0	907	68	128	0	0	-2	-68	352	53
37	0	907	68	128	0	0	-2	-68	353	56
37	0	926	76	138	0	0	0	-68	355	58
37	0	926	76	138	0	0	0	-68	357	63
37	0	945	69	128	0	0	0	-68	359	66
37	0	945	69	128	0	0	0	-68	360	68
37	0	945	69	128	0	0	0	-68	362	71
37	0	960	49	148	0	0	0	-68	363	74
37	0	960	49	148	0	0	0	-68	364	77
37	0	960	49	148	0	0	0	-68	365	80
37	0	960	49	148	0	0	0	-68	366	83
37	0	982	27	139	0	0	0	-68	368	88
37	0	982	27	139	0	0	0	-68	368	91
37	0	995	23	132	0	0	0	-68	369	94
37	0	995	23	132	0	0	0	-68	369	97
37	0	995	23	132	0	0	0	-68	370	99
37	0	1012	41	139	0	0	1	-70	370	102
37	0	1012	41	139	0	0	1	-70	372	106
37	0	1012	41	139	0	0	1	-70	373	109
37	0	1019	59	197	0	0	2	-72	374	112
37	0	1019	59	197	0	0	2	-72	375	116
37	0	1019	59	197	0	0	2	-72	376	121
37	0	1031	47	231	0	0	3	-74	377	125
37	0	1031	47	231	0	0	3	-74	379	132
37	0	1041	-3	225	0	0	2	-76	380	138
37	0	1041	-3	225	0	0	2	-76	380	143
37	0	1041	-3	225	0	0	2	-76	380	147
37	0	1055	-20	201	0	0	1	-78	380	152
37	0	1055	-20	201	0	0	1	-78	379	156
37	0	1055	-20	201	0	0	1	-78	379	162
37	0	1055	-20	201	0	0	1	-78	378	166
36	0	1073	25	211	0	0	1	-82	378	170
36	0	1073	25	211	0	0	1	-82	378	175
36	0	1081	38	214	0	0	1	-86	379	179
36	0	1081	38	214	0	0	1	-86	380	184
36	0	1081	38	214	0	0	1	-86	381	188
36	0	1081	38	214	0	0	1	-86	382	194
36	0	1081	38	214	0	0	1	-86	382	199
36	0	1081	38	214	0	0	1	-86	383	203
36	0	1081	38	214	0	0	1	-86	384	208
36	0	1099	9	138	0	0	0	-90	385	212
36	0	1125	10	94	0	-1	0	-92	385	217
36	0	1125	10	94	0	-1	0	-92	385	219
36	0	1125	10	94	0	-1	0	-92	386	221
36	0	1138	14	54	0	-1	0	-93	386	223
36	0	1138	14	54	0	-1	0	-93	386	224
36	0	1135	55	18	0	-1	0	-94	387	226
36	0	1135	55	18	0	-1	0	-94	388	227
36	0	1135	55	18	0	-1	0	-94	390	227
36	0	1127	90	-11	0	-1	0	-95	391	228
36	0	1127	90	-11	0	-1	0	-95	393	227
36	0	1127	90	-11	0	-1	0	-95	396	227
36	0	1127	127	-23	0	0	1	-95	398	227
36	0	1127	127	-23	0	0	1	-95	400	226
36	0	1127	127	-23	0	0	1	-95	403	226
36	0	1122	112	-33	0	0	1	-96	406	225
36	0	1122	112	-33	0	0	1	-96	408	225
36	0	1119	105	-53	0	0	2	-96	410	224
36	0	1119	105	-53	0	0	2	-96	413	222
36	0	1119	105	-53	0	0	2	-96	416	221
36	0	1119	105	-53	0	0	2	-96	418	220
36	0	1119	108	-55	0	0	2	-96	420	219
36	0	1119	108	-55	0	0	2	-96	422	218
36	0	1119	108	-55	0	0	2	-96	425	217
36	0	1119	108	-55	0	0	2	-96	428	215
36	0	1119	108	-55	0	0	2	-96	430	214
36	0	1119	108	-55	0	0	2	-96	432	213
36	0	1119	108	-55	0	0	2	-96	434	212
36	0	1119	108	-55	0	0	2	-96	437	210
36	0	1112	75	-84	0	0	1	-97	439	209
36	0	1108	72	-107	0	0	1	-97	440	208
36	0	1108	72	-107	0	0	1	-97	443	204
36	0	1108	72	-107	0	0	1	-97	444	202
36	0	1103	88	-132	0	0	1	-97	446	200
36	0	1103	88	-132	0	0	1	-97	447	197
36	0	1103	88	-132	0	0	1	-97	449	194
36	0	1090	105	-151	0	0	1	-97	451	191
36	0	1090	105	-151	0	0	1	-97	454	187
36	0	1080	165	-167	0	0	1	-97	456	184
36	0	1080	165	-167	0	0	1	-97	460	181
36	0	1080	165	-167	0	0	1	-97	463	177
36	0	1080	165	-167	0	0	1	-97	467	173
36	0	1080	165	-167	0	0	1	-97	470	170
36	0	1080	165	-167	0	0	1	-97	475	166
36	0	1060	149	-131	0	1	3	-97	478	162
36	0	1060	149	-131	0	1	3	-97	481	159
36	0	1060	149	-131	0	1	3	-97	484	157
36	0	1065	65	-102	0	2	3	-97	488	154
36	0	1065	65	-102	0	2	3	-97	489	152
36	0	1065	65	-102	0	2	3	-97	490	149
36	0	1060	28	-83	0	2	2	-97	492	146
36	0	1060	28	-83	0	2	2	-97	493	145
36	0	1060	28	-83	0	2	2	-97	493	143
36	0	1066	0	-74	0	3	1	-97	494	141
36	0	1066	0	-74	0	3	1	-97	494	140
36	0	1066	0	-74	0	3	1	-97	494	137
36	0	1060	-55	-56	0	5	1	-97	494	136
36	0	1060	-55	-56	0	5	1	-97	493	134
36	0	1060	-55	-56	0	5	1	-97	492	133
36	0	1054	-99	-59	0	7	0	-97	491	132
36	0	1054	-99	-59	0	7	0	-97	488	131
36	0	1054	-99	-59	0	7	0	-97	486	129
36	0	1056	-154	-104	0	6	0	-97	484	128
36	0	1056	-154	-104	0	6	0	-97	481	126
36	0	1056	-154	-104	0	6	0	-97	477	124
36	0	1064	-162	-176	0	2	1	-97	474	122
36	0	1064	-162	-176	0	2	1	-97	470	117
36	0	1064	-162	-176	0	2	1	-97	466	113
36	0	1064	-162	-176	0	2	1	-97	463	109
36	0	1064	-162	-176	0	2	1	-97	459	106
36	0	1064	-162	-176	0	2	1	-97	456	102
36	0	1064	-162	-176	0	2	1	-97	451	97
36	0	1049	-45	-205	0	-1	3	-97	448	93
36	0	1044	-5	-65	0	-2	5	-97	447	88
36	0	1044	-5	-65	0	-2	5	-97	447	87
36	0	1044	-5	-65	0	-2	5	-97	447	85
36	0	1039	0	66	0	-1	7	-97	446	84
36	0	1039	0	66	0	-1	7	-97	446	85
36	0	1039	0	66	0	-1	7	-97	446	86
36	0	1038	-79	121	0	-1	5	-98	446	88
36	0	1038	-79	121	0	-1	5	-98	445	90
36	0	1038	-79	121	0	-1	5	-98	443	93
36	0	1028	-149	42	0	-1	1	-98	441	96
36	0	1028	-149	42	0	-1	1	-98	438	97
36	0	1028	-149	42	0	-1	1	-98	435	98
36	0	1014	-129	20	0	-2	0	-98	431	99
36	0	1014	-129	20	0	-2	0	-98	429	99
36	0	1014	-129	20	0	-2	0	-98	425	100
36	0	999	-60	61	0	-3	-2	-100	421	101
36	0	999	-60	61	0	-3	-2	-100	420	102
36	0	982	34	47	0	-3	-2	-102	419	103
36	0	982	34	47	0	-3	-2	-102	420	104
36	0	982	34	47	0	-3	-2	-102	420	105
36	0	974	41	8	0	-2	-2	-103	422	107
36	0	974	41	8	0	-2	-2	-103	422	107
36	0	974	41	8	0	-2	-2	-103	423	107
36	0	961	63	-13	0	-1	-1	-105	424	107
36	0	961	63	-13	0	-1	-1	-105	426	107
36	0	948	66	-1	0	0	0	-108	428	107
36	0	948	66	-1	0	0	0	-108	430	107
36	0	948	66	-1	0	0	0	-108	431	107
36	0	935	61	-41	0	0	0	-109	432	107
36	0	935	61	-41	0	0	0	-109	434	106
36	0	935	61	-41	0	0	0	-109	435	105
36	0	922	62	-52	0	0	0	-112	436	104
36	0	922	62	-52	0	0	0	-112	438	103
36	0	922	62	-52	0	0	0	-112	439	101
36	0	924	59	-26	0	1	1	-114	441	100
36	0	924	59	-26	0	1	1	-114	442	100
36	0	924	59	-26	0	1	1	-114	443	99
36	0	916	29	-51	0	1	1	-116	445	99
36	0	916	29	-51	0	1	1	-116	445	97
36	0	916	29	-51	0	1	1	-116	446	96
36	0	916	29	-51	0	1	1	-116	447	95
36	0	916	29	-51	0	1	1	-116	447	94
36	0	916	29	-51	0	1	1	-116	448	93
36	0	916	29	-51	0	1	1	-116	448	92
36	0	905	9	-100	0	2	0	-119	449	91
36	0	899	-18	-101	0	4	0	-119	449	87
36	0	899	-18	-101	0	4	0	-119	449	85
36	0	899	-18	-101	0	4	0	-119	449	83
36	0	899	-18	-101	0	4	0	-119	448	81
36	0	893	-167	-181	0	4	0	-120	448	79
36	0	893	-167	-181	0	4	0	-120	443	74
36	0	886	-156	-190	0	2	1	-120	439	70
36	0	886	-156	-190	0	2	1	-120	436	66
36	0	886	-156	-190	0	2	1	-120	433	62
36	0	886	-156	-190	0	2	1	-120	430	58
36	0	886	-156	-190	0	2	1	-120	426	54
36	0	886	-156	-190	0	2	1	-120	422	49
36	0	886	-156	-190	0	2	1	-120	419	45
36	0	855	-66	-88	0	0	4	-121	415	41
36	0	855	-66	-88	0	0	4	-121	414	39
36	0	886	-52	-20	0	-1	7	-121	413	37
36	0	886	-52	-20	0	-1	7	-121	411	36
36	0	886	-52	-20	0	-1	7	-121	410	36
36	0	886	-52	-20	0	-1	7	-121	409	36
36	0	886	-52	-20	0	-1	7	-121	408	35
36	0	905	-37	51	0	-1	8	-121	407	35
36	0	906	-78	113	0	-1	9	-122	406	36
36	0	906	-78	113	0	-1	9	-122	403	39
36	0	906	-78	113	0	-1	9	-122	402	42
36	0	906	-151	182	0	-1	8	-122	400	44
36	0	906	-151	182	0	-1	8	-122	397	48
36	0	906	-151	182	0	-1	8	-122	394	52
36	0	906	-151	182	0	-1	8	-122	390	57
36	0	903	-217	182	0	-1	5	-122	386	60
36	0	899	-204	213	0	-1	2	-122	379	66
36	0	899	-204	213	0	-1	2	-122	375	71
36	0	899	-204	213	0	-1	2	-122	371	75
36	0	904	-169	214	0	-1	0	-122	366	81
36	0	904	-169	214	0	-1	0	-122	362	85
36	0	895	-129	212	0	-1	-1	-122	358	90
36	0	895	-129	212	0	-1	-1	-122	354	97
36	0	895	-129	212	0	-1	-1	-122	351	102
36	0	886	-77	192	0	-1	-2	-122	348	107
36	0	886	-77	192	0	-1	-2	-122	346	111
36	0	886	-77	192	0	-1	-2	-122	345	115
36	0	877	-13	139	0	-2	-3	-122	343	120
36	0	877	-13	139	0	-2	-3	-122	342	123
36	0	877	-13	139	0	-2	-3	-122	342	126
36	0	859	72	96	0	-1	-3	-122	342	129
36	0	859	72	96	0	-1	-3	-122	343	131
36	0	859	72	96	0	-1	-3	-122	345	133
36	0	859	72	96	0	-1	-3	-122	346	135
36	0	859	72	96	0	-1	-3	-122	348	137
36	0	859	72	96	0	-1	-3	-122	349	139
35	0	827	137	-42	0	0	-2	-122	351	141
35	0	827	137	-42	0	0	-2	-122	355	140
35	0	827	137	-42	0	0	-2	-122	359	139
35	0	816	136	-87	0	1	-1	-122	362	138
35	0	816	136	-87	0	1	-1	-122	365	136
35	0	816	136	-87	0	1	-1	-122	368	134
35	0	805	107	-69	0	1	0	-122	371	132
35	0	805	107	-69	0	1	0	-122	374	130
35	0	795	72	-34	0	1	0	-122	376	129
35	0	795	72	-34	0	1	0	-122	378	128
35	0	795	72	-34	0	1	0	-122	379	127
35	0	795	72	-34	0	1	0	-122	381	127
35	0	794	31	-78	0	1	0	-122	382	126
35	0	794	31	-78	0	1	0	-122	383	123
35	0	790	77	-93	0	0	2	-122	384	121
35	0	790	77	-93	0	0	2	-122	385	120
35	0	790	77	-93	0	0	2	-122	387	118
35	0	783	127	-47	0	0	3	-122	389	116
35	0	783	127	-47	0	0	3	-122	392	114
35	0	772	75	42	0	0	3	-122	396	113
35	0	772	75	42	0	0	3	-122	397	114
35	0	772	75	42	0	0	3	-122	399	115
35	0	772	75	42	0	0	3	-122	400	115
35	0	772	75	42	0	0	3	-122	402	116
35	0	772	75	42	0	0	3	-122	404	117
35	0	772	75	42	0	0	3	-122	406	118
35	0	757	-34	-16	0	0	0	-122	408	119
35	0	757	-34	-16	0	0	0	-122	407	119
35	0	756	-46	-46	0	0	0	-122	406	119
35	0	756	-46	-46	0	0	0	-122	405	118
35	0	756	-46	-46	0	0	0	-122	404	116
35	0	756	-46	-46	0	0	0	-122	403	115
35	0	756	-46	-46	0	0	0	-122	402	115
35	0	755	-15	-34	0	0	-1	-122	401	114
35	0	751	16	-28	0	0	-1	-122	401	113
35	0	751	16	-28	0	0	-1	-122	401	112
35	0	751	16	-28	0	0	-1	-122	401	111
35	0	749	12	-89	0	0	0	-122	402	111
35	0	749	12	-89	0	0	0	-122	402	109
35	0	749	12	-89	0	0	0	-122	402	107
35	0	746	49	-81	0	0	0	-122	402	105
35	0	746	49	-81	0	0	0	-122	403	103
35	0	746	49	-81	0	0	0	-122	405	101
35	0	744	80	34	0	0	2	-123	406	100
35	0	744	80	34	0	0	2	-123	408	100
35	0	744	80	34	0	0	2	-123	410	101
35	0	741	82	108	0	1	4	-125	412	102
35	0	741	82	108	0	1	4	-125	413	104
35	0	737	-5	108	0	2	2	-126	415	107
35	0	737	-5	108	0	2	2	-126	415	110
35	0	737	-5	108	0	2	2	-126	415	112
35	0	737	-5	108	0	2	2	-126	415	114
35	0	737	-5	108	0	2	2	-126	415	117
35	0	737	-96	40	0	1	0	-127	414	120
35	0	737	-110	-52	0	0	-1	-128	412	121
35	0	737	-110	-52	0	0	-1	-128	410	119
35	0	737	-110	-52	0	0	-1	-128	408	118
35	0	732	-78	-67	0	0	-1	-129	405	117
35	0	732	-78	-67	0	0	-1	-129	404	116
35	0	732	-78	-67	0	0	-1	-129	402	114
35	0	728	-5	-11	0	-1	-1	-131	400	113
35	0	728	-5	-11	0	-1	-1	-131	400	112
35	0	728	-5	-11	0	-1	-1	-131	400	112
35	0	725	40	-11	0	-1	-1	-135	400	112
35	0	725	40	-11	0	-1	-1	-135	401	112
35	0	725	40	-11	0	-1	-1	-135	401	111
35	0	724	41	-58	0	0	-1	-137	402	111
35	0	724	41	-58	0	0	-1	-137	403	110
35	0	724	41	-58	0	0	-1	-137	404	109
35	0	725	8	-67	0	0	-1	-139	405	107
35	0	725	8	-67	0	0	-1	-139	405	106
35	0	725	8	-67	0	0	-1	-139	406	104
35	0	725	8	-67	0	0	-1	-139	406	103
35	0	725	8	-67	0	0	-1	-139	406	101
35	0	729	-2	-105	0	0	0	-140	406	100
35	0	728	17	-92	0	0	2	-141	406	97
35	0	728	17	-92	0	0	2	-141	406	95
35	0	728	17	-92	0	0	2	-141	407	93
35	0	731	67	-65	0	0	5	-142	407	91
35	0	731	67	-65	0	0	5	-142	409	90
35	0	731	67	-65	0	0	5	-142	410	88
35	0	731	67	-65	0	0	5	-142	411	87
35	0	731	67	-65	0	0	5	-142	413	85
35	0	731	67	-65	0	0	5	-142	415	84
35	0	737	41	52	0	0	9	-143	416	82
35	0	737	41	52	0	0	9	-143	417	84
35	0	737	41	52	0	0	9	-143	418	85
35	0	740	-4	141	0	0	10	-144	419	86
35	0	740	-4	141	0	0	10	-144	419	90
35	0	740	-4	141	0	0	10	-144	418	93
35	0	742	-62	255	0	0	10	-144	418	96
35	0	742	-62	255	0	0	10	-144	417	101
35	0	742	-62	255	0	0	10	-144	416	107
35	0	743	-123	341	0	0	10	-144	414	112
35	0	743	-123	341	0	0	10	-144	412	119
35	0	743	-123	341	0	0	10	-144	409	128
35	0	744	-153	430	0	0	9	-145	406	135
35	0	744	-153	430	0	0	9	-145	403	144
35	0	744	-153	430	0	0	9	-145	400	153
35	0	744	-153	430	0	0	9	-145	397	162
35	0	744	-153	430	0	0	9	-145	393	171
35	0	744	-153	430	0	0	9	-145	390	180
35	0	753	-257	458	0	0	3	-145	387	190
35	0	753	-257	458	0	0	3	-145	381	200
35	0	753	-257	458	0	0	3	-145	374	212
35	0	755	-261	495	0	0	1	-145	369	221
35	0	755	-261	495	0	0	1	-145	363	232
35	0	755	-261	495	0	0	1	-145	358	242
35	0	755	-261	495	0	0	1	-145	352	253
35	0	755	-261	495	0	0	1	-145	347	263
35	0	754	-289	570	0	0	-4	-145	341	273
35	0	754	-289	570	0	0	-4	-145	334	288
35	0	754	-289	570	0	0	-4	-145	328	300
35	0	754	-289	570	0	0	-4	-145	322	312
35	0	756	-259	480	0	0	-5	-145	316	324
35	0	756	-259	480	0	0	-5	-145	311	334
35	0	756	-259	480	0	0	-5	-145	305	344
35	0	751	-164	388	0	0	-3	-145	300	354
35	0	751	-164	388	0	0	-3	-145	294	366
35	0	749	-78	338	0	0	0	-144	291	374
35	0	749	-78	338	0	0	0	-144	289	382
35	0	749	-78	338	0	0	0	-144	288	389
35	0	736	-62	370	0	0	0	-144	285	398
35	0	736	-62	370	0	0	0	-144	284	406
35	0	736	-62	370	0	0	0	-144	283	413
35	0	736	-62	370	0	0	0	-144	282	421
35	0	730	-125	401	0	0	0	-144	280	429
35	0	726	-87	318	0	0	0	-144	275	447
35	0	726	-87	318	0	0	0	-144	272	455
35	0	726	-87	318	0	0	0	-144	271	461
35	0	725	-43	246	0	0	0	-144	269	468
35	0	725	-43	246	0	0	0	-144	268	474
35	0	734	-21	226	0	0	0	-144	267	479
35	0	734	-21	226	0	0	0	-144	266	487
35	0	734	-21	226	0	0	0	-144	266	492
35	0	736	-14	213	0	0	0	-144	265	497
35	0	736	-14	213	0	0	0	-144	265	502
35	0	736	-14	213	0	0	0	-144	265	506
35	0	732	-14	207	0	0	0	-144	264	511
35	0	732	-14	207	0	0	0	-144	264	517
35	0	732	-14	207	0	0	0	-144	263	521
35	0	737	13	194	0	0	0	-144	263	525
35	0	737	13	194	0	0	0	-144	263	530
35	0	737	13	194	0	0	0	-144	264	534
35	0	729	24	192	0	0	0	-144	264	539
35	0	729	24	192	0	0	0	-144	265	543
35	0	729	24	192	0	0	0	-144	265	547
35	0	718	43	178	0	0	0	-144	266	551
35	0	718	43	178	0	0	0	-144	267	555
35	0	718	43	178	0	0	0	-144	268	560
35	0	718	43	178	0	0	0	-144	269	564
35	0	718	43	178	0	0	0	-144	270	567
35	0	705	47	143	0	0	0	-144	271	571
35	0	686	61	129	0	0	0	-144	272	574
35	0	686	61	129	0	0	0	-144	273	578
35	0	686	61	129	0	0	0	-144	275	580
35	0	667	60	116	0	0	0	-144	276	583
35	0	667	60	116	0	0	0	-144	277	586
35	0	667	60	116	0	0	0	-144	278	588
35	0	667	60	116	0	0	0	-144	280	590
35	0	667	60	116	0	0	0	-144	281	593
35	0	667	60	116	0	0	0	-144	283	597
35	0	622	62	118	0	0	0	-144	284	600
35	0	622	62	118	0	0	0	-144	286	602
35	0	601	58	122	0	0	0	-144	287	605
35	0	601	58	122	0	0	0	-144	288	607
35	0	601	58	122	0	0	0	-144	290	611
35	0	577	56	137	0	0	0	-144	291	613
35	0	577	56	137	0	0	0	-144	292	616
35	0	577	56	137	0	0	0	-144	294	619
35	0	577	56	137	0	0	0	-144	295	622
35	0	577	56	137	0	0	0	-144	296	625
35	0	561	33	127	0	1	0	-144	298	629
35	0	548	32	107	0	0	-1	-144	299	632
35	0	548	32	107	0	0	-1	-144	299	634
35	0	548	32	107	0	0	-1	-144	300	636
35	0	533	20	86	0	0	-1	-144	301	639
35	0	533	20	86	0	0	-1	-144	301	640
35	0	533	20	86	0	0	-1	-144	302	643
35	0	533	20	86	0	0	-1	-144	302	645
35	0	533	20	86	0	0	-1	-144	302	647
35	0	542	-1	66	0	1	-1	-144	303	648
35	0	534	-7	46	0	0	-1	-144	303	650
35	0	534	-7	46	0	0	-1	-144	303	651
35	0	534	-7	46	0	0	-1	-144	302	652
35	0	528	-1	31	0	0	-1	-144	302	653
35	0	528	-1	31	0	0	-1	-144	302	654
35	0	518	-9	18	0	0	-1	-144	302	654
35	0	518	-9	18	0	0	-1	-144	302	655
35	0	518	-9	18	0	0	-1	-144	302	655
35	0	509	-28	-4	0	0	0	-144	301	656
35	0	509	-28	-4	0	0	0	-144	301	656
35	0	509	-28	-4	0	0	0	-144	300	655
35	0	509	-28	-4	0	0	0	-144	300	655
35	0	509	-28	-4	0	0	0	-144	299	655
35	0	509	-28	-4	0	0	0	-144	298	655
35	0	494	10	20	0	0	4	-144	298	655
35	0	494	10	20	0	0	4	-144	298	656
35	0	494	10	20	0	0	4	-144	298	656
35	0	490	14	83	0	0	7	-144	298	656
35	0	490	14	83	0	0	7	-144	299	659
35	0	490	14	83	0	0	7	-144	299	660
35	0	490	-14	207	0	0	5	-144	299	662
35	0	490	-14	207	0	0	5	-144	299	666
35	0	490	-14	207	0	0	5	-144	299	673
35	0	490	-14	207	0	0	5	-144	298	677
35	0	486	-74	230	0	0	1	-144	298	681
35	0	486	-74	230	0	0	1	-144	296	686
35	0	481	-105	214	0	0	-1	-145	295	691
35	0	481	-105	214	0	0	-1	-145	293	695
35	0	481	-105	214	0	0	-1	-145	290	701
35	0	476	-63	169	0	-1	-2	-144	288	705
35	0	476	-63	169	0	-1	-2	-144	286	709
35	0	476	-63	169	0	-1	-2	-144	285	713
35	0	476	-63	169	0	-1	-2	-144	284	716
35	0	476	-63	169	0	-1	-2	-144	283	720
35	0	467	19	113	0	-4	-1	-144	281	724
35	0	467	19	113	0	-4	-1	-144	282	729
35	0	467	19	113	0	-4	-1	-144	282	731
35	0	465	114	98	0	-6	0	-144	282	733
35	0	465	114	98	0	-6	0	-144	286	736
35	0	465	114	98	0	-6	0	-144	288	738
35	0	465	114	98	0	-6	0	-144	291	741
35	0	465	114	98	0	-6	0	-144	293	743
34	0	462	206	127	0	-4	0	-144	295	745
34	0	461	233	150	0	0	-1	-144	300	747
34	0	461	233	150	0	0	-1	-144	304	750
34	0	459	209	133	0	2	-1	-144	310	754
34	0	459	209	133	0	2	-1	-144	315	757
34	0	459	209	133	0	2	-1	-144	320	760
34	0	459	209	133	0	2	-1	-144	324	763
34	0	459	145	85	0	3	-1	-143	328	766
34	0	459	145	85	0	3	-1	-143	332	768
34	0	460	116	56	0	2	-2	-143	336	770
34	0	460	116	56	0	2	-2	-143	339	771
34	0	460	116	56	0	2	-2	-143	341	773
34	0	461	126	-30	0	2	-2	-143	344	774
34	0	461	126	-30	0	2	-2	-143	346	773
34	0	461	126	-30	0	2	-2	-143	350	772
34	0	461	126	-30	0	2	-2	-143	353	772
34	0	461	126	-30	0	2	-2	-143	355	771
34	0	461	126	-30	0	2	-2	-143	358	770
34	0	461	137	-18	0	2	0	-143	360	770
34	0	461	137	-18	0	2	0	-143	364	769
34	0	461	137	-18	0	2	0	-143	368	769
34	0	462	127	-1	0	2	0	-143	371	768
34	0	462	127	-1	0	2	0	-143	373	768
34	0	462	127	-1	0	2	0	-143	376	768
34	0	462	75	8	0	2	1	-143	379	768
34	0	462	75	8	0	2	1	-143	381	769
34	0	461	37	7	0	2	1	-143	382	769
34	0	461	37	7	0	2	1	-143	383	769
34	0	461	37	7	0	2	1	-143	384	769
34	0	461	37	7	0	2	1	-143	385	769
34	0	459	31	1	0	1	2	-143	386	769
34	0	459	31	1	0	1	2	-143	386	769
34	0	459	31	1	0	1	2	-143	387	769
34	0	457	34	73	0	0	3	-143	388	770
34	0	457	34	73	0	0	3	-143	389	771
34	0	457	34	73	0	0	3	-143	389	773
34	0	457	34	73	0	0	3	-143	390	774
34	0	457	34	73	0	0	3	-143	391	776
34	0	457	34	73	0	0	3	-143	392	778
34	0	453	0	114	0	0	1	-143	392	779
34	0	453	0	114	0	0	1	-143	392	783
34	0	451	-5	112	0	0	0	-143	392	786
34	0	451	-5	112	0	0	0	-143	392	788
34	0	451	-5	112	0	0	0	-143	392	790
34	0	450	-12	84	0	-1	0	-143	392	793
34	0	450	-12	84	0	-1	0	-143	392	794
34	0	450	-12	84	0	-1	0	-143	391	797
34	0	449	5	73	0	-3	0	-143	391	799
34	0	449	5	73	0	-3	0	-143	391	800
34	0	449	5	73	0	-3	0	-143	391	802
34	0	450	122	84	0	-3	0	-143	391	803
34	0	450	122	84	0	-3	0	-143	394	805
34	0	448	151	120	0	-2	0	-143	399	809
34	0	448	151	120	0	-2	0	-143	402	811
34	0	448	151	120	0	-2	0	-143	406	814
34	0	449	117	126	0	0	0	-142	409	817
34	0	449	117	126	0	0	0	-142	412	819
34	0	449	117	126	0	0	0	-142	415	823
34	0	449	117	126	0	0	0	-142	418	826
34	0	452	122	120	0	0	-2	-142	421	829
34	0	453	125	64	0	0	-4	-143	424	832
34	0	453	125	64	0	0	-4	-143	426	833
34	0	453	125	64	0	0	-4	-143	429	834
34	0	455	150	-18	0	0	-3	-142	431	836
34	0	455	150	-18	0	0	-3	-142	435	835
34	0	455	150	-18	0	0	-3	-142	439	835
34	0	455	150	-18	0	0	-3	-142	442	835
34	0	455	150	-18	0	0	-3	-142	445	834
34	0	457	163	-5	0	1	-1	-142	448	834
34	0	458	146	20	0	2	0	-142	452	834
34	0	458	146	20	0	2	0	-142	456	834
34	0	458	146	20	0	2	0	-142	459	835
34	0	460	109	37	0	1	0	-142	462	835
34	0	460	109	37	0	1	0	-142	464	836
34	0	458	84	-12	0	1	0	-142	467	837
34	0	458	84	-12	0	1	0	-142	470	836
34	0	458	84	-12	0	1	0	-142	471	836
34	0	458	84	-12	0	1	0	-142	473	836
34	0	446	95	-9	0	1	0	-142	475	835
34	0	446	95	-9	0	1	0	-142	477	835
34	0	409	134	46	0	1	0	-142	479	835
34	0	409	134	46	0	1	0	-142	483	836
34	0	409	134	46	0	1	0	-142	485	837
34	0	409	134	46	0	1	0	-142	488	838
34	0	401	178	50	0	1	0	-142	491	839
34	0	401	178	50	0	1	0	-142	495	840
34	0	372	47	14	0	1	0	-142	500	842
34	0	372	47	14	0	1	0	-142	501	842
34	0	372	47	14	0	1	0	-142	502	842
34	0	330	-6	18	0	0	-1	-142	503	843
34	0	330	-6	18	0	0	-1	-142	503	843
34	0	330	-6	18	0	0	-1	-142	503	843
34	0	294	-35	-6	0	0	-2	-142	503	844
34	0	294	-35	-6	0	0	-2	-142	502	844
34	0	294	-35	-6	0	0	-2	-142	501	844
34	0	294	-35	-6	0	0	-2	-142	501	844
34	0	294	-35	-6	0	0	-2	-142	500	843
34	0	294	-35	-6	0	0	-2	-142	499	843
34	0	215	-33	-90	0	0	0	-142	498	843
34	0	215	-33	-90	0	0	0	-142	497	841
34	0	215	-33	-90	0	0	0	-142	496	839
34	0	191	17	-191	0	0	0	-142	496	837
34	0	191	17	-191	0	0	0	-142	496	834
34	0	191	17	-191	0	0	0	-142	497	828
34	0	191	17	-191	0	0	0	-142	497	824
34	0	191	17	-191	0	0	0	-142	497	820
34	0	191	17	-191	0	0	0	-142	498	816
34	0	191	17	-191	0	0	0	-142	498	812
34	0	134	58	-352	0	-1	2	-142	499	807
34	0	0	0	0	0	0	0	-142	500	799
34	0	0	0	0	0	0	0	-142	500	799
34	0	0	0	0	0	0	0	-142	500	799
34	0	0	0	0	0	0	0	-142	500	799
34	0	0	0	0	0	0	0	-142	500	799
34	0	0	0	0	0	0	0	-142	500	799
34	0	0	0	0	0	0	0	-142	500	799
34	0	0	0	0	0	0	0	-142	500	799
34	0	0	0	0	0	0	0	-142	500	799
34	0	0	0	0	0	0	0	-142	500	799
34	0	0	0	0	0	0	0	-142	500	799
34	0	0	0	0	0	0	0	-142	500	799
34	0	0	0	0	0	0	0	-142	500	799
34	0	0	0	0	0	0	0	-142	500	799
34	0	0	0	0	0	0	0	-142	500	799
34	0	0	0	0	0	0	0	-142	500	799
34	0	0	0	0	0	0	0	-142	500	799
34	0	0	0	0	0	0	0	-142	500	799
34	0	0	0	0	0	0	0	-142	500	799
34	0	0	0	0	0	0	0	-142	500	799
34	0	0	0	0	0	0	0	-142	500	799
34	0	0	0	0	0	0	0	-142	500	799
34	0	0	0	0	0	0	0	-142	500	799
34	0	0	0	0	0	0	0	-142	500	799
34	0	0	0	0	0	0	0	-142	500	799
34	0	0	0	0	0	0	0	-142	500	799
34	0	0	0	0	0	0	0	-142	500	799
34	0	0	0	0	0	0	0	-142	500	799
34	0	0	0	0	0	0	0	-142	500	799
34	0	0	0	0	0	0	0	-142	500	799
34	0	0	0	0	0	0	0	-142	500	799
34	0	0	0	0	0	0	0	-142	500	799
34	0	0	0	0	0	0	0	-142	500	799
34	0	0	0	0	0	0	0	-142	500	799
34	0	0	0	0	0	0	0	-142	500	799
34	0	0	0	0	0	0	0	-142	500	799
34	0	0	0	0	0	0	0	-142	500	799
34	0	0	0	0	0	0	0	-142	500	799
34	0	0	0	0	0	0	0	-142	500	799
34	0	0	0	0	0	0	0	-142	500	799
34	0	0	0	0	0	0	0	-142	500	799
34	0	0	0	0	0	0	0	-142	500	799
34	0	0	0	0	0	0	0	-142	500	799
34	0	0	0	0	0	0	0	-142	500	799
34	0	0	0	0	0	0	0	-142	500	799
34	0	0	0	0	0	0	0	-142	500	799
34	0	0	0	0	0	0	0	-142	500	799
34	0	0	0	0	0	0	0	-142	500	799
34	0	0	0	0	0	0	0	-142	500	799
34	0	0	0	0	0	0	0	-142	500	799
34	0	0	0	0	0	0	0	-142	500	799
34	0	0	0	0	0	0	0	-142	500	799
34	0	0	0	0	0	0	0	-142	500	799
34	0	0	0	0	0	0	0	-142	500	799
34	0	0	0	0	0	0	0	-142	500	799
34	0	0	0	0	0	0	0	-142	500	799
34	0	0	0	0	0	0	0	-142	500	799
34	0	0	0	0	0	0	0	-142	500	799
34	0	0	0	0	0	0	0	-142	500	799
34	0	0	0	0	0	0	0	-142	500	799
34	0	0	0	0	0	0	0	-142	500	799
34	0	0	0	0	0	0	0	-142	500	799
34	0	0	0	0	0	0	0	-142	500	799
34	0	0	0	0	0	0	0	-142	500	799
34	0	0	0	0	0	0	0	-142	500	799
34	0	0	0	0	0	0	0	-142	500	799
34	0	0	0	0	0	0	0	-142	500	799
34	0	0	0	0	0	0	0	-142	500	799
34	0	0	0	0	0	0	0	-142	500	799
34	0	0	0	0	0	0	0	-142	500	799
34	0	0	0	0	0	0	0	-142	500	799
34	0	0	0	0	0	0	0	-142	500	799
34	0	0	0	0	0	0	0	-142	500	799
34	0	0	0	0	0	0	0	-142	500	799
34	0	0	0	0	0	0	0	-142	500	799
34	0	0	0	0	0	0	0	-142	500	799
34	0	0	0	0	0	0	0	-142	500	799
34	0	0	0	0	0	0	0	-142	500	799
34	0	0	0	0	0	0	0	-142	500	799
34	0	0	0	0	0	0	0	-142	500	799
34	0	0	0	0	0	0	0	-142	500	799
34	0	0	0	0	0	0	0	-142	500	799
34	0	0	0	0	0	0	0	-142	500	799
34	0	0	0	0	0	0	0	-142	500	799
34	0	0	0	0	0	0	0	-142	500	799
34	0	0	0	0	0	0	0	-142	500	799
34	0	0	0	0	0	0	0	-142	500	799
34	0	0	0	0	0	0	0	-142	500	799
34	0	0	0	0	0	0	0	-142	500	799
34	0	0	0	0	0	0	0	-142	500	799
34	0	0	0	0	0	0	0	-142	500	799
34	0	0	0	0	0	0	0	-142	500	799
34	0	0	0	0	0	0	0	-142	500	799
34	0	0	0	0	0	0	0	-142	500	799
34	0	0	0	0	0	0	0	-142	500	799
34	0	0	0	0	0	0	0	-142	500	799
34	0	0	0	0	0	0	0	-142	500	799
34	0	0	0	0	0	0	0	-142	500	799
34	0	0	0	0	0	0	0	-142	500	799
34	0	0	0	0	0	0	0	-142	500	799
34	0	0	0	0	0	0	0	-142	500	799
34	0	0	0	0	0	0	0	-142	500	799
34	0	0	0	0	0	0	0	-142	500	799
34	0	0	0	0	0	0	0	-142	500	799
34	0	0	0	0	0	0	0	-142	500	799
