bat	flyst.	alt	vx	vy	vz	theta	phi	psi	px	py
0	0	0	0	0	0	0	0	0	0	0
0	0	0	0	0	0	0	0	0	0	0
0	0	0	0	0	0	0	0	0	0	0
0	0	0	0	0	0	0	0	0	0	0
0	0	0	0	0	0	0	0	0	0	0
0	0	0	0	0	0	0	0	0	0	0
0	0	0	0	0	0	0	0	0	0	0
0	0	0	0	0	0	0	0	0	0	0
0	0	0	0	0	0	0	0	0	0	0
0	0	0	0	0	0	0	0	0	0	0
0	0	0	0	0	0	0	0	0	0	0
0	0	0	0	0	0	0	0	0	0	0
0	0	0	0	0	0	0	0	0	0	0
0	0	0	0	0	0	0	0	0	0	0
0	0	0	0	0	0	0	0	0	0	0
0	0	0	0	0	0	0	0	0	0	0
0	0	0	0	0	0	0	0	0	0	0
0	0	0	0	0	0	0	0	0	0	0
0	0	0	0	0	0	0	0	0	0	0
0	0	0	0	0	0	0	0	0	0	0
0	0	0	0	0	0	0	0	0	0	0
0	0	0	0	0	0	0	0	0	0	0
0	0	0	0	0	0	0	0	0	0	0
0	0	0	0	0	0	0	0	0	0	0
0	0	0	0	0	0	0	0	0	0	0
0	0	0	0	0	0	0	0	0	0	0
0	0	0	0	0	0	0	0	0	0	0
0	0	0	0	0	0	0	0	0	0	0
0	0	0	0	0	0	0	0	0	0	0
0	0	0	0	0	0	0	0	0	0	0
0	0	0	0	0	0	0	0	0	0	0
0	0	0	0	0	0	0	0	0	0	0
0	0	0	0	0	0	0	0	0	0	0
0	0	0	0	0	0	0	0	0	0	0
0	0	0	0	0	0	0	0	0	0	0
0	0	0	0	0	0	0	0	0	0	0
0	0	0	0	0	0	0	0	0	0	0
0	0	0	0	0	0	0	0	0	0	0
0	0	0	0	0	0	0	0	0	0	0
0	0	0	0	0	0	0	0	0	0	0
0	0	0	0	0	0	0	0	0	0	0
0	0	0	0	0	0	0	0	0	0	0
0	0	0	0	0	0	0	0	0	0	0
0	0	0	0	0	0	0	0	0	0	0
0	0	0	0	0	0	0	0	0	0	0
0	0	0	0	0	0	0	0	0	0	0
0	0	0	0	0	0	0	0	0	0	0
0	0	0	0	0	0	0	0	0	0	0
0	0	0	0	0	0	0	0	0	0	0
0	0	0	0	0	0	0	0	0	0	0
0	0	0	0	0	0	0	0	0	0	0
0	0	0	0	0	0	0	0	0	0	0
0	0	0	0	0	0	0	0	0	0	0
0	0	0	0	0	0	0	0	0	0	0
0	0	0	0	0	0	0	0	0	0	0
0	0	0	0	0	0	0	0	0	0	0
0	0	0	0	0	0	0	0	0	0	0
26	0	0	0	0	0	-2	-11	-111	0	0
26	0	0	0	0	0	-2	-11	-111	0	0
26	0	0	0	0	0	-2	-11	-111	0	0
26	0	0	0	0	0	-2	-11	-111	0	0
26	0	0	0	0	0	-2	-11	-111	0	0
26	0	0	0	0	0	-2	-11	-111	0	0
26	0	0	0	0	0	-2	-11	-110	0	0
26	0	0	0	0	0	-2	-11	-110	0	0
26	0	0	0	0	0	-2	-11	-110	0	0
26	0	0	0	0	0	-2	-11	-110	0	0
26	0	0	0	0	0	-2	-11	-110	0	0
26	0	0	0	0	0	-2	-11	-110	0	0
26	0	0	0	0	0	-2	-11	-110	0	0
26	0	0	0	0	0	-2	-11	-110	0	0
26	0	0	0	0	0	-2	-11	-110	0	0
26	0	0	0	0	0	-2	-11	-110	0	0
26	0	0	0	0	0	-2	-11	-110	0	0
26	0	0	0	0	0	-2	-11	-110	0	0
26	0	0	0	0	0	-2	-11	-110	0	0
26	0	0	0	0	0	-2	-11	-110	0	0
26	0	0	0	0	0	-2	-11	-110	0	0
26	0	0	0	0	0	-2	-11	-109	0	0
26	0	0	0	0	0	-2	-11	-109	0	0
26	0	0	0	0	0	-2	-11	-109	0	0
26	0	0	0	0	0	-2	-11	-109	0	0
26	0	0	0	0	0	-2	-11	-109	0	0
26	0	0	0	0	0	-2	-11	-109	0	0
26	0	0	0	0	0	-2	-11	-109	0	0
26	0	0	0	0	0	-2	-11	-109	0	0
26	0	0	0	0	0	-2	-11	-109	0	0
26	0	0	0	0	0	-2	-11	-109	0	0
26	0	0	0	0	0	-2	-11	-109	0	0
26	0	0	0	0	0	-2	-11	-109	0	0
26	0	0	0	0	0	-2	-11	-109	0	0
26	0	0	0	0	0	-2	-11	-109	0	0
26	0	0	0	0	0	-2	-11	-109	0	0
26	0	0	0	0	0	-2	-11	-109	0	0
26	0	0	0	0	0	-2	-11	-108	0	0
26	0	0	0	0	0	-2	-11	-108	0	0
26	0	0	0	0	0	-2	-11	-108	0	0
26	0	0	0	0	0	-2	-11	-108	0	0
26	0	0	0	0	0	-2	-11	-108	0	0
26	0	0	0	0	0	-2	-11	-108	0	0
26	0	0	0	0	0	-2	-11	-108	0	0
26	0	0	0	0	0	-2	-11	-108	0	0
26	0	0	0	0	0	-2	-11	-108	0	0
26	0	0	0	0	0	-2	-11	-108	0	0
26	0	0	0	0	0	-2	-11	-108	0	0
26	0	0	0	0	0	-2	-11	-108	0	0
26	0	0	0	0	0	-2	-11	-108	0	0
26	0	0	0	0	0	-2	-11	-108	0	0
26	0	0	0	0	0	-2	-11	-108	0	0
26	0	0	0	0	0	-2	-11	-107	0	0
26	0	0	0	0	0	-2	-11	-107	0	0
26	0	0	0	0	0	-2	-11	-107	0	0
26	0	0	0	0	0	-2	-11	-107	0	0
26	0	0	0	0	0	-2	-11	-107	0	0
26	0	0	0	0	0	-2	-11	-107	0	0
26	0	0	0	0	0	-2	-11	-107	0	0
26	0	0	0	0	0	-2	-11	-107	0	0
26	0	0	0	0	0	-2	-11	-107	0	0
26	0	0	0	0	0	-2	-11	-107	0	0
26	0	0	0	0	0	-2	-11	-107	0	0
26	0	0	0	0	0	-2	-11	-107	0	0
26	0	0	0	0	0	-2	-11	-107	0	0
26	0	0	0	0	0	-2	-11	-107	0	0
26	0	0	0	0	0	-2	-11	-107	0	0
26	0	0	0	0	0	-2	-11	-107	0	0
26	0	0	0	0	0	-2	-11	-106	0	0
26	0	0	0	0	0	-2	-11	-106	0	0
26	0	0	0	0	0	-2	-11	-106	0	0
26	0	0	0	0	0	-2	-11	-106	0	0
26	0	0	0	0	0	-2	-11	-106	0	0
26	0	0	0	0	0	-2	-11	-106	0	0
26	0	0	0	0	0	-2	-11	-106	0	0
26	0	0	0	0	0	-2	-11	-106	0	0
26	0	0	0	0	0	-2	-11	-106	0	0
26	0	0	0	0	0	-2	-10	-106	0	0
26	0	0	0	0	0	-2	-10	-106	0	0
26	0	0	0	0	0	-2	-10	-106	0	0
26	0	0	0	0	0	-2	-10	-106	0	0
26	0	0	0	0	0	-2	-10	-106	0	0
26	0	0	0	0	0	-2	-10	-106	0	0
26	0	0	0	0	0	-2	-10	-105	0	0
26	0	0	0	0	0	-2	-10	-105	0	0
26	0	0	0	0	0	-2	-10	-105	0	0
26	0	0	0	0	0	-2	-10	-105	0	0
26	0	0	0	0	0	-2	-10	-105	0	0
26	0	0	0	0	0	-2	-10	-105	0	0
26	0	0	0	0	0	-2	-10	-105	0	0
26	0	0	0	0	0	-2	-10	-105	0	0
26	0	0	0	0	0	-2	-10	-105	0	0
26	0	0	0	0	0	-2	-10	-105	0	0
26	0	0	0	0	0	-2	-10	-105	0	0
26	0	0	0	0	0	-2	-10	-105	0	0
26	0	0	0	0	0	-2	-10	-105	0	0
26	0	0	0	0	0	-2	-10	-105	0	0
26	0	0	0	0	0	-2	-10	-105	0	0
26	0	0	0	0	0	-2	-10	-105	0	0
26	0	0	0	0	0	-2	-10	-104	0	0
26	0	0	0	0	0	-2	-10	-104	0	0
26	0	0	0	0	0	-2	-10	-104	0	0
26	0	0	0	0	0	-2	-10	-104	0	0
26	0	0	0	0	0	-2	-10	-104	0	0
26	0	0	0	0	0	-2	-10	-104	0	0
26	0	0	0	0	0	-2	-10	-104	0	0
26	0	0	0	0	0	-2	-10	-104	0	0
26	0	0	0	0	0	-2	-10	-104	0	0
26	0	0	0	0	0	-2	-10	-104	0	0
26	0	0	0	0	0	-2	-10	-104	0	0
26	0	0	0	0	0	-2	-10	-104	0	0
26	0	0	0	0	0	-2	-10	-104	0	0
26	0	0	0	0	0	-2	-10	-104	0	0
26	0	0	0	0	0	-2	-10	-104	0	0
26	0	0	0	0	0	-2	-10	-103	0	0
26	0	0	0	0	0	-2	-10	-103	0	0
26	0	0	0	0	0	-2	-10	-103	0	0
26	0	0	0	0	0	-2	-10	-103	0	0
26	0	0	0	0	0	-2	-10	-103	0	0
26	0	0	0	0	0	-2	-10	-103	0	0
26	0	0	0	0	0	-2	-10	-103	0	0
26	0	0	0	0	0	-2	-10	-103	0	0
26	0	0	0	0	0	-2	-10	-103	0	0
26	0	0	0	0	0	-2	-10	-103	0	0
26	0	0	0	0	0	-2	-10	-103	0	0
26	0	0	0	0	0	-2	-10	-103	0	0
26	0	0	0	0	0	-2	-10	-103	0	0
26	0	0	0	0	0	-2	-10	-103	0	0
26	0	0	0	0	0	-2	-10	-103	0	0
26	0	0	0	0	0	-2	-10	-103	0	0
26	0	0	0	0	0	-2	-10	-102	0	0
26	0	0	0	0	0	-2	-10	-102	0	0
26	0	0	0	0	0	-2	-10	-102	0	0
26	0	0	0	0	0	-2	-10	-102	0	0
26	0	0	0	0	0	-2	-10	-102	0	0
26	0	0	0	0	0	-2	-10	-102	0	0
26	0	0	0	0	0	-2	-10	-102	0	0
26	0	0	0	0	0	-2	-10	-102	0	0
26	0	0	0	0	0	-2	-10	-102	0	0
26	0	0	0	0	0	-2	-10	-102	0	0
26	0	0	0	0	0	-2	-10	-102	0	0
26	0	0	0	0	0	-2	-10	-102	0	0
26	0	0	0	0	0	-2	-10	-102	0	0
26	0	0	0	0	0	-2	-10	-102	0	0
26	0	0	0	0	0	-2	-10	-102	0	0
26	0	0	0	0	0	-2	-10	-101	0	0
26	0	0	0	0	0	-2	-10	-101	0	0
26	0	0	0	0	0	-2	-10	-101	0	0
26	0	0	0	0	0	-2	-10	-101	0	0
26	0	0	0	0	0	-2	-10	-101	0	0
26	0	0	0	0	0	-2	-10	-101	0	0
26	0	0	0	0	0	-2	-10	-101	0	0
26	0	0	0	0	0	-2	-10	-101	0	0
26	0	0	0	0	0	-2	-10	-101	0	0
26	0	0	0	0	0	-2	-10	-101	0	0
26	0	0	0	0	0	-2	-10	-101	0	0
26	0	0	0	0	0	-2	-10	-101	0	0
26	0	0	0	0	0	-2	-10	-101	0	0
26	0	0	0	0	0	-2	-10	-101	0	0
26	0	0	0	0	0	-2	-10	-101	0	0
26	0	0	0	0	0	-2	-10	-101	0	0
26	0	0	0	0	0	-2	-10	-100	0	0
26	0	0	0	0	0	-2	-10	-100	0	0
26	0	0	0	0	0	-2	-10	-100	0	0
26	0	0	0	0	0	-2	-10	-100	0	0
26	0	0	0	0	0	-2	-10	-100	0	0
26	0	0	0	0	0	-2	-10	-100	0	0
26	0	0	0	0	0	-2	-10	-100	0	0
26	0	0	0	0	0	-2	-10	-100	0	0
26	0	0	0	0	0	-2	-10	-100	0	0
26	0	0	0	0	0	-2	-10	-100	0	0
26	0	0	0	0	0	-2	-10	-100	0	0
26	0	0	0	0	0	-2	-10	-100	0	0
26	0	0	0	0	0	-2	-10	-100	0	0
26	0	0	0	0	0	-2	-10	-100	0	0
26	0	0	0	0	0	-2	-10	-100	0	0
26	0	0	0	0	0	-2	-10	-99	0	0
26	0	0	0	0	0	-2	-10	-99	0	0
26	0	0	0	0	0	-2	-10	-99	0	0
26	0	0	0	0	0	-2	-10	-99	0	0
26	0	0	0	0	0	-2	-10	-99	0	0
26	0	0	0	0	0	-2	-10	-99	0	0
26	0	0	0	0	0	-2	-10	-99	0	0
26	0	0	0	0	0	-2	-9	-99	0	0
26	0	0	0	0	0	-2	-9	-99	0	0
26	0	0	0	0	0	-2	-9	-99	0	0
26	0	0	0	0	0	-2	-9	-99	0	0
26	0	0	0	0	0	-2	-9	-99	0	0
26	0	0	0	0	0	-2	-9	-99	0	0
26	0	0	0	0	0	-2	-9	-99	0	0
26	0	0	0	0	0	-2	-9	-99	0	0
26	0	0	0	0	0	-2	-9	-99	0	0
26	0	0	0	0	0	-2	-9	-98	0	0
26	0	0	0	0	0	-2	-9	-98	0	0
26	0	0	0	0	0	-2	-9	-98	0	0
26	0	0	0	0	0	-2	-9	-98	0	0
26	0	0	0	0	0	-2	-9	-98	0	0
26	0	0	0	0	0	-2	-9	-98	0	0
26	0	0	0	0	0	-2	-9	-98	0	0
26	0	0	0	0	0	-2	-9	-98	0	0
26	0	0	0	0	0	-2	-9	-98	0	0
26	0	0	0	0	0	-2	-9	-98	0	0
26	0	0	0	0	0	-2	-9	-98	0	0
26	0	0	0	0	0	-2	-9	-98	0	0
26	0	0	0	0	0	-2	-9	-98	0	0
26	0	0	0	0	0	-2	-9	-98	0	0
26	0	0	0	0	0	-2	-9	-98	0	0
26	0	0	0	0	0	-2	-9	-97	0	0
26	0	0	0	0	0	-2	-9	-97	0	0
26	0	0	0	0	0	-2	-9	-97	0	0
26	0	0	0	0	0	-2	-9	-97	0	0
26	0	0	0	0	0	-2	-9	-97	0	0
26	0	0	0	0	0	-2	-9	-97	0	0
26	0	0	0	0	0	-2	-9	-97	0	0
26	0	0	0	0	0	-2	-9	-97	0	0
26	0	0	0	0	0	-2	-9	-97	0	0
26	0	0	0	0	0	-2	-9	-97	0	0
26	0	0	0	0	0	-2	-9	-97	0	0
26	0	0	0	0	0	-2	-9	-97	0	0
26	0	0	0	0	0	-2	-9	-97	0	0
26	0	0	0	0	0	-2	-9	-97	0	0
26	0	0	0	0	0	-2	-9	-97	0	0
26	0	0	0	0	0	-2	-9	-97	0	0
26	0	0	0	0	0	-2	-9	-96	0	0
26	0	0	0	0	0	-2	-9	-96	0	0
26	0	0	0	0	0	-2	-9	-96	0	0
26	0	0	0	0	0	-2	-9	-96	0	0
26	0	0	0	0	0	-2	-9	-96	0	0
26	0	0	0	0	0	-2	-9	-96	0	0
26	0	0	0	0	0	-2	-9	-96	0	0
26	0	0	0	0	0	-2	-9	-96	0	0
26	0	0	0	0	0	-2	-9	-96	0	0
26	0	0	0	0	0	-2	-9	-96	0	0
26	0	0	0	0	0	-2	-9	-96	0	0
26	0	0	0	0	0	-2	-9	-96	0	0
26	0	0	0	0	0	-2	-9	-96	0	0
26	0	0	0	0	0	-2	-9	-96	0	0
26	0	0	0	0	0	-2	-9	-96	0	0
26	0	0	0	0	0	-2	-9	-95	0	0
26	0	0	0	0	0	-2	-9	-95	0	0
26	0	0	0	0	0	-2	-9	-95	0	0
26	0	0	0	0	0	-2	-9	-95	0	0
26	0	0	0	0	0	-2	-9	-95	0	0
26	0	0	0	0	0	-2	-9	-95	0	0
26	0	0	0	0	0	-2	-9	-95	0	0
26	0	0	0	0	0	-2	-9	-95	0	0
26	0	0	0	0	0	-2	-9	-95	0	0
26	0	0	0	0	0	-2	-9	-95	0	0
26	0	0	0	0	0	-2	-9	-95	0	0
26	0	0	0	0	0	-2	-9	-95	0	0
26	0	0	0	0	0	-2	-9	-95	0	0
26	0	0	0	0	0	-2	-9	-95	0	0
26	0	0	0	0	0	-2	-9	-95	0	0
26	0	0	0	0	0	-2	-9	-95	0	0
26	0	0	0	0	0	-2	-9	-94	0	0
26	0	0	0	0	0	-2	-9	-94	0	0
26	0	0	0	0	0	-2	-9	-94	0	0
26	0	0	0	0	0	-2	-9	-94	0	0
26	0	0	0	0	0	-2	-9	-94	0	0
26	0	0	0	0	0	-2	-9	-94	0	0
26	0	0	0	0	0	-2	-9	-94	0	0
26	0	0	0	0	0	-2	-9	-94	0	0
26	0	0	0	0	0	-2	-9	-94	0	0
26	0	0	0	0	0	-2	-9	-94	0	0
26	0	0	0	0	0	-2	-9	-94	0	0
26	0	0	0	0	0	-2	-9	-94	0	0
26	0	0	0	0	0	-2	-9	-94	0	0
26	0	0	0	0	0	-2	-9	-94	0	0
26	0	0	0	0	0	-2	-9	-94	0	0
26	0	0	0	0	0	-2	-9	-93	0	0
26	0	0	0	0	0	-2	-9	-93	0	0
26	0	0	0	0	0	-2	-9	-93	0	0
26	0	0	0	0	0	-2	-9	-93	0	0
26	0	0	0	0	0	-2	-9	-93	0	0
26	0	0	0	0	0	-2	-9	-93	0	0
26	0	0	0	0	0	-2	-9	-93	0	0
26	0	0	0	0	0	-2	-9	-93	0	0
26	0	0	0	0	0	-2	-9	-93	0	0
26	0	0	0	0	0	-2	-9	-93	0	0
26	0	0	0	0	0	-2	-9	-93	0	0
26	0	0	0	0	0	-2	-9	-93	0	0
26	0	0	0	0	0	-2	-9	-93	0	0
26	0	0	0	0	0	-2	-9	-93	0	0
26	0	0	0	0	0	-2	-9	-93	0	0
26	0	0	0	0	0	-2	-9	-93	0	0
26	0	0	0	0	0	-2	-9	-92	0	0
26	0	0	0	0	0	-2	-9	-92	0	0
26	0	0	0	0	0	-2	-9	-92	0	0
26	0	0	0	0	0	-2	-9	-92	0	0
26	0	0	0	0	0	-2	-9	-92	0	0
26	0	0	0	0	0	-2	-9	-92	0	0
26	0	0	0	0	0	-2	-9	-92	0	0
26	0	0	0	0	0	-2	-9	-92	0	0
26	0	0	0	0	0	-2	-9	-92	0	0
26	0	0	0	0	0	-2	-9	-92	0	0
26	0	0	0	0	0	-2	-9	-92	0	0
26	0	0	0	0	0	-2	-9	-92	0	0
26	0	0	0	0	0	-2	-9	-92	0	0
26	0	0	0	0	0	-2	-9	-92	0	0
26	0	0	0	0	0	-2	-9	-92	0	0
26	0	0	0	0	0	-2	-9	-91	0	0
26	0	0	0	0	0	-2	-9	-91	0	0
26	0	0	0	0	0	-2	-9	-91	0	0
26	0	0	0	0	0	-2	-8	-91	0	0
26	0	0	0	0	0	-2	-8	-91	0	0
26	0	0	0	0	0	-2	-8	-91	0	0
26	0	0	0	0	0	-2	-8	-91	0	0
26	0	0	0	0	0	-2	-8	-91	0	0
26	0	0	0	0	0	-2	-8	-91	0	0
26	0	0	0	0	0	-2	-8	-91	0	0
26	0	0	0	0	0	-2	-8	-91	0	0
26	0	0	0	0	0	-2	-8	-91	0	0
26	0	0	0	0	0	-2	-8	-91	0	0
26	0	0	0	0	0	-2	-8	-91	0	0
26	0	0	0	0	0	-2	-8	-91	0	0
26	0	0	0	0	0	-2	-8	-91	0	0
26	0	0	0	0	0	-2	-8	-91	0	0
26	0	0	0	0	0	-2	-8	-91	0	0
26	0	0	0	0	0	-2	-8	-91	0	0
26	0	0	0	0	0	-2	-8	-91	0	0
26	0	0	0	0	0	-2	-8	-91	0	0
26	0	0	0	0	0	-2	-8	-91	0	0
26	0	0	0	0	0	-2	-8	-91	0	0
26	0	0	0	0	0	-2	-8	-90	0	0
26	0	0	0	0	0	-2	-8	-90	0	0
26	0	0	0	0	0	-2	-8	-89	0	0
26	0	0	0	0	0	-2	-8	-89	0	0
26	0	0	0	0	0	-2	-8	-89	0	0
26	0	0	0	0	0	-2	-8	-89	0	0
26	0	0	0	0	0	-2	-8	-89	0	0
26	0	0	0	0	0	-2	-8	-89	0	0
26	0	0	0	0	0	-2	-8	-89	0	0
26	0	0	0	0	0	-2	-8	-89	0	0
26	0	0	0	0	0	-2	-8	-89	0	0
26	0	0	0	0	0	-2	-8	-89	0	0
26	0	0	0	0	0	-2	-8	-89	0	0
26	0	0	0	0	0	-2	-8	-89	0	0
26	0	0	0	0	0	-2	-8	-88	0	0
26	0	0	0	0	0	-2	-8	-88	0	0
26	0	0	0	0	0	-2	-8	-88	0	0
26	0	0	0	0	0	-2	-8	-88	0	0
26	0	0	0	0	0	-2	-8	-88	0	0
26	0	0	0	0	0	-2	-8	-88	0	0
26	0	0	0	0	0	-2	-8	-88	0	0
26	0	0	0	0	0	-2	-8	-88	0	0
26	0	0	0	0	0	-2	-8	-88	0	0
26	0	0	0	0	0	-2	-8	-88	0	0
26	0	0	0	0	0	-2	-8	-87	0	0
26	0	0	0	0	0	-2	-8	-87	0	0
26	0	0	0	0	0	-2	-8	-87	0	0
26	0	0	0	0	0	-2	-8	-87	0	0
26	0	0	0	0	0	-2	-8	-87	0	0
26	0	0	0	0	0	-2	-8	-87	0	0
26	0	0	0	0	0	-2	-8	-87	0	0
26	0	0	0	0	0	-2	-8	-87	0	0
26	0	0	0	0	0	-2	-8	-87	0	0
26	0	0	0	0	0	-2	-8	-87	0	0
26	0	0	0	0	0	-2	-8	-86	0	0
26	0	0	0	0	0	-2	-8	-86	0	0
26	0	0	0	0	0	-2	-8	-86	0	0
26	0	0	0	0	0	-2	-8	-86	0	0
26	0	0	0	0	0	-2	-8	-86	0	0
26	0	0	0	0	0	-2	-8	-86	0	0
26	0	0	0	0	0	-2	-8	-86	0	0
26	0	0	0	0	0	-2	-8	-86	0	0
26	0	0	0	0	0	-2	-8	-86	0	0
26	0	0	0	0	0	-2	-8	-85	0	0
26	0	0	0	0	0	-2	-8	-85	0	0
26	0	0	0	0	0	-2	-8	-85	0	0
26	0	0	0	0	0	-2	-8	-85	0	0
26	0	0	0	0	0	-2	-8	-85	0	0
26	0	0	0	0	0	-2	-8	-85	0	0
26	0	0	0	0	0	-2	-8	-84	0	0
26	0	0	0	0	0	-2	-8	-84	0	0
26	0	0	0	0	0	-2	-7	-83	0	0
26	0	0	0	0	0	-2	-7	-83	0	0
26	0	0	0	0	0	-2	-7	-82	0	0
26	0	0	0	0	0	-2	-7	-82	0	0
26	0	0	0	0	0	-2	-7	-82	0	0
26	0	0	0	0	0	-2	-7	-81	0	0
26	0	0	0	0	0	-2	-7	-81	0	0
26	0	0	0	0	0	-2	-7	-81	0	0
26	0	0	0	0	0	-2	-7	-81	0	0
26	0	0	0	0	0	-2	-7	-81	0	0
26	0	0	0	0	0	-2	-7	-81	0	0
26	0	0	0	0	0	-2	-7	-81	0	0
26	0	0	0	0	0	-2	-7	-81	0	0
26	0	0	0	0	0	-2	-7	-81	0	0
26	0	0	0	0	0	-2	-7	-81	0	0
26	0	0	0	0	0	-2	-7	-81	0	0
26	0	0	0	0	0	-2	-7	-81	0	0
26	0	0	0	0	0	-2	-7	-80	0	0
26	0	0	0	0	0	-2	-7	-80	0	0
26	0	0	0	0	0	-2	-7	-80	0	0
26	0	0	0	0	0	-2	-7	-80	0	0
26	0	0	0	0	0	-2	-7	-80	0	0
26	0	0	0	0	0	-2	-7	-80	0	0
26	0	0	0	0	0	-2	-7	-80	0	0
26	0	0	0	0	0	-2	-7	-80	0	0
26	0	0	0	0	0	-2	-7	-80	0	0
26	0	0	0	0	0	-2	-7	-80	0	0
26	0	0	0	0	0	-2	-7	-80	0	0
26	0	0	0	0	0	-2	-7	-80	0	0
26	0	0	0	0	0	-2	-7	-80	0	0
26	0	0	0	0	0	-2	-7	-80	0	0
26	0	0	0	0	0	-2	-7	-80	0	0
26	0	0	0	0	0	-2	-7	-80	0	0
26	0	0	0	0	0	-2	-7	-79	0	0
26	0	0	0	0	0	-2	-7	-79	0	0
26	0	0	0	0	0	-2	-7	-79	0	0
26	0	0	0	0	0	-2	-7	-79	0	0
26	0	0	0	0	0	-2	-7	-79	0	0
26	0	0	0	0	0	-2	-7	-79	0	0
26	0	0	0	0	0	-2	-7	-79	0	0
26	0	0	0	0	0	-2	-7	-79	0	0
26	0	0	0	0	0	-2	-7	-79	0	0
26	0	0	0	0	0	-2	-7	-79	0	0
26	0	0	0	0	0	-2	-7	-79	0	0
26	0	0	0	0	0	-2	-7	-79	0	0
26	0	0	0	0	0	-2	-7	-79	0	0
26	0	0	0	0	0	-2	-7	-79	0	0
26	0	0	0	0	0	-2	-7	-79	0	0
26	0	0	0	0	0	-2	-7	-78	0	0
26	0	0	0	0	0	-2	-7	-78	0	0
26	0	0	0	0	0	-2	-7	-78	0	0
26	0	0	0	0	0	-2	-7	-78	0	0
26	0	0	0	0	0	-2	-7	-78	0	0
26	0	0	0	0	0	-2	-7	-78	0	0
26	0	0	0	0	0	-2	-7	-78	0	0
26	0	0	0	0	0	-2	-7	-78	0	0
26	0	0	0	0	0	-2	-7	-78	0	0
26	0	0	0	0	0	-2	-7	-78	0	0
26	0	0	0	0	0	-2	-7	-78	0	0
26	0	0	0	0	0	-2	-7	-78	0	0
26	0	0	0	0	0	-2	-7	-78	0	0
26	0	0	0	0	0	-2	-7	-78	0	0
26	0	0	0	0	0	-2	-7	-78	0	0
26	0	0	0	0	0	-2	-7	-78	0	0
26	0	0	0	0	0	-2	-7	-77	0	0
26	0	0	0	0	0	-2	-7	-77	0	0
26	0	0	0	0	0	-2	-7	-77	0	0
26	0	0	0	0	0	-2	-7	-77	0	0
26	0	0	0	0	0	-2	-7	-77	0	0
26	0	0	0	0	0	-2	-7	-77	0	0
26	0	0	0	0	0	-2	-7	-77	0	0
26	0	0	0	0	0	-2	-7	-77	0	0
26	0	0	0	0	0	-2	-7	-77	0	0
26	0	0	0	0	0	-2	-7	-77	0	0
26	0	0	0	0	0	-2	-7	-77	0	0
26	0	0	0	0	0	-2	-7	-77	0	0
26	0	0	0	0	0	-2	-7	-77	0	0
26	0	0	0	0	0	-2	-7	-77	0	0
26	0	0	0	0	0	-2	-7	-77	0	0
26	0	0	0	0	0	-2	-7	-76	0	0
26	0	0	0	0	0	-2	-7	-76	0	0
26	0	0	0	0	0	-2	-7	-76	0	0
26	0	0	0	0	0	-2	-7	-76	0	0
26	0	0	0	0	0	-2	-7	-76	0	0
26	0	0	0	0	0	-2	-7	-76	0	0
26	0	0	0	0	0	-2	-7	-76	0	0
26	0	0	0	0	0	-2	-7	-76	0	0
26	0	0	0	0	0	-2	-7	-76	0	0
26	0	0	0	0	0	-2	-7	-76	0	0
26	0	0	0	0	0	-2	-7	-76	0	0
26	0	0	0	0	0	-2	-7	-76	0	0
26	0	0	0	0	0	-2	-7	-76	0	0
26	0	0	0	0	0	-2	-7	-76	0	0
26	0	0	0	0	0	-2	-7	-76	0	0
26	0	0	0	0	0	-2	-7	-75	0	0
26	0	0	0	0	0	-2	-7	-75	0	0
26	0	0	0	0	0	-2	-7	-75	0	0
26	0	0	0	0	0	-2	-7	-75	0	0
26	0	0	0	0	0	-2	-7	-75	0	0
26	0	0	0	0	0	-2	-7	-75	0	0
26	0	0	0	0	0	-2	-7	-75	0	0
26	0	0	0	0	0	-2	-7	-75	0	0
26	0	0	0	0	0	-2	-7	-75	0	0
26	0	0	0	0	0	-2	-7	-75	0	0
26	0	0	0	0	0	-2	-7	-75	0	0
26	0	0	0	0	0	-2	-7	-75	0	0
26	0	0	0	0	0	-2	-6	-75	0	0
26	0	0	0	0	0	-2	-6	-75	0	0
26	0	0	0	0	0	-2	-6	-75	0	0
26	0	0	0	0	0	-2	-6	-74	0	0
26	0	0	0	0	0	-2	-6	-74	0	0
26	0	0	0	0	0	-2	-6	-74	0	0
26	0	0	0	0	0	-2	-6	-74	0	0
26	0	0	0	0	0	-2	-6	-74	0	0
26	0	0	0	0	0	-2	-6	-74	0	0
26	0	0	0	0	0	-2	-6	-74	0	0
26	0	0	0	0	0	-2	-6	-74	0	0
26	0	0	0	0	0	-2	-6	-74	0	0
26	0	0	0	0	0	-2	-6	-74	0	0
26	0	0	0	0	0	-2	-6	-74	0	0
26	0	0	0	0	0	-2	-6	-74	0	0
26	0	0	0	0	0	-2	-6	-74	0	0
26	0	0	0	0	0	-2	-6	-74	0	0
26	0	0	0	0	0	-2	-6	-74	0	0
26	0	0	0	0	0	-2	-6	-74	0	0
26	0	0	0	0	0	-2	-6	-73	0	0
26	0	0	0	0	0	-2	-6	-73	0	0
26	0	0	0	0	0	-2	-6	-73	0	0
26	0	0	0	0	0	-2	-6	-73	0	0
26	0	0	0	0	0	-2	-6	-73	0	0
26	0	0	0	0	0	-2	-6	-73	0	0
26	0	0	0	0	0	-2	-6	-73	0	0
26	0	0	0	0	0	-2	-6	-73	0	0
26	0	0	0	0	0	-2	-6	-73	0	0
26	0	0	0	0	0	-2	-6	-73	0	0
26	0	0	0	0	0	-2	-6	-73	0	0
26	0	0	0	0	0	-2	-6	-73	0	0
26	0	0	0	0	0	-2	-6	-73	0	0
26	0	0	0	0	0	-2	-6	-73	0	0
26	0	0	0	0	0	-2	-6	-73	0	0
26	0	0	0	0	0	-2	-6	-73	0	0
26	0	0	0	0	0	-2	-6	-73	0	0
26	0	0	0	0	0	-2	-6	-73	0	0
26	0	0	0	0	0	-2	-6	-73	0	0
26	0	0	0	0	0	-2	-6	-72	0	0
26	0	0	0	0	0	-2	-6	-72	0	0
26	0	0	0	0	0	-2	-6	-72	0	0
26	0	0	0	0	0	-2	-6	-72	0	0
26	0	0	0	0	0	-2	-6	-72	0	0
26	0	0	0	0	0	-2	-6	-72	0	0
26	0	0	0	0	0	-2	-6	-72	0	0
26	0	0	0	0	0	-2	-6	-72	0	0
26	0	0	0	0	0	-2	-6	-72	0	0
26	0	0	0	0	0	-2	-6	-72	0	0
26	0	0	0	0	0	-2	-6	-72	0	0
26	0	0	0	0	0	-2	-6	-72	0	0
26	0	0	0	0	0	-2	-6	-72	0	0
26	0	0	0	0	0	-2	-6	-72	0	0
26	0	0	0	0	0	-2	-6	-72	0	0
26	0	0	0	0	0	-2	-6	-71	0	0
26	0	0	0	0	0	-2	-6	-71	0	0
26	0	0	0	0	0	-2	-6	-71	0	0
26	0	0	0	0	0	-2	-6	-71	0	0
26	0	0	0	0	0	-2	-6	-71	0	0
26	0	0	0	0	0	-2	-6	-71	0	0
26	0	0	0	0	0	-2	-6	-71	0	0
26	0	0	0	0	0	-2	-6	-71	0	0
26	0	0	0	0	0	-2	-6	-71	0	0
26	0	0	0	0	0	-2	-6	-71	0	0
26	0	0	0	0	0	-2	-6	-71	0	0
26	0	0	0	0	0	-2	-6	-71	0	0
26	0	0	0	0	0