bat	flyst.	alt	vx	vy	vz	theta	phi	psi	px	py
0	0	0	0	0	0	0	0	0	0	0
0	0	0	0	0	0	0	0	0	0	0
0	0	0	0	0	0	0	0	0	0	0
0	0	0	0	0	0	0	0	0	0	0
0	0	0	0	0	0	0	0	0	0	0
0	0	0	0	0	0	0	0	0	0	0
0	0	0	0	0	0	0	0	0	0	0
0	0	0	0	0	0	0	0	0	0	0
0	0	0	0	0	0	0	0	0	0	0
0	0	0	0	0	0	0	0	0	0	0
0	0	0	0	0	0	0	0	0	0	0
0	0	0	0	0	0	0	0	0	0	0
0	0	0	0	0	0	0	0	0	0	0
0	0	0	0	0	0	0	0	0	0	0
0	0	0	0	0	0	0	0	0	0	0
0	0	0	0	0	0	0	0	0	0	0
0	0	0	0	0	0	0	0	0	0	0
0	0	0	0	0	0	0	0	0	0	0
0	0	0	0	0	0	0	0	0	0	0
0	0	0	0	0	0	0	0	0	0	0
0	0	0	0	0	0	0	0	0	0	0
0	0	0	0	0	0	0	0	0	0	0
0	0	0	0	0	0	0	0	0	0	0
0	0	0	0	0	0	0	0	0	0	0
0	0	0	0	0	0	0	0	0	0	0
0	0	0	0	0	0	0	0	0	0	0
0	0	0	0	0	0	0	0	0	0	0
0	0	0	0	0	0	0	0	0	0	0
0	0	0	0	0	0	0	0	0	0	0
0	0	0	0	0	0	0	0	0	0	0
0	0	0	0	0	0	0	0	0	0	0
0	0	0	0	0	0	0	0	0	0	0
0	0	0	0	0	0	0	0	0	0	0
0	0	0	0	0	0	0	0	0	0	0
0	0	0	0	0	0	0	0	0	0	0
0	0	0	0	0	0	0	0	0	0	0
0	0	0	0	0	0	0	0	0	0	0
0	0	0	0	0	0	0	0	0	0	0
0	0	0	0	0	0	0	0	0	0	0
0	0	0	0	0	0	0	0	0	0	0
0	0	0	0	0	0	0	0	0	0	0
0	0	0	0	0	0	0	0	0	0	0
0	0	0	0	0	0	0	0	0	0	0
0	0	0	0	0	0	0	0	0	0	0
0	0	0	0	0	0	0	0	0	0	0
0	0	0	0	0	0	0	0	0	0	0
0	0	0	0	0	0	0	0	0	0	0
0	0	0	0	0	0	0	0	0	0	0
0	0	0	0	0	0	0	0	0	0	0
0	0	0	0	0	0	0	0	0	0	0
0	0	0	0	0	0	0	0	0	0	0
0	0	0	0	0	0	0	0	0	0	0
0	0	0	0	0	0	0	0	0	0	0
0	0	0	0	0	0	0	0	0	0	0
0	0	0	0	0	0	0	0	0	0	0
0	0	0	0	0	0	0	0	0	0	0
0	0	0	0	0	0	0	0	0	0	0
0	0	0	0	0	0	0	0	0	0	0
35	0	0	0	0	0	-2	-1	92	0	0
35	0	0	0	0	0	-2	-1	92	0	0
35	0	0	0	0	0	-2	-1	92	0	0
35	0	0	0	0	0	-2	-1	92	0	0
35	0	0	0	0	0	-2	-1	92	0	0
35	0	0	0	0	0	-2	-1	92	0	0
35	0	0	0	0	0	-2	-1	92	0	0
35	0	0	0	0	0	-2	-1	92	0	0
35	0	0	0	0	0	-2	-1	92	0	0
35	0	0	0	0	0	-2	-1	92	0	0
35	0	0	0	0	0	-2	-1	92	0	0
35	0	0	0	0	0	-2	-1	92	0	0
35	0	0	0	0	0	-2	-1	92	0	0
35	0	0	0	0	0	-2	-1	92	0	0
35	0	0	0	0	0	-2	-1	92	0	0
35	0	0	0	0	0	-2	-1	92	0	0
35	0	0	0	0	0	-2	-1	92	0	0
35	0	0	0	0	0	-2	-1	92	0	0
35	0	0	0	0	0	-2	-1	92	0	0
35	0	0	0	0	0	-2	-1	92	0	0
35	0	0	0	0	0	-2	-1	92	0	0
35	0	0	0	0	0	-2	-1	92	0	0
35	0	0	0	0	0	-2	-1	92	0	0
35	0	0	0	0	0	-2	-1	92	0	0
35	0	0	0	0	0	-2	-1	92	0	0
35	0	0	0	0	0	-2	-1	92	0	0
35	0	0	0	0	0	-2	-1	92	0	0
35	0	0	0	0	0	-2	-1	92	0	0
35	0	0	0	0	0	-2	-1	92	0	0
35	0	0	0	0	0	-2	-1	92	0	0
35	0	0	0	0	0	-2	-1	92	0	0
35	0	0	0	0	0	-2	-1	92	0	0
35	0	0	0	0	0	-2	-1	92	0	0
35	0	0	0	0	0	-2	-1	92	0	0
35	0	0	0	0	0	-2	-1	92	0	0
35	0	0	0	0	0	-2	-1	92	0	0
35	0	0	0	0	0	-2	-1	92	0	0
35	0	0	0	0	0	-2	-1	92	0	0
35	0	0	0	0	0	-2	-1	92	0	0
35	0	0	0	0	0	-2	-1	92	0	0
35	0	0	0	0	0	-2	-1	92	0	0
35	0	0	0	0	0	-2	-1	92	0	0
35	0	0	0	0	0	-2	-1	92	0	0
35	0	0	0	0	0	-2	-1	92	0	0
35	0	0	0	0	0	-2	-1	92	0	0
35	0	0	0	0	0	-2	-1	92	0	0
35	0	0	0	0	0	-2	-1	92	0	0
35	0	0	0	0	0	-2	-1	92	0	0
35	0	0	0	0	0	-2	-1	92	0	0
35	0	0	0	0	0	-2	-1	92	0	0
35	0	0	0	0	0	-2	-1	92	0	0
35	0	0	0	0	0	-2	-1	92	0	0
35	0	0	0	0	0	-2	-1	92	0	0
35	0	0	0	0	0	-2	-1	92	0	0
35	0	0	0	0	0	-2	-1	92	0	0
35	0	0	0	0	0	-2	-1	92	0	0
35	0	0	0	0	0	-2	-1	92	0	0
35	0	0	0	0	0	-2	-1	92	0	0
35	0	0	0	0	0	-2	-1	92	0	0
35	0	0	0	0	0	-2	-1	92	0	0
35	0	0	0	0	0	-2	-1	92	0	0
35	0	0	0	0	0	-2	-1	92	0	0
35	0	0	0	0	0	-2	-1	92	0	0
35	0	0	0	0	0	-2	-1	92	0	0
35	0	0	0	0	0	-2	-1	92	0	0
35	0	0	0	0	0	-2	-1	92	0	0
35	0	0	0	0	0	-2	-1	92	0	0
35	0	0	0	0	0	-2	-1	92	0	0
35	0	0	0	0	0	-2	-1	92	0	0
35	0	0	0	0	0	-2	-1	92	0	0
35	0	0	0	0	0	-2	-1	92	0	0
35	0	0	0	0	0	-2	-1	92	0	0
35	0	0	0	0	0	-2	-1	92	0	0
35	0	0	0	0	0	-2	-1	92	0	0
35	0	0	0	0	0	-2	-1	92	0	0
35	0	0	0	0	0	-2	-1	92	0	0
35	0	0	0	0	0	-2	-1	92	0	0
35	0	0	0	0	0	-2	-1	92	0	0
35	0	0	0	0	0	-2	-1	92	0	0
35	0	0	0	0	0	-2	-1	92	0	0
35	0	0	0	0	0	-2	-1	92	0	0
35	0	0	0	0	0	-2	-1	92	0	0
35	0	0	0	0	0	-2	-1	92	0	0
35	0	0	0	0	0	-2	-1	92	0	0
35	0	0	0	0	0	-2	-1	92	0	0
35	0	0	0	0	0	-2	-1	92	0	0
35	0	0	0	0	0	-2	-1	92	0	0
35	0	0	0	0	0	-2	-1	92	0	0
35	0	0	0	0	0	-2	-1	92	0	0
35	0	0	0	0	0	-2	-1	92	0	0
35	0	0	0	0	0	-2	-1	92	0	0
35	0	0	0	0	0	-2	-1	92	0	0
35	0	0	0	0	0	-2	-1	92	0	0
35	0	0	0	0	0	-2	-1	92	0	0
35	0	0	0	0	0	-2	-1	92	0	0
35	0	0	0	0	0	-2	-1	92	0	0
35	0	0	0	0	0	-2	-1	92	0	0
35	0	0	0	0	0	-2	-1	92	0	0
35	0	0	0	0	0	-2	-1	92	0	0
35	0	0	0	0	0	-2	-1	92	0	0
35	0	0	0	0	0	-2	-1	92	0	0
35	0	0	0	0	0	-2	-1	92	0	0
35	0	0	0	0	0	-2	-1	92	0	0
35	0	0	0	0	0	-2	-1	92	0	0
35	0	0	0	0	0	-2	-1	92	0	0
35	0	0	0	0	0	-2	-1	92	0	0
35	0	0	0	0	0	-2	-1	92	0	0
35	0	0	0	0	0	-2	-1	92	0	0
35	0	0	0	0	0	-2	-1	92	0	0
35	0	0	0	0	0	-2	-1	92	0	0
35	0	0	0	0	0	-2	-1	92	0	0
35	0	0	0	0	0	-2	-1	92	0	0
35	0	0	0	0	0	-2	-1	92	0	0
35	0	0	0	0	0	-2	-1	92	0	0
35	0	0	0	0	0	-2	-1	92	0	0
35	0	0	0	0	0	-2	-1	92	0	0
35	0	0	0	0	0	-2	-1	92	0	0
35	0	0	0	0	0	-2	-1	92	0	0
35	0	0	0	0	0	-1	-1	92	0	0
35	0	0	0	0	0	-1	-1	92	0	0
35	0	0	0	0	0	-1	-1	92	0	0
35	0	0	0	0	0	-1	-1	92	0	0
35	0	0	0	0	0	-1	-1	92	0	0
35	0	0	0	0	0	-1	-1	92	0	0
35	0	0	0	0	0	-1	-1	92	0	0
35	0	0	0	0	0	-1	-1	92	0	0
35	0	0	0	0	0	-1	-1	92	0	0
35	0	0	0	0	0	-1	-1	92	0	0
35	0	0	0	0	0	-1	-1	92	0	0
35	0	0	0	0	0	-1	-1	92	0	0
35	0	0	0	0	0	-1	-1	92	0	0
35	0	0	0	0	0	-1	-1	92	0	0
35	0	0	0	0	0	-1	-1	92	0	0
35	0	0	0	0	0	-1	-1	92	0	0
35	0	0	0	0	0	-1	-1	92	0	0
35	0	0	0	0	0	-1	-1	92	0	0
35	0	0	0	0	0	-2	-1	92	0	0
35	0	0	0	0	0	-2	-1	92	0	0
35	0	0	0	0	0	-2	-1	92	0	0
35	0	0	0	0	0	-2	-1	92	0	0
35	0	0	0	0	0	-2	-1	92	0	0
35	0	0	0	0	0	-2	-1	92	0	0
35	0	0	0	0	0	-2	-1	92	0	0
35	0	0	0	0	0	-2	-1	92	0	0
35	0	0	0	0	0	-2	-1	92	0	0
35	0	0	0	0	0	-2	-1	92	0	0
35	0	0	0	0	0	-2	-1	92	0	0
35	0	0	0	0	0	-2	-1	92	0	0
35	0	0	0	0	0	-2	-1	92	0	0
35	0	0	0	0	0	-2	-1	92	0	0
35	0	0	0	0	0	-2	-1	92	0	0
35	0	0	0	0	0	-2	-1	92	0	0
35	0	0	0	0	0	-2	-1	92	0	0
35	0	0	0	0	0	-2	-1	92	0	0
35	0	0	0	0	0	-2	-1	92	0	0
35	0	0	0	0	0	-2	-1	92	0	0
35	0	0	0	0	0	-2	-1	92	0	0
35	0	0	0	0	0	-2	-1	92	0	0
35	0	0	0	0	0	-2	-1	92	0	0
35	0	0	0	0	0	-2	-1	92	0	0
35	0	0	0	0	0	-2	-1	92	0	0
35	0	0	0	0	0	-2	-1	92	0	0
35	0	0	0	0	0	-2	-1	92	0	0
35	0	0	0	0	0	-2	-1	92	0	0
35	0	0	0	0	0	-2	-1	92	0	0
35	0	0	0	0	0	-2	-1	92	0	0
35	0	0	0	0	0	-2	-1	92	0	0
35	0	0	0	0	0	-2	-1	92	0	0
35	0	0	0	0	0	-2	-1	92	0	0
35	0	0	0	0	0	-2	-1	92	0	0
35	0	0	0	0	0	-2	-1	92	0	0
35	0	0	0	0	0	-2	-1	92	0	0
35	0	0	0	0	0	-2	-1	92	0	0
35	0	0	0	0	0	-2	-1	92	0	0
35	0	0	0	0	0	-2	-1	92	0	0
35	0	0	0	0	0	-2	-1	92	0	0
35	0	0	0	0	0	-2	-1	92	0	0
35	0	0	0	0	0	-2	-1	92	0	0
35	0	0	0	0	0	-2	-1	92	0	0
35	0	0	0	0	0	-2	-1	92	0	0
35	0	0	0	0	0	-2	-1	92	0	0
35	0	0	0	0	0	-2	-1	92	0	0
35	0	0	0	0	0	-2	-1	92	0	0
35	0	0	0	0	0	-2	-1	92	0	0
35	0	0	0	0	0	-2	-1	92	0	0
35	0	0	0	0	0	-2	-1	92	0	0
35	0	0	0	0	0	-2	-1	92	0	0
35	0	0	0	0	0	-2	-1	92	0	0
35	0	0	0	0	0	-2	-1	92	0	0
35	0	0	0	0	0	-2	-1	92	0	0
35	0	0	0	0	0	-2	-1	92	0	0
35	0	0	0	0	0	-2	-1	92	0	0
35	0	0	0	0	0	-2	-1	92	0	0
35	0	0	0	0	0	-2	-1	92	0	0
35	0	0	0	0	0	-2	-1	92	0	0
35	0	0	0	0	0	-2	-1	92	0	0
35	0	0	0	0	0	-2	-1	92	0	0
35	0	0	0	0	0	-2	-1	92	0	0
35	0	0	0	0	0	-2	-1	92	0	0
35	0	0	0	0	0	-2	-1	92	0	0
35	0	0	0	0	0	-2	-1	92	0	0
35	0	0	0	0	0	-2	-1	92	0	0
35	0	0	0	0	0	-2	-1	92	0	0
35	0	0	0	0	0	-2	-1	92	0	0
35	0	0	0	0	0	-2	-1	92	0	0
35	0	0	0	0	0	-2	-1	92	0	0
35	0	0	0	0	0	-2	-1	92	0	0
35	0	0	0	0	0	-2	-1	92	0	0
35	0	0	0	0	0	-2	-1	92	0	0
35	0	0	0	0	0	-2	-1	92	0	0
35	0	0	0	0	0	-2	-1	92	0	0
35	0	0	0	0	0	-2	-1	92	0	0
35	0	0	0	0	0	-2	-1	92	0	0
35	0	0	0	0	0	-2	-1	92	0	0
35	0	0	0	0	0	-2	-1	92	0	0
35	0	0	0	0	0	-2	-1	92	0	0
35	0	0	0	0	0	-2	-1	92	0	0
35	0	0	0	0	0	-2	-1	92	0	0
35	0	0	0	0	0	-2	-1	92	0	0
35	0	0	0	0	0	-2	-1	92	0	0
35	0	0	0	0	0	-2	-1	92	0	0
35	0	0	0	0	0	-2	-1	92	0	0
35	0	0	0	0	0	-2	-1	92	0	0
35	0	0	0	0	0	-2	-1	92	0	0
35	0	0	0	0	0	-2	-1	92	0	0
35	0	0	0	0	0	-2	-1	92	0	0
35	0	0	0	0	0	-2	-1	92	0	0
35	0	0	0	0	0	-2	-1	92	0	0
35	0	0	0	0	0	-2	-1	92	0	0
35	0	0	0	0	0	-2	-1	92	0	0
35	0	0	0	0	0	-2	-1	92	0	0
35	0	0	0	0	0	-2	-1	92	0	0
35	0	0	0	0	0	-2	-1	92	0	0
35	0	0	0	0	0	-2	-1	92	0	0
35	0	0	0	0	0	-2	-1	92	0	0
35	0	0	0	0	0	-2	-1	92	0	0
35	0	0	0	0	0	-2	-1	92	0	0
35	0	0	0	0	0	-2	-1	92	0	0
35	0	0	0	0	0	-2	-1	92	0	0
35	0	0	0	0	0	-2	-1	92	0	0
35	0	0	0	0	0	-2	-1	92	0	0
35	0	0	0	0	0	-2	-1	92	0	0
35	0	0	0	0	0	-2	-1	92	0	0
35	0	0	0	0	0	-2	-1	92	0	0
35	0	0	0	0	0	-2	-1	92	0	0
35	0	0	0	0	0	-2	-1	92	0	0
35	0	0	0	0	0	-2	-1	92	0	0
35	0	0	0	0	0	-2	-1	92	0	0
35	0	0	0	0	0	-2	-1	92	0	0
35	0	0	0	0	0	-2	-1	92	0	0
35	0	0	0	0	0	-2	-1	92	0	0
35	0	0	0	0	0	-2	-1	92	0	0
35	0	0	0	0	0	-2	-1	92	0	0
35	0	0	0	0	0	-2	-1	92	0	0
35	0	0	0	0	0	-2	-1	92	0	0
35	0	0	0	0	0	-2	-1	92	0	0
35	0	0	0	0	0	-2	-1	92	0	0
35	0	0	0	0	0	-2	-1	92	0	0
35	0	0	0	0	0	-2	-1	92	0	0
35	0	0	0	0	0	-2	-1	92	0	0
35	0	0	0	0	0	-2	-1	92	0	0
35	0	0	0	0	0	-2	-1	92	0	0
35	0	0	0	0	0	-2	-1	92	0	0
35	0	0	0	0	0	-2	-1	92	0	0
35	0	0	0	0	0	-2	-1	92	0	0
35	0	0	0	0	0	-2	-1	92	0	0
35	0	0	0	0	0	-2	-1	92	0	0
35	0	0	0	0	0	-2	-1	92	0	0
35	0	0	0	0	0	-2	-1	92	0	0
35	0	0	0	0	0	-2	-1	92	0	0
35	0	0	0	0	0	-2	-1	92	0	0
35	0	0	0	0	0	-2	-1	92	0	0
35	0	0	0	0	0	-2	-1	92	0	0
35	0	0	0	0	0	-2	-1	92	0	0
35	0	0	0	0	0	-2	-1	92	0	0
35	0	0	0	0	0	-2	-1	92	0	0
35	0	0	0	0	0	-2	-1	92	0	0
35	0	0	0	0	0	-2	-1	92	0	0
35	0	0	0	0	0	-2	-1	92	0	0
35	0	0	0	0	0	-2	-1	92	0	0
35	0	0	0	0	0	-2	-1	92	0	0
35	0	0	0	0	0	-2	-1	92	0	0
35	0	0	0	0	0	-2	-1	92	0	0
35	0	0	0	0	0	-2	-1	92	0	0
35	0	0	0	0	0	-2	-1	92	0	0
35	0	0	0	0	0	-2	-1	92	0	0
35	0	0	0	0	0	-2	-1	92	0	0
0	0	0	0	0	0	0	0	0	0	0
0	0	0	0	0	0	0	0	0	0	0
0	0	0	0	0	0	0	0	0	0	0
0	0	0	0	0	0	0	0	0	0	0
0	0	0	0	0	0	0	0	0	0	0
35	0	0	0	1	0	0	0	92	0	0
35	0	0	0	1	0	0	0	92	0	0
35	0	0	0	1	0	0	0	92	0	0
35	0	0	1	1	0	0	0	92	0	0
35	0	0	1	1	0	0	0	92	0	0
35	0	0	1	1	0	0	0	92	0	0
35	0	0	4	1	0	0	0	92	0	0
35	0	0	4	1	0	0	0	92	0	0
35	0	0	4	1	0	0	0	92	0	0
35	0	0	8	0	0	0	0	92	0	0
35	0	0	8	0	0	0	0	92	0	0
35	0	0	8	0	0	0	0	92	0	0
35	0	0	8	0	0	0	0	92	0	0
35	0	0	10	-2	0	0	0	92	1	0
35	0	0	10	-2	0	0	0	92	1	0
35	0	0	10	-2	0	0	0	92	1	0
35	0	0	15	-1	0	0	0	92	1	0
35	0	0	15	-1	0	0	0	92	2	0
35	0	0	15	-1	0	0	0	92	2	0
35	0	0	17	0	0	0	0	92	2	0
35	0	0	17	0	0	0	0	92	3	0
35	0	0	17	0	0	0	0	92	3	0
35	0	0	21	-1	0	0	0	92	3	0
35	0	0	21	-1	0	0	0	92	4	0
35	0	0	21	-1	0	0	0	92	4	0
35	0	0	26	-2	0	0	0	92	5	0
35	0	0	26	-2	0	0	0	92	5	0
35	0	0	26	-2	0	0	0	92	6	0
35	0	0	32	-2	0	0	0	92	6	0
35	0	0	32	-2	0	0	0	92	7	0
35	0	0	32	-2	0	0	0	92	8	0
35	0	0	36	-2	0	0	0	92	8	0
35	0	0	36	-2	0	0	0	92	9	0
35	0	0	36	-2	0	0	0	92	10	0
35	0	0	40	-4	0	0	0	92	11	0
35	0	0	40	-4	0	0	0	92	12	0
35	0	0	40	-4	0	0	0	92	12	0
35	0	0	44	-1	0	0	0	92	13	0
35	0	0	44	-1	0	0	0	92	14	0
35	0	0	44	-1	0	0	0	92	15	0
35	0	0	50	-3	0	0	0	92	16	0
35	0	0	50	-3	0	0	0	92	17	-1
35	0	0	50	-3	0	0	0	92	18	-1
35	0	0	56	-5	0	0	0	92	19	-1
35	0	0	56	-5	0	0	0	92	21	-1
35	0	0	56	-5	0	0	0	92	22	-1
35	0	0	56	-5	0	0	0	92	23	-1
35	0	0	60	-5	0	0	0	92	24	-1
35	0	0	60	-5	0	0	0	92	25	-1
35	0	0	60	-5	0	0	0	92	27	-1
35	0	0	65	-7	0	0	0	92	28	-1
35	0	0	65	-7	0	0	0	92	29	-2
35	0	0	65	-7	0	0	0	92	31	-2
35	0	0	71	-10	0	0	0	92	32	-2
35	0	0	71	-10	0	0	0	92	34	-2
35	0	0	71	-10	0	0	0	92	35	-2
35	0	0	77	-9	0	0	0	92	37	-3
35	0	0	77	-9	0	0	0	92	38	-3
35	0	0	77	-9	0	0	0	92	40	-3
35	0	0	84	-7	0	0	0	92	42	-3
35	0	0	84	-7	0	0	0	92	43	-3
35	0	0	84	-7	0	0	0	92	45	-3
35	0	0	89	-10	0	0	0	92	47	-4
35	0	0	89	-10	0	0	0	92	49	-4
35	0	0	89	-10	0	0	0	92	51	-4
35	0	0	95	-9	0	0	0	92	53	-4
35	0	0	95	-9	0	0	0	92	54	-4
35	0	0	95	-9	0	0	0	92	57	-5
35	0	0	102	-9	0	0	0	92	59	-5
35	0	0	102	-9	0	0	0	92	61	-5
35	0	0	102	-9	0	0	0	92	63	-5
35	0	0	107	-10	0	0	0	92	65	-5
35	0	0	107	-10	0	0	0	92	67	-6
35	0	0	107	-10	0	0	0	92	69	-6
35	0	0	112	-10	0	0	0	92	72	-6
35	0	0	112	-10	0	0	0	92	74	-6
35	0	0	112	-10	0	0	0	92	76	-7
35	0	0	112	-10	0	0	0	92	79	-7
35	0	0	116	-12	0	0	0	92	81	-7
35	0	0	116	-12	0	0	0	92	84	-7
35	0	0	116	-12	0	0	0	92	86	-8
35	0	0	122	-10	0	0	0	92	89	-8
35	0	0	122	-10	0	0	0	92	91	-8
35	0	0	122	-10	0	0	0	92	94	-8
35	0	0	128	-10	0	0	0	92	96	-8
35	0	0	128	-10	0	0	0	92	99	-9
35	0	0	128	-10	0	0	0	92	102	-9
35	0	0	132	-14	0	0	0	92	104	-9
35	0	0	132	-14	0	0	0	92	107	-9
35	0	0	132	-14	0	0	0	92	110	-10
35	0	0	137	-13	0	0	0	92	113	-10
35	0	0	137	-13	0	0	0	92	116	-10
35	0	0	137	-13	0	0	0	92	119	-11
35	0	0	142	-14	0	0	0	92	121	-11
35	0	0	142	-14	0	0	0	92	124	-11
35	0	0	142	-14	0	0	0	92	127	-12
35	0	0	148	-15	0	0	0	92	130	-12
35	0	0	148	-15	0	0	0	92	133	-12
35	0	0	148	-15	0	0	0	92	137	-12
35	0	0	155	-17	0	0	0	92	140	-13
35	0	0	155	-17	0	0	0	92	143	-13
35	0	0	155	-17	0	0	0	92	146	-14
35	0	0	159	-16	0	0	0	92	149	-14
35	0	0	159	-16	0	0	0	92	153	-14
35	0	0	159	-16	0	0	0	92	156	-15
35	0	0	164	-17	0	0	0	92	160	-15
35	0	0	164	-17	0	0	0	92	163	-15
35	0	0	164	-17	0	0	0	92	166	-16
35	0	0	164	-17	0	0	0	92	170	-16
35	0	0	168	-13	0	0	0	92	173	-16
35	0	0	168	-13	0	0	0	92	177	-17
35	0	0	168	-13	0	0	0	92	180	-17
35	0	0	171	-10	0	0	0	93	184	-17
35	0	0	171	-10	0	0	0	93	188	-18
35	0	0	171	-10	0	0	0	93	191	-18
35	0	0	176	-17	0	0	0	92	195	-18
35	0	0	176	-17	0	0	0	92	199	-18
35	0	0	176	-17	0	0	0	92	202	-19
35	0	0	179	-24	0	0	0	92	206	-19
35	0	0	179	-24	0	0	0	92	210	-20
35	0	0	179	-24	0	0	0	92	214	-20
35	0	0	179	-23	0	0	0	92	217	-21
35	0	0	179	-23	0	0	0	92	221	-21
35	0	0	179	-23	0	0	0	92	225	-22
35	0	0	184	-17	0	0	0	92	229	-22
35	0	0	184	-17	0	0	0	92	233	-22
35	0	0	184	-17	0	0	0	92	236	-23
35	0	0	184	-21	0	0	0	92	240	-23
35	0	0	184	-21	0	0	0	92	244	-24
35	0	0	184	-21	0	0	0	92	248	-24
35	0	0	182	-23	0	-1	0	91	252	-25
35	0	0	182	-23	0	-1	0	91	256	-25
35	0	0	182	-23	0	-1	0	91	260	-26
35	0	0	184	-12	0	-1	1	91	263	-26
35	0	0	184	-12	0	-1	1	91	267	-26
35	0	0	184	-12	0	-1	1	91	271	-27
35	0	0	193	0	0	-1	1	91	275	-27
35	0	0	193	0	0	-1	1	91	279	-27
35	0	0	193	0	0	-1	1	91	283	-27
35	0	0	202	7	0	-1	1	91	287	-27
35	0	0	202	7	0	-1	1	91	291	-27
35	0	0	202	7	0	-1	1	91	296	-27
35	0	0	202	7	0	-1	1	91	300	-26
35	0	0	210	15	0	-1	0	91	304	-26
35	0	0	210	15	0	-1	0	91	309	-26
35	0	0	210	15	0	-1	0	91	313	-26
35	0	0	219	25	0	-1	0	91	317	-25
35	0	0	219	25	0	-1	0	91	322	-25
35	0	0	219	25	0	-1	0	91	327	-24
35	0	0	243	29	0	-2	0	92	331	-24
35	0	0	243	29	0	-2	0	92	336	-23
35	0	0	243	29	0	-2	0	92	342	-22
35	0	0	267	33	0	-1	0	92	347	-22
35	0	0	267	33	0	-1	0	92	352	-21
35	0	0	267	33	0	-1	0	92	358	-20
35	0	0	288	37	0	-1	0	92	363	-20
35	0	0	288	37	0	-1	0	92	370	-19
35	0	0	288	37	0	-1	0	92	376	-18
35	0	0	293	46	0	0	1	93	382	-17
35	0	0	293	46	0	0	1	93	388	-16
35	0	0	293	46	0	0	1	93	394	-15
35	0	0	275	56	0	2	0	93	400	-14
35	0	0	275	56	0	2	0	93	405	-13
35	0	0	275	56	0	2	0	93	411	-12
35	0	0	225	62	0	5	0	93	417	-11
35	0	0	225	62	0	5	0	93	422	-10
35	0	0	225	62	0	5	0	93	426	-8
35	0	0	156	70	0	5	0	93	431	-7
35	0	0	156	70	0	5	0	93	435	-5
35	0	0	156	70	0	5	0	93	438	-4
35	0	0	98	73	0	4	0	93	441	-2
35	0	0	98	73	0	4	0	93	443	-1
35	0	0	98	73	0	4	0	93	445	0
35	0	0	98	73	0	4	0	93	447	1
35	0	0	59	80	0	2	0	93	449	3
35	0	0	59	80	0	2	0	93	451	4
35	0	0	59	80	0	2	0	93	452	6
35	0	0	45	86	0	1	0	93	453	8
35	0	0	45	86	0	1	0	93	454	10
35	0	0	45	86	0	1	0	93	455	11
35	0	0	40	92	0	0	0	93	456	13
35	0	0	40	92	0	0	0	93	457	15
35	0	0	40	92	0	0	0	93	458	17
35	0	0	36	100	0	0	1	-17	458	19
35	0	0	36	100	0	0	1	-17	459	21
35	0	0	36	100	0	0	1	-17	460	23
35	0	249	31	112	0	0	0	-17	461	25
35	0	249	31	112	0	0	0	-17	461	28
35	0	249	31	112	0	0	0	-17	462	30
35	0	248	29	105	0	1	0	-17	463	32
35	0	248	29	105	0	1	0	-17	463	35
35	0	248	29	105	0	1	0	-17	464	37
35	0	265	17	87	0	1	0	-17	465	39
35	0	265	17	87	0	1	0	-17	465	41
35	0	265	17	87	0	1	0	-17	465	43
35	0	281	-25	65	0	1	-1	-17	466	45
35	0	281	-25	65	0	1	-1	-17	465	46
35	0	281	-25	65	0	1	-1	-17	465	47
35	0	302	-323	71	0	0	-2	-17	464	49
35	0	302	-323	71	0	0	-2	-17	457	50
35	0	302	-323	71	0	0	-2	-17	451	52
35	0	302	-323	71	0	0	-2	-17	444	53
35	0	346	-325	76	0	-1	-4	-17	437	55
35	0	346	-325	76	0	-1	-4	-17	430	56
35	0	346	-325	76	0	-1	-4	-17	423	58
35	0	380	-197	-24	0	-3	-5	-17	416	60
35	0	380	-197	-24	0	-3	-5	-17	412	59
35	0	380	-197	-24	0	-3	-5	-17	408	59
35	0	439	-103	-174	0	-5	-5	-17	404	58
35	0	439	-103	-174	0	-5	-5	-17	402	54
35	0	439	-103	-174	0	-5	-5	-17	400	51
35	0	489	-26	-214	0	-5	-3	-17	397	47
35	0	489	-26	-214	0	-5	-3	-17	397	43
35	0	489	-26	-214	0	-5	-3	-17	396	38
35	0	538	-5	-144	0	-4	0	-17	396	34
35	0	538	-5	-144	0	-4	0	-17	396	31
35	0	538	-5	-144	0	-4	0	-17	396	28
35	0	584	-46	-88	0	-2	1	-17	395	24
35	0	584	-46	-88	0	-2	1	-17	394	23
35	0	584	-46	-88	0	-2	1	-17	394	21
35	0	615	-61	-68	0	-2	2	-17	393	19
35	0	615	-61	-68	0	-2	2	-17	391	17
35	0	615	-61	-68	0	-2	2	-17	390	16
35	0	640	-69	-42	0	-1	3	-17	389	15
35	0	640	-69	-42	0	-1	3	-17	387	14
35	0	640	-69	-42	0	-1	3	-17	386	13
35	0	662	-82	-16	0	-1	3	-18	384	12
35	0	662	-82	-16	0	-1	3	-18	383	12
35	0	662	-82	-16	0	-1	3	-18	381	11
35	0	672	-88	5	0	-1	2	-18	379	11
35	0	672	-88	5	0	-1	2	-18	377	11
35	0	672	-88	5	0	-1	2	-18	375	11
35	0	681	-87	19	0	-1	2	-18	374	11
35	0	681	-87	19	0	-1	2	-18	372	12
35	0	681	-87	19	0	-1	2	-18	370	12
35	0	680	-81	34	0	-2	2	-18	368	13
35	0	680	-81	34	0	-2	2	-18	366	13
35	0	680	-81	34	0	-2	2	-18	365	14
35	0	680	-81	34	0	-2	2	-18	363	15
35	0	684	-66	49	0	-2	2	-18	361	15
35	0	684	-66	49	0	-2	2	-18	360	16
35	0	684	-66	49	0	-2	2	-18	358	17
35	0	686	-58	59	0	-2	2	-18	357	19
35	0	686	-58	59	0	-2	2	-18	356	20
35	0	686	-58	59	0	-2	2	-18	354	21
35	0	677	-39	71	0	-4	2	-18	353	22
35	0	677	-39	71	0	-4	2	-18	352	24
35	0	677	-39	71	0	-4	2	-18	351	26
35	0	681	15	87	0	-6	2	-18	350	27
35	0	681	15	87	0	-6	2	-18	351	29
35	0	681	15	87	0	-6	2	-18	351	31
35	0	677	52	121	0	-4	1	-18	351	33
35	0	677	52	121	0	-4	1	-18	353	35
35	0	677	52	121	0	-4	1	-18	354	38
35	0	682	65	148	0	-1	0	-18	355	40
35	0	682	65	148	0	-1	0	-18	356	44
35	0	687	37	127	0	-2	0	-18	358	47
35	0	687	37	127	0	-2	0	-18	358	50
35	0	687	37	127	0	-2	0	-18	359	52
35	0	687	37	127	0	-2	0	-18	360	55
35	0	695	77	124	0	-2	0	-18	361	58
35	0	695	77	124	0	-2	0	-18	362	60
35	0	695	77	124	0	-2	0	-18	364	63
35	0	705	79	148	0	-1	0	-18	366	65
35	0	705	79	148	0	-1	0	-18	367	69
35	0	705	79	148	0	-1	0	-18	369	72
35	0	716	68	149	0	0	0	-18	371	75
35	0	716	68	149	0	0	0	-18	372	78
35	0	716	68	149	0	0	0	-18	374	81
35	0	710	56	147	0	0	0	-18	375	84
35	0	710	56	147	0	0	0	-18	376	87
35	0	710	56	147	0	0	0	-18	377	90
35	0	708	31	148	0	1	0	-18	379	94
35	0	708	31	148	0	1	0	-18	379	97
35	0	708	31	148	0	1	0	-18	380	100
35	0	722	19	121	0	1	0	-18	381	103
35	0	722	19	121	0	1	0	-18	381	105
35	0	722	19	121	0	1	0	-18	381	108
35	0	740	9	119	0	0	0	-18	382	111
35	0	740	9	119	0	0	0	-18	382	113
35	0	740	9	119	0	0	0	-18	382	116
35	0	763	8	118	0	0	0	-18	382	118
35	0	763	8	118	0	0	0	-18	383	121
35	0	763	8	118	0	0	0	-18	383	123
35	0	788	0	123	0	0	0	-18	383	126
35	0	788	0	123	0	0	0	-18	383	128
35	0	788	0	123	0	0	0	-18	383	131
35	0	809	-9	131	0	0	0	-18	383	133
35	0	809	-9	131	0	0	0	-18	383	136
35	0	809	-9	131	0	0	0	-18	383	139
35	0	809	-9	131	0	0	0	-18	382	142
35	0	829	-25	144	0	0	0	-18	382	144
35	0	829	-25	144	0	0	0	-18	382	147
35	0	829	-25	144	0	0	0	-18	381	150
35	0	847	-38	160	0	0	-1	-18	380	154
35	0	847	-38	160	0	0	-1	-18	380	157
35	0	847	-38	160	0	0	-1	-18	379	160
35	0	844	-61	139	0	0	-4	-18	378	164
35	0	844	-61	139	0	0	-4	-18	377	167
35	0	844	-61	139	0	0	-4	-18	375	169
35	0	851	-66	74	0	0	-6	-18	374	172
35	0	851	-66	74	0	0	-6	-18	373	174
35	0	851	-66	74	0	0	-6	-18	371	176
35	0	848	-83	1	0	0	-8	-17	370	177
35	0	848	-83	1	0	0	-8	-17	368	177
35	0	848	-83	1	0	0	-8	-17	366	177
35	0	853	-98	-111	0	0	-8	-17	365	177
35	0	853	-98	-111	0	0	-8	-17	363	175
35	0	853	-98	-111	0	0	-8	-17	361	173
35	0	845	-54	-164	0	0	-6	-17	359	170
35	0	845	-54	-164	0	0	-6	-17	357	167
35	0	845	-54	-164	0	0	-6	-17	356	163
35	0	842	-21	-267	0	0	-3	-17	355	160
35	0	842	-21	-267	0	0	-3	-17	355	154
35	0	842	-21	-267	0	0	-3	-17	354	149
35	0	848	5	-240	0	0	1	-17	354	143
35	0	848	5	-240	0	0	1	-17	354	138
35	0	848	5	-240	0	0	1	-17	354	133
35	0	848	5	-240	0	0	1	-17	354	128
35	0	849	-15	-164	0	0	4	-17	354	123
35	0	849	-15	-164	0	0	4	-17	354	119
35	0	849	-15	-164	0	0	4	-17	354	116
35	0	859	-38	-91	0	0	5	-16	353	112
35	0	859	-38	-91	0	0	5	-16	352	110
35	0	859	-38	-91	0	0	5	-16	352	109
35	0	872	-85	-29	0	0	4	-17	351	107
35	0	872	-85	-29	0	0	4	-17	349	106
35	0	872	-85	-29	0	0	4	-17	347	105
35	0	888	-123	-5	0	0	1	-17	345	105
35	0	888	-123	-5	0	0	1	-17	343	105
35	0	888	-123	-5	0	0	1	-17	340	105
35	0	901	-155	-64	0	0	-2	-17	338	104
35	0	901	-155	-64	0	0	-2	-17	334	103
35	0	901	-155	-64	0	0	-2	-17	331	102
35	0	911	-220	-90	0	0	-5	-17	328	100
35	0	911	-220	-90	0	0	-5	-17	323	99
35	0	911	-220	-90	0	0	-5	-17	319	97
35	0	912	-258	-121	0	0	-8	-17	314	95
35	0	912	-258	-121	0	0	-8	-17	308	92
35	0	912	-258	-121	0	0	-8	-17	303	90
35	0	932	-251	-207	0	0	-9	-17	298	87
35	0	932	-251	-207	0	0	-9	-17	292	83
35	0	932	-251	-207	0	0	-9	-17	287	78
35	0	933	-249	-308	0	0	-9	-17	282	74
35	0	933	-249	-308	0	0	-9	-17	277	68
35	0	933	-249	-308	0	0	-9	-17	271	61
35	0	939	-208	-418	0	0	-9	-17	266	55
35	0	939	-208	-418	0	0	-9	-17	262	46
35	0	939	-208	-418	0	0	-9	-17	257	37
35	0	939	-208	-418	0	0	-9	-17	253	28
35	0	946	-193	-501	0	0	-6	-17	249	19
35	0	946	-193	-501	0	0	-6	-17	244	9
35	0	946	-193	-501	0	0	-6	-17	240	-1
35	0	950	-134	-534	0	0	-4	-17	236	-11
35	0	950	-134	-534	0	0	-4	-17	234	-22
35	0	950	-134	-534	0	0	-4	-17	231	-34
35	0	958	-77	-554	0	0	-1	-17	228	-45
35	0	958	-77	-554	0	0	-1	-17	226	-57
35	0	958	-77	-554	0	0	-1	-17	225	-68
35	0	963	-46	-583	0	-1	0	-17	223	-80
35	0	963	-46	-583	0	-1	0	-17	222	-92
35	0	963	-46	-583	0	-1	0	-17	221	-104
35	0	970	-12	-604	0	-2	2	-17	220	-117
35	0	970	-12	-604	0	-2	2	-17	220	-129
35	0	970	-12	-604	0	-2	2	-17	220	-142
35	0	978	17	-586	0	-2	4	-17	219	-155
35	0	978	17	-586	0	-2	4	-17	220	-167
35	0	978	17	-586	0	-2	4	-17	220	-179
35	0	978	17	-586	0	-2	4	-17	220	-191
35	0	987	29	-564	0	-2	6	-17	221	-204
35	0	987	29	-564	0	-2	6	-17	221	-215
35	0	993	-60	-449	0	0	8	-17	222	-227
35	0	993	-60	-449	0	0	8	-17	221	-236
35	0	993	-60	-449	0	0	8	-17	219	-246
35	0	997	-149	-315	0	0	8	-17	218	-255
35	0	997	-149	-315	0	0	8	-17	215	-262
35	0	997	-149	-315	0	0	8	-17	212	-269
35	0	987	-231	-202	0	0	6	-17	209	-275
35	0	987	-231	-202	0	0	6	-17	204	-279
35	0	987	-231	-202	0	0	6	-17	199	-284
35	0	987	-231	-202	0	0	6	-17	194	-288
35	0	985	-287	-152	0	0	3	-17	189	-292
35	0	985	-287	-152	0	0	3	-17	183	-295
35	0	985	-287	-152	0	0	3	-17	177	-299
35	0	984	-345	-169	0	-2	0	-17	171	-302
35	0	984	-345	-169	0	-2	0	-17	164	-305
35	0	984	-345	-169	0	-2	0	-17	157	-309
35	0	983	-309	-190	0	-3	0	-17	149	-312
35	0	983	-309	-190	0	-3	0	-17	143	-316
35	0	983	-309	-190	0	-3	0	-17	136	-320
35	0	990	-214	-139	0	-3	-1	-17	130	-324
35	0	990	-214	-139	0	-3	-1	-17	125	-327
35	0	990	-214	-139	0	-3	-1	-17	121	-330
35	0	980	-165	-123	0	-3	-1	-17	116	-333
35	0	980	-165	-123	0	-3	-1	-17	113	-336
35	0	980	-165	-123	0	-3	-1	-17	109	-338
35	0	967	-184	-122	0	-2	-1	-18	106	-341
35	0	967	-184	-122	0	-2	-1	-18	102	-344
35	0	967	-184	-122	0	-2	-1	-18	98	-346
35	0	982	-213	-125	0	-1	-1	-18	94	-349
35	0	982	-213	-125	0	-1	-1	-18	90	-351
35	0	982	-213	-125	0	-1	-1	-18	85	-354
35	0	979	-244	-131	0	0	-1	-18	81	-357
35	0	979	-244	-131	0	0	-1	-18	76	-359
35	0	979	-244	-131	0	0	-1	-18	70	-362
35	0	1007	-287	-137	0	0	-1	-18	65	-365
35	0	1007	-287	-137	0	0	-1	-18	59	-368
35	0	1007	-287	-137	0	0	-1	-18	53	-371
35	0	1035	-320	-141	0	0	-1	-17	47	-374
35	0	1035	-320	-141	0	0	-1	-17	41	-377
35	0	1035	-320	-141	0	0	-1	-17	34	-380
35	0	1061	-310	-147	0	0	0	-17	27	-383
35	0	1061	-310	-147	0	0	0	-17	21	-386
35	0	1061	-310	-147	0	0	0	-17	14	-389
35	0	1061	-310	-147	0	0	0	-17	8	-392
35	0	1082	-283	-156	0	-1	0	-17	1	-395
35	0	1082	-283	-156	0	-1	0	-17	-4	-398
35	0	1097	-268	-161	0	-2	0	-17	-10	-402
35	0	1097	-268	-161	0	-2	0	-17	-16	-405
35	0	1097	-268	-161	0	-2	0	-17	-21	-408
35	0	1097	-268	-161	0	-2	0	-17	-27	-412
35	0	1110	-189	-169	0	-3	0	-17	-32	-415
35	0	1110	-189	-169	0	-3	0	-17	-36	-419
35	0	1110	-189	-169	0	-3	0	-17	-40	-422
35	0	1125	-130	-163	0	-3	0	-17	-44	-426
35	0	1125	-130	-163	0	-3	0	-17	-47	-429
35	0	1125	-130	-163	0	-3	0	-17	-50	-433
35	0	1139	-89	-133	0	-3	0	-17	-53	-436
35	0	1139	-89	-133	0	-3	0	-17	-55	-439
35	0	1139	-89	-133	0	-3	0	-17	-57	-442
35	0	1149	-66	-118	0	-4	0	-17	-59	-445
35	0	1149	-66	-118	0	-4	0	-17	-60	-447
35	0	1149	-66	-118	0	-4	0	-17	-61	-450
35	0	1154	9	-109	0	-4	0	-17	-63	-452
35	0	1154	9	-109	0	-4	0	-17	-63	-455
35	0	1154	9	-109	0	-4	0	-17	-62	-457
35	0	1161	37	-71	0	-2	0	-17	-62	-459
35	0	1161	37	-71	0	-2	0	-17	-61	-461
35	0	1161	37	-71	0	-2	0	-17	-61	-462
35	0	1166	13	-58	0	-1	0	-17	-60	-464
35	0	1166	13	-58	0	-1	0	-17	-59	-465
35	0	1166	13	-58	0	-1	0	-17	-59	-466
35	0	1170	6	-57	0	-2	0	-17	-59	-467
35	0	1170	6	-57	0	-2	0	-17	-59	-469
35	0	1170	6	-57	0	-2	0	-17	-59	-470
35	0	1171	50	-59	0	-3	0	-17	-59	-471
35	0	1171	50	-59	0	-3	0	-17	-57	-472
35	0	1171	50	-59	0	-3	0	-17	-56	-473
35	0	1171	50	-59	0	-3	0	-17	-55	-475
35	0	1174	90	-48	0	-1	0	-17	-54	-476
35	0	1174	90	-48	0	-1	0	-17	-52	-477
35	0	1174	90	-48	0	-1	0	-17	-51	-478
35	0	1176	58	-28	0	0	1	-17	-49	-479
35	0	1176	58	-28	0	0	1	-17	-47	-480
35	0	1176	58	-28	0	0	1	-17	-46	-480
35	0	1179	60	-14	0	1	3	-17	-45	-481
35	0	1179	60	-14	0	1	3	-17	-44	-481
35	0	1179	60	-14	0	1	3	-17	-42	-481
35	0	1190	45	84	0	1	4	-17	-41	-482
35	0	1190	45	84	0	1	4	-17	-40	-480
35	0	1190	45	84	0	1	4	-17	-39	-478
35	0	1192	-14	105	0	2	3	-17	-38	-477
35	0	1192	-14	105	0	2	3	-17	-39	-474
35	0	1192	-14	105	0	2	3	-17	-39	-472
35	0	1195	-50	73	0	2	1	-17	-39	-470
35	0	1195	-50	73	0	2	1	-17	-40	-468
35	0	1195	-50	73	0	2	1	-17	-41	-467
35	0	1199	-59	72	0	1	2	-17	-42	-465
35	0	1199	-59	72	0	1	2	-17	-44	-464
35	0	1199	-59	72	0	1	2	-17	-45	-462
35	0	1198	-63	177	0	1	2	-17	-46	-461
35	0	1198	-63	177	0	1	2	-17	-47	-457
35	0	1198	-63	177	0	1	2	-17	-49	-453
35	0	1198	-90	168	0	0	0	-17	-50	-449
35	0	1198	-90	168	0	0	0	-17	-52	-446
35	0	1198	-90	168	0	0	0	-17	-54	-442
35	0	1198	-90	168	0	0	0	-17	-56	-439
35	0	1193	-101	139	0	0	-1	-17	-58	-435
35	0	1193	-101	139	0	0	-1	-17	-60	-432
35	0	1193	-101	139	0	0	-1	-17	-62	-429
35	0	1189	-94	117	0	-1	-2	-17	-64	-426
35	0	1189	-94	117	0	-1	-2	-17	-66	-424
35	0	1189	-94	117	0	-1	-2	-17	-68	-421
35	0	1185	-87	100	0	-1	-2	-17	-70	-419
35	0	1185	-87	100	0	-1	-2	-17	-72	-417
35	0	1185	-87	100	0	-1	-2	-17	-74	-415
35	0	1187	-73	86	0	-1	-2	-17	-76	-413
35	0	1187	-73	86	0	-1	-2	-17	-77	-411
35	0	1187	-73	86	0	-1	-2	-17	-79	-409
35	0	1187	-71	80	0	-2	-2	-17	-80	-407
35	0	1187	-71	80	0	-2	-2	-17	-82	-405
35	0	1187	-71	80	0	-2	-2	-17	-83	-404
35	0	1190	-57	62	0	-2	-2	-17	-85	-402
35	0	1190	-57	62	0	-2	-2	-17	-86	-401
35	0	1190	-57	62	0	-2	-2	-17	-87	-400
35	0	1197	-50	47	0	-1	-2	-17	-88	-398
35	0	1197	-50	47	0	-1	-2	-17	-90	-397
35	0	1197	-50	47	0	-1	-2	-17	-91	-396
35	0	1199	-37	-29	0	0	0	0	-92	-395
35	0	1199	-37	-29	0	0	0	0	-107	-407
35	0	1199	-37	-29	0	0	0	0	-108	-407
35	0	1199	-37	-29	0	0	0	0	-108	-408
35	0	1200	-49	-6	0	0	0	4	-109	-409
35	0	1200	-49	-6	0	0	0	4	-110	-409
35	0	1200	-49	-6	0	0	0	4	-111	-409
35	0	1199	-38	7	0	0	0	9	-112	-409
35	0	1199	-38	7	0	0	0	9	-113	-409
35	0	1199	-38	7	0	0	0	9	-114	-409
35	0	1192	-26	24	0	0	0	13	-115	-409
35	0	1192	-26	24	0	0	0	13	-115	-408
35	0	1192	-26	24	0	0	0	13	-116	-408
35	0	1189	-4	36	0	0	0	18	-116	-407
35	0	1189	-4	36	0	0	0	18	-116	-406
35	0	1189	-4	36	0	0	0	18	-116	-405
35	0	1187	-7	52	0	0	0	22	-117	-405
35	0	1187	-7	52	0	0	0	22	-117	-404
35	0	1187	-7	52	0	0	0	22	-117	-402
35	0	1186	18	58	0	0	0	26	-117	-401
35	0	1186	18	58	0	0	0	26	-117	-400
35	0	1186	18	58	0	0	0	26	-116	-399
35	0	1185	42	61	0	0	0	31	-116	-398
35	0	1185	42	61	0	0	0	31	-115	-396
35	0	1185	42	61	0	0	0	31	-114	-395
35	0	1185	42	61	0	0	0	31	-113	-394
35	0	1186	58	65	0	0	-1	35	-112	-393
35	0	1186	58	65	0	0	-1	35	-111	-391
35	0	1186	58	65	0	0	-1	35	-110	-390
35	0	1187	62	69	0	0	-1	39	-109	-388
35	0	1187	62	69	0	0	-1	39	-107	-387
35	0	1187	62	69	0	0	-1	39	-106	-385
35	0	1192	85	72	0	0	-1	44	-105	-384
35	0	1192	85	72	0	0	-1	44	-103	-382
35	0	1192	85	72	0	0	-1	44	-101	-381
35	0	1195	110	76	0	0	0	48	-99	-379
35	0	1195	110	76	0	0	0	48	-97	-378
35	0	1195	110	76	0	0	0	48	-94	-376
35	0	1197	136	74	0	0	0	52	-92	-375
35	0	1197	136	74	0	0	0	52	-89	-373
35	0	1197	136	74	0	0	0	52	-86	-371
35	0	1199	152	77	0	0	0	57	-84	-370
35	0	1199	152	77	0	0	0	57	-80	-368
35	0	1199	152	77	0	0	0	57	-77	-367
35	0	1200	210	64	0	1	0	61	-74	-365
35	0	1200	210	64	0	1	0	61	-70	-364
35	0	1200	210	64	0	1	0	61	-65	-362
35	0	1203	226	60	0	1	0	65	-61	-361
35	0	1203	226	60	0	1	0	65	-56	-360
35	0	1203	226	60	0	1	0	65	-51	-358
35	0	1203	249	60	0	1	0	70	-46	-357
35	0	1203	249	60	0	1	0	70	-41	-356
35	0	1203	249	60	0	1	0	70	-36	-355
35	0	1175	249	59	0	1	0	74	-31	-353
35	0	1175	249	59	0	1	0	74	-25	-352
35	0	1175	249	59	0	1	0	74	-20	-351
35	0	1175	249	52	0	1	0	78	-15	-350
35	0	1183	255	52	0	1	0	78	-10	-348
35	0	1183	255	52	0	1	0	78	-4	-347
35	0	1183	255	52	0	1	0	78	0	-346
35	0	1180	260	58	0	1	0	82	5	-345
35	0	1180	260	58	0	1	0	82	11	-344
35	0	1180	260	58	0	1	0	82	16	-343
35	0	1161	280	55	0	1	0	87	22	-341
35	0	1161	280	55	0	1	0	87	28	-340
35	0	1161	280	55	0	1	0	87	33	-339
35	0	1136	295	53	0	1	0	91	39	-338
35	0	1136	295	53	0	1	0	91	45	-337
35	0	1136	295	53	0	1	0	91	52	-336
35	0	1126	313	53	0	1	0	95	58	-335
35	0	1126	313	53	0	1	0	95	64	-333
35	0	1126	313	53	0	1	0	95	71	-332
35	0	1126	337	53	0	1	0	99	78	-331
35	0	1126	337	53	0	1	0	99	85	-330
35	0	1126	337	53	0	1	0	99	92	-329
35	0	1105	351	47	0	1	0	104	99	-328
35	0	1105	351	47	0	1	0	104	106	-327
35	0	1105	351	47	0	1	0	104	114	-326
35	0	1088	366	35	0	1	0	108	121	-325
35	0	1088	366	35	0	1	0	108	129	-324
35	0	1088	366	35	0	1	0	108	136	-323
35	0	1089	386	25	0	1	0	112	144	-323
35	0	1089	386	25	0	1	0	112	152	-322
35	0	1089	386	25	0	1	0	112	160	-322
35	0	1073	394	12	0	1	0	116	168	-321
35	0	1073	394	12	0	1	0	116	177	-321
35	0	1073	394	12	0	1	0	116	185	-320
35	0	1076	388	-5	0	1	0	121	193	-320
35	0	1076	388	-5	0	1	0	121	201	-320
35	0	1076	388	-5	0	1	0	121	209	-320
35	0	1076	388	-5	0	1	0	121	218	-321
35	0	1083	373	-11	0	1	0	125	226	-321
35	0	1083	373	-11	0	1	0	125	234	-321
35	0	1119	395	-32	0	1	0	129	242	-321
35	0	1119	395	-32	0	1	0	129	254	-322
35	0	1119	395	-32	0	1	0	129	262	-323
35	0	1135	433	-42	0	2	1	133	271	-324
35	0	1135	433	-42	0	2	1	133	280	-324
35	0	1135	433	-42	0	2	1	133	289	-325
35	0	1144	438	-12	0	2	1	135	298	-326
35	0	1144	438	-12	0	2	1	135	307	-326
35	0	1144	438	-12	0	2	1	135	317	-327
35	0	1155	446	-9	0	3	0	137	326	-327
35	0	1155	446	-9	0	3	0	137	335	-327
35	0	1155	446	-9	0	3	0	137	344	-327
35	0	1155	446	-9	0	3	0	137	354	-328
35	0	1176	468	-5	0	3	0	139	363	-328
35	0	1176	468	-5	0	3	0	139	373	-328
35	0	1176	468	-5	0	3	0	139	383	-328
35	0	1183	490	10	0	4	0	140	393	-328
35	0	1183	490	10	0	4	0	140	403	-328
35	0	1183	490	10	0	4	0	140	413	-328
35	0	1202	496	12	0	4	0	141	424	-327
35	0	1202	496	12	0	4	0	141	434	-327
35	0	1202	496	12	0	4	0	141	444	-327
35	0	1239	527	5	0	4	0	142	455	-327
35	0	1239	527	5	0	4	0	142	466	-327
35	0	1239	527	5	0	4	0	142	477	-326
35	0	1245	543	7	0	4	0	142	488	-326
35	0	1245	543	7	0	4	0	142	500	-326
35	0	1245	543	7	0	4	0	142	511	-326
35	0	1248	554	19	0	7	0	143	522	-326
35	0	1248	554	19	0	7	0	143	534	-325
35	0	1248	554	19	0	7	0	143	546	-325
35	0	1256	473	30	0	10	0	143	557	-325
35	0	1256	473	30	0	10	0	143	567	-324
35	0	1256	473	30	0	10	0	143	577	-323
35	0	1271	364	11	0	11	0	143	587	-323
35	0	1271	364	11	0	11	0	143	595	-322
35	0	1271	364	11	0	11	0	143	603	-322
35	0	1268	259	6	0	12	0	143	610	-322
35	0	1268	259	6	0	12	0	143	616	-322
35	0	1268	259	6	0	12	0	143	621	-322
35	0	1269	80	2	0	13	0	144	627	-322
35	0	1269	80	2	0	13	0	144	628	-322
35	0	1269	80	2	0	13	0	144	630	-321
35	0	1269	80	2	0	13	0	144	632	-321
35	0	1264	-47	19	0	12	0	144	633	-321
35	0	1264	-47	19	0	12	0	144	632	-321
35	0	1264	-47	19	0	12	0	144	631	-321
35	0	1256	-113	11	0	11	0	144	630	-320
35	0	1256	-113	11	0	11	0	144	628	-320
35	0	1256	-113	11	0	11	0	144	626	-320
35	0	1247	-182	15	0	11	0	144	623	-319
35	0	1247	-182	15	0	11	0	144	619	-319
35	0	1247	-182	15	0	11	0	144	615	-319
35	0	1245	-310	15	0	10	0	144	612	-318
35	0	1245	-310	15	0	10	0	144	605	-318
35	0	1245	-310	15	0	10	0	144	599	-318
35	0	1237	-400	22	0	9	0	144	592	-317
35	0	1237	-400	22	0	9	0	144	583	-317
35	0	1237	-400	22	0	9	0	144	574	-316
35	0	1236	-512	16	0	8	0	144	566	-316
35	0	1236	-512	16	0	8	0	144	555	-316
35	0	1236	-512	16	0	8	0	144	544	-315
35	0	1230	-607	10	0	8	0	144	534	-315
35	0	1230	-607	10	0	8	0	144	521	-315
35	0	1230	-607	10	0	8	0	144	508	-315
35	0	1225	-675	6	0	7	0	144	495	-314
35	0	1225	-675	6	0	7	0	144	481	-314
35	0	1225	-675	6	0	7	0	144	467	-314
35	0	1211	-790	3	0	5	0	144	453	-314
35	0	1211	-790	3	0	5	0	144	436	-314
35	0	1211	-790	3	0	5	0	144	420	-314
35	0	1211	-790	3	0	5	0	144	403	-314
35	0	1195	-784	-23	0	1	0	144	386	-314
35	0	1195	-784	-23	0	1	0	144	370	-314
35	0	1188	-713	-33	0	-2	0	144	354	-315
35	0	1188	-713	-33	0	-2	0	144	339	-315
35	0	1188	-713	-33	0	-2	0	144	324	-316
35	0	1184	-626	-31	0	-5	0	144	309	-317
35	0	1184	-626	-31	0	-5	0	144	295	-317
35	0	1184	-626	-31	0	-5	0	144	282	-318
35	0	1184	-626	-31	0	-5	0	144	269	-319
35	0	1181	-517	-23	0	-7	0	144	256	-319
35	0	1181	-517	-23	0	-7	0	144	245	-320
35	0	1181	-517	-23	0	-7	0	144	234	-320
35	0	1180	-391	4	0	-8	0	144	223	-321
35	0	1180	-391	4	0	-8	0	144	215	-321
35	0	1180	-391	4	0	-8	0	144	207	-321
35	0	1173	-308	32	0	-6	0	144	199	-321
35	0	1173	-308	32	0	-6	0	144	192	-320
35	0	1173	-308	32	0	-6	0	144	186	-319
35	0	1168	-294	51	0	-5	0	144	179	-319
35	0	1168	-294	51	0	-5	0	144	173	-317
35	0	1168	-294	51	0	-5	0	144	167	-316
35	0	1183	-251	65	0	-5	0	144	161	-315
35	0	1183	-251	65	0	-5	0	144	155	-314
35	0	1183	-251	65	0	-5	0	144	150	-313
35	0	1169	-173	81	0	-2	0	144	145	-311
35	0	1169	-173	81	0	-2	0	144	141	-309
35	0	1169	-173	81	0	-2	0	144	138	-308
35	0	1182	-151	96	0	0	0	144	134	-306
35	0	1182	-151	96	0	0	0	144	131	-304
35	0	1182	-151	96	0	0	0	144	128	-302
35	0	1173	-193	108	0	3	0	145	124	-300
35	0	1173	-193	108	0	3	0	145	120	-298
35	0	1173	-193	108	0	3	0	145	116	-295
35	0	1180	-253	118	0	6	0	145	112	-293
35	0	1180	-253	118	0	6	0	145	107	-291
35	0	1180	-253	118	0	6	0	145	102	-288
35	0	1179	-325	116	0	8	0	145	96	-286
35	0	1179	-325	116	0	8	0	145	89	-283
35	0	1179	-325	116	0	8	0	145	83	-281
35	0	1179	-325	116	0	8	0	145	76	-278
35	0	1178	-472	101	0	8	0	145	69	-276
35	0	1178	-472	101	0	8	0	145	59	-274
35	0	1178	-472	101	0	8	0	145	49	-272
35	0	1177	-500	77	0	5	0	145	39	-270
35	0	1177	-500	77	0	5	0	145	29	-268
35	0	1177	-500	77	0	5	0	145	18	-266
35	0	1176	-466	52	0	2	0	145	8	-265
35	0	1176	-466	52	0	2	0	145	-1	-264
35	0	1176	-466	52	0	2	0	145	-11	-263
35	0	1192	-436	27	0	0	-1	145	-21	-261
35	0	1192	-436	27	0	0	-1	145	-30	-261
35	0	1192	-436	27	0	0	-1	145	-39	-260
35	0	1210	-415	17	0	-3	-1	146	-48	-260
35	0	1210	-415	17	0	-3	-1	146	-57	-259
35	0	1210	-415	17	0	-3	-1	146	-66	-259
35	0	1236	-368	7	0	-5	-1	146	-75	-259
35	0	1236	-368	7	0	-5	-1	146	-82	-258
35	0	1236	-368	7	0	-5	-1	146	-90	-258
35	0	1264	-236	-1	0	-6	-1	146	-98	-258
35	0	1264	-236	-1	0	-6	-1	146	-103	-258
35	0	1264	-236	-1	0	-6	-1	146	-108	-258
35	0	1280	-167	3	0	-7	-1	146	-113	-258
35	0	1280	-167	3	0	-7	-1	146	-116	-258
35	0	1280	-167	3	0	-7	-1	146	-120	-258
35	0	1283	-155	-6	0	-6	-1	146	-123	-258
35	0	1283	-155	-6	0	-6	-1	146	-126	-258
35	0	1283	-155	-6	0	-6	-1	146	-130	-258
35	0	1283	-155	-6	0	-6	-1	146	-133	-258
35	0	1292	-96	-15	0	-4	-1	146	-136	-259
35	0	1292	-96	-15	0	-4	-1	146	-138	-259
35	0	1302	-63	-16	0	-3	0	146	-140	-259
35	0	1302	-63	-16	0	-3	0	146	-142	-260
35	0	1302	-63	-16	0	-3	0	146	-143	-260
35	0	1302	-44	-25	0	-2	0	146	-144	-260
35	0	1291	-44	-25	0	-2	0	146	-145	-261
35	0	1291	-44	-25	0	-2	0	146	-146	-261
35	0	1291	-44	-25	0	-2	0	146	-147	-262
35	0	1288	-25	-34	0	-1	0	146	-148	-262
35	0	1288	-25	-34	0	-1	0	146	-149	-263
35	0	1284	-6	-40	0	0	0	146	-149	-264
35	0	1284	-6	-40	0	0	0	146	-149	-265
35	0	1284	-6	-40	0	0	0	146	-149	-266
35	0	1284	-6	-40	0	0	0	146	-150	-267
35	0	1276	-12	-41	0	0	0	146	-150	-267
35	0	1276	-12	-41	0	0	0	146	-150	-268
35	0	1276	-12	-41	0	0	0	146	-150	-269
35	0	1260	-26	-37	0	0	0	146	-150	-270
35	0	1260	-26	-37	0	0	0	146	-151	-271
35	0	1260	-26	-37	0	0	0	146	-152	-272
35	0	1246	-14	-28	0	0	0	146	-152	-273
35	0	1246	-14	-28	0	0	0	146	-153	-273
35	0	1246	-14	-28	0	0	0	146	-153	-274
35	0	1227	-17	-15	0	1	0	146	-153	-274
35	0	1227	-17	-15	0	1	0	146	-154	-275
35	0	1227	-17	-15	0	1	0	146	-154	-275
35	0	1215	-48	3	0	2	0	146	-154	-275
35	0	1215	-48	3	0	2	0	146	-155	-275
35	0	1215	-48	3	0	2	0	146	-156	-275
35	0	1198	-65	-4	0	2	0	146	-157	-275
35	0	1198	-65	-4	0	2	0	146	-159	-275
35	0	1198	-65	-4	0	2	0	146	-160	-275
35	0	1212	-86	-11	0	1	0	146	-161	-275
35	0	1212	-86	-11	0	1	0	146	-163	-276
35	0	1212	-86	-11	0	1	0	146	-165	-276
35	0	1212	-86	-11	0	1	0	146	-167	-276
35	0	1212	-86	-11	0	1	0	146	-169	-276
35	0	1212	-86	-11	0	1	0	146	-171	-277
35	0	1212	-86	-11	0	1	0	146	-172	-277
35	0	1212	-86	-11	0	1	0	146	-175	-277
35	0	1212	-86	-11	0	1	0	146	-176	-277
35	0	1212	-86	-11	0	1	0	146	-178	-278
35	0	1212	-86	-11	0	1	0	146	-184	-279
35	0	1186	-82	-7	0	0	0	146	-186	-279
35	0	1186	-82	-7	0	0	0	146	-188	-279
35	0	1162	-57	-4	0	-1	0	146	-212	-281
35	0	1157	-48	-5	0	-1	0	146	-214	-281
35	0	1157	-48	-5	0	-1	0	146	-215	-281
35	0	1157	-48	-5	0	-1	0	146	-216	-282
35	0	1147	-11	-45	0	0	0	146	-217	-282
35	0	1147	-11	-45	0	0	0	146	-217	-283
35	0	1147	-11	-45	0	0	0	146	-217	-284
35	0	1147	-11	-45	0	0	0	146	-217	-285
35	0	1147	-11	-45	0	0	0	146	-218	-286
35	0	1146	-32	-31	0	2	0	147	-219	-291
35	0	1121	-151	-38	0	7	0	147	-220	-292
35	0	1121	-151	-38	0	7	0	147	-223	-292
35	0	1121	-151	-38	0	7	0	147	-226	-293
35	0	1121	-151	-38	0	7	0	147	-229	-294
35	0	1121	-151	-38	0	7	0	147	-233	-295
35	0	1121	-151	-38	0	7	0	147	-236	-296
35	0	1121	-151	-38	0	7	0	147	-239	-296
35	0	1123	-218	-92	0	-2	1	147	-266	-303
35	0	1129	-165	-63	0	-4	1	147	-270	-305
35	0	1129	-165	-63	0	-4	1	147	-274	-306
35	0	1129	-165	-63	0	-4	1	147	-277	-308
35	0	1129	-165	-63	0	-4	1	147	-281	-309
35	0	1129	-165	-63	0	-4	1	147	-284	-310
35	0	1129	-165	-63	0	-4	1	147	-288	-312
35	0	1129	-165	-63	0	-4	1	147	-291	-313
35	0	1129	-165	-63	0	-4	1	147	-295	-314
35	0	1129	-165	-63	0	-4	1	147	-315	-322
35	0	1123	-144	-14	0	3	0	147	-318	-323
35	0	1123	-144	-14	0	3	0	147	-321	-324
35	0	1123	-144	-14	0	3	0	147	-324	-324
35	0	1123	-144	-14	0	3	0	147	-327	-324
35	0	1123	-144	-14	0	3	0	147	-330	-325
35	0	1123	-144	-14	0	3	0	147	-333	-325
35	0	1123	-144	-14	0	3	0	147	-336	-325
35	0	1123	-144	-14	0	3	0	147	-340	-326
35	0	1155	-240	-94	0	-8	3	147	-343	-326
35	0	1155	-240	-94	0	-8	3	147	-377	-339
35	0	1155	-240	-94	0	-8	3	147	-382	-341
35	0	1155	-240	-94	0	-8	3	147	-387	-343
35	0	1155	-240	-94	0	-8	3	147	-392	-345
35	0	1155	-240	-94	0	-8	3	147	-397	-347
35	0	1155	-240	-94	0	-8	3	147	-402	-349
35	0	1155	-240	-94	0	-8	3	147	-407	-351
35	0	1155	-240	-94	0	-8	3	147	-412	-353
35	0	1155	-240	-94	0	-8	3	147	-417	-355
35	0	1155	-240	-94	0	-8	3	147	-445	-366
35	0	1139	166	58	0	-4	1	147	-450	-368
35	0	1136	284	47	0	0	0	147	-446	-367
35	0	1136	284	47	0	0	0	147	-440	-366
35	0	1136	284	47	0	0	0	147	-434	-365
35	0	1136	284	47	0	0	0	147	-428	-364
35	0	1136	284	47	0	0	0	147	-422	-363
35	0	1136	284	47	0	0	0	147	-416	-362
35	0	1136	284	47	0	0	0	147	-410	-361
35	0	1136	284	47	0	0	0	147	-404	-360
35	0	1136	284	47	0	0	0	147	-370	-354
35	0	1131	185	-118	0	3	0	147	-364	-353
35	0	1131	185	-118	0	3	0	147	-361	-356
35	0	1131	185	-118	0	3	0	147	-357	-358
35	0	1131	185	-118	0	3	0	147	-353	-361
35	0	1131	185	-118	0	3	0	147	-349	-363
35	0	1131	185	-118	0	3	0	147	-345	-366
35	0	1131	185	-118	0	3	0	147	-341	-368
35	0	1131	185	-118	0	3	0	147	-337	-371
35	0	1131	185	-118	0	3	0	147	-333	-373
35	0	1131	185	-118	0	3	0	147	-311	-387
35	0	1179	-139	61	0	0	2	147	-308	-389
35	0	1179	-139	61	0	0	2	147	-310	-388
35	0	1179	-139	61	0	0	2	147	-313	-387
35	0	1179	-139	61	0	0	2	147	-316	-386
35	0	1179	-139	61	0	0	2	147	-319	-384
35	0	1179	-139	61	0	0	2	147	-322	-383
35	0	1179	-139	61	0	0	2	147	-325	-382
35	0	1141	46	26	0	-1	0	147	-350	-371
35	0	1141	46	26	0	-1	0	147	-349	-370
35	0	1141	46	26	0	-1	0	147	-348	-370
35	0	1132	53	18	0	0	0	147	-347	-369
35	0	1132	53	18	0	0	0	147	-346	-369
35	0	1132	53	18	0	0	0	147	-345	-368
35	0	1127	56	3	0	0	0	147	-344	-368
35	0	1127	56	3	0	0	0	147	-342	-368
35	0	1127	56	3	0	0	0	147	-341	-368
35	0	1122	58	-8	0	0	0	147	-340	-368
35	0	1122	58	-8	0	0	0	147	-338	-368
35	0	1122	58	-8	0	0	0	147	-337	-368
35	0	1121	39	-20	0	1	0	147	-336	-368
35	0	1121	39	-20	0	1	0	147	-335	-368
35	0	1121	39	-20	0	1	0	147	-334	-369
35	0	1122	5	-43	0	1	0	148	-334	-369
35	0	1122	5	-43	0	1	0	148	-333	-370
35	0	1122	5	-43	0	1	0	148	-333	-371
35	0	1118	-30	-60	0	1	0	148	-333	-372
35	0	1118	-30	-60	0	1	0	148	-334	-373
35	0	1118	-30	-60	0	1	0	148	-334	-375
35	0	1123	-63	-65	0	1	0	148	-335	-376
35	0	1123	-63	-65	0	1	0	148	-336	-377
35	0	1123	-63	-65	0	1	0	148	-338	-379
35	0	1131	-105	-89	0	1	0	148	-339	-380
35	0	1131	-105	-89	0	1	0	148	-341	-382
35	0	1131	-105	-89	0	1	0	148	-344	-384
35	0	1131	-105	-89	0	1	0	148	-346	-386
35	0	1134	-136	-94	0	1	0	148	-348	-388
35	0	1134	-136	-94	0	1	0	148	-351	-390
35	0	1134	-136	-94	0	1	0	148	-354	-392
35	0	1144	-150	-103	0	0	0	148	-357	-394
35	0	1144	-150	-103	0	0	0	148	-360	-396
35	0	1144	-150	-103	0	0	0	148	-363	-398
35	0	1146	-150	-96	0	0	1	148	-366	-400
35	0	1146	-150	-96	0	0	1	148	-369	-402
35	0	1146	-150	-96	0	0	1	148	-373	-404
35	0	1149	-128	-69	0	0	1	146	-376	-406
35	0	1149	-128	-69	0	0	1	146	-378	-408
35	0	1149	-128	-69	0	0	1	146	-381	-409
35	0	1164	-124	-28	0	0	2	144	-384	-411
35	0	1164	-124	-28	0	0	2	144	-387	-411
35	0	1164	-124	-28	0	0	2	144	-389	-412
35	0	1161	-144	0	0	1	2	141	-392	-413
35	0	1161	-144	0	0	1	2	141	-395	-413
35	0	1161	-144	0	0	1	2	141	-398	-413
35	0	1169	-166	1	0	1	1	138	-401	-413
35	0	1169	-166	1	0	1	1	138	-404	-413
35	0	1169	-166	1	0	1	1	138	-408	-412
35	0	1171	-174	-17	0	0	0	135	-411	-412
35	0	1171	-174	-17	0	0	0	135	-415	-413
35	0	1171	-174	-17	0	0	0	135	-419	-413
35	0	1173	-170	-44	0	0	0	132	-422	-414
35	0	1173	-170	-44	0	0	0	132	-426	-415
35	0	1173	-170	-44	0	0	0	132	-429	-415
35	0	1181	-164	-70	0	0	0	130	-433	-416
35	0	1181	-164	-70	0	0	0	130	-437	-418
35	0	1181	-164	-70	0	0	0	130	-440	-419
35	0	1181	-164	-70	0	0	0	130	-443	-421
35	0	1186	-155	-107	0	-1	0	129	-447	-422
35	0	1186	-155	-107	0	-1	0	129	-450	-425
35	0	1186	-155	-107	0	-1	0	129	-453	-427
35	0	1191	-121	-110	0	-2	0	128	-457	-429
35	0	1191	-121	-110	0	-2	0	128	-459	-431
35	0	1191	-121	-110	0	-2	0	128	-462	-434
35	0	1200	-77	-91	0	-3	1	128	-464	-436
35	0	1200	-77	-91	0	-3	1	128	-466	-438
35	0	1200	-77	-91	0	-3	1	128	-467	-440
35	0	1207	-36	-67	0	-3	1	128	-469	-442
35	0	1207	-36	-67	0	-3	1	128	-470	-443
35	0	1207	-36	-67	0	-3	1	128	-471	-445
35	0	1217	-3	-44	0	-2	1	127	-471	-446
35	0	1217	-3	-44	0	-2	1	127	-471	-447
35	0	1217	-3	-44	0	-2	1	127	-472	-448
35	0	1226	23	-25	0	-1	1	127	-472	-449
35	0	1226	23	-25	0	-1	1	127	-471	-449
35	0	1226	23	-25	0	-1	1	127	-471	-450
35	0	1235	37	-7	0	-1	1	127	-470	-450
35	0	1235	37	-7	0	-1	1	127	-469	-451
35	0	1235	37	-7	0	-1	1	127	-469	-451
35	0	1246	46	4	0	0	0	127	-468	-451
35	0	1246	46	4	0	0	0	127	-467	-451
35	0	1246	46	4	0	0	0	127	-466	-451
35	0	1254	51	14	0	0	0	127	-465	-451
35	0	1254	51	14	0	0	0	127	-464	-450
35	0	1254	51	14	0	0	0	127	-463	-450
35	0	1260	48	24	0	0	0	127	-462	-450
35	0	1260	48	24	0	0	0	127	-461	-449
35	0	1260	48	24	0	0	0	127	-460	-449
35	0	1260	48	24	0	0	0	127	-459	-448
35	0	1267	47	30	0	0	0	127	-458	-448
35	0	1267	47	30	0	0	0	127	-457	-447
35	0	1267	47	30	0	0	0	127	-456	-446
35	0	1273	42	37	0	0	0	127	-455	-446
35	0	1273	42	37	0	0	0	127	-454	-445
35	0	1273	42	37	0	0	0	127	-453	-444
35	0	1277	36	42	0	0	0	127	-452	-443
35	0	1277	36	42	0	0	0	127	-451	-442
35	0	1277	36	42	0	0	0	127	-450	-441
35	0	1280	33	48	0	0	0	127	-450	-441
35	0	1280	33	48	0	0	0	127	-449	-440
35	0	1280	33	48	0	0	0	127	-448	-439
35	0	1282	37	66	0	0	1	127	-447	-438
35	0	1282	37	66	0	0	1	127	-447	-436
35	0	1282	37	66	0	0	1	127	-446	-435
35	0	1287	7	7	0	0	4	127	-445	-433
35	0	1287	7	7	0	0	4	127	-445	-433
35	0	1287	7	7	0	0	4	127	-445	-433
35	0	1286	-25	-6	0	0	6	127	-445	-433
35	0	1286	-25	-6	0	0	6	127	-445	-433
35	0	1286	-25	-6	0	0	6	127	-446	-433
35	0	1279	-30	48	0	0	8	127	-446	-433
35	0	1279	-30	48	0	0	8	127	-447	-432
35	0	1279	-30	48	0	0	8	127	-447	-431
35	0	1284	-53	100	0	0	8	127	-448	-430
35	0	1284	-53	100	0	0	8	127	-449	-428
35	0	1284	-53	100	0	0	8	127	-450	-426
35	0	1288	-86	123	0	0	6	127	-451	-424
35	0	1288	-86	123	0	0	6	127	-453	-421
35	0	1288	-86	123	0	0	6	127	-455	-419
35	0	1294	-136	91	0	0	2	127	-457	-416
35	0	1294	-136	91	0	0	2	127	-460	-414
35	0	1294	-136	91	0	0	2	127	-463	-412
35	0	1300	-160	64	0	0	0	127	-465	-410
35	0	1300	-160	64	0	0	0	127	-469	-409
35	0	1300	-160	64	0	0	0	127	-472	-408
35	0	1300	-160	64	0	0	0	127	-476	-406
35	0	1304	-140	33	0	-1	-1	127	-479	-405
35	0	1304	-140	33	0	-1	-1	127	-482	-404
35	0	1304	-140	33	0	-1	-1	127	-485	-403
35	0	1310	-112	22	0	-2	0	127	-488	-403
35	0	1310	-112	22	0	-2	0	127	-490	-402
35	0	1310	-112	22	0	-2	0	127	-493	-402
35	0	1314	-76	18	0	-4	0	127	-495	-401
35	0	1314	-76	18	0	-4	0	127	-497	-401
35	0	1314	-76	18	0	-4	0	127	-498	-401
35	0	1317	-13	-1	0	-6	0	127	-500	-400
35	0	1317	-13	-1	0	-6	0	127	-500	-400
35	0	1317	-13	-1	0	-6	0	127	-500	-400
35	0	1318	22	26	0	-8	1	127	-501	-400
35	0	1318	22	26	0	-8	1	127	-500	-400
35	0	1318	22	26	0	-8	1	127	-500	-399
35	0	1318	206	20	0	-9	1	127	-499	-399
35	0	1318	206	20	0	-9	1	127	-495	-398
35	0	1318	206	20	0	-9	1	127	-491	-398
35	0	1320	228	24	0	-10	0	127	-486	-397
35	0	1320	228	24	0	-10	0	127	-481	-397
35	0	1320	228	24	0	-10	0	127	-477	-396
35	0	1320	220	16	0	-10	0	127	-472	-396
35	0	1320	220	16	0	-10	0	127	-467	-395
35	0	1320	220	16	0	-10	0	127	-463	-395
35	0	1323	234	14	0	-10	0	127	-458	-395
35	0	1323	234	14	0	-10	0	127	-453	-394
35	0	1323	234	14	0	-10	0	127	-448	-394
35	0	1316	260	0	0	-10	0	127	-443	-394
35	0	1316	260	0	0	-10	0	127	-438	-394
35	0	1316	260	0	0	-10	0	127	-432	-394
35	0	1316	260	0	0	-10	0	127	-427	-394
35	0	1303	331	0	0	-8	0	127	-421	-394
35	0	1303	331	0	0	-8	0	127	-414	-394
35	0	1291	584	-20	0	-4	0	127	-407	-394
35	0	1291	584	-20	0	-4	0	127	-395	-394
35	0	1291	584	-20	0	-4	0	127	-383	-395
35	0	1291	584	-20	0	-4	0	127	-370	-395
33	0	1290	620	-8	0	0	0	127	-358	-395
33	0	1290	620	-8	0	0	0	127	-345	-396
33	0	1290	620	-8	0	0	0	127	-332	-396
33	0	1296	624	60	0	3	-1	127	-319	-396
33	0	1296	624	60	0	3	-1	127	-306	-395
33	0	1296	624	60	0	3	-1	127	-293	-393
33	0	1302	552	52	0	4	-3	127	-280	-392
33	0	1302	552	52	0	4	-3	127	-268	-391
33	0	1302	552	52	0	4	-3	127	-256	-390
33	0	1306	485	11	0	4	-5	127	-245	-389
33	0	1306	485	11	0	4	-5	127	-235	-389
33	0	1306	485	11	0	4	-5	127	-224	-388
33	0	1314	455	-90	0	4	-6	127	-214	-388
33	0	1314	455	-90	0	4	-6	127	-205	-390
33	0	1314	455	-90	0	4	-6	127	-195	-392
33	0	1319	391	-136	0	5	-5	127	-186	-394
33	0	1319	391	-136	0	5	-5	127	-178	-397
33	0	1319	391	-136	0	5	-5	127	-170	-399
33	0	1325	320	-189	0	5	-3	127	-161	-402
33	0	1325	320	-189	0	5	-3	127	-155	-406
33	0	1325	320	-189	0	5	-3	127	-148	-410
33	0	1327	255	-233	0	5	-2	127	-141	-414
33	0	1327	255	-233	0	5	-2	127	-136	-419
33	0	1327	255	-233	0	5	-2	127	-130	-424
33	0	1327	180	-235	0	5	0	127	-125	-429
33	0	1327	180	-235	0	5	0	127	-121	-434
33	0	1327	180	-235	0	5	0	127	-117	-439
33	0	1327	180	-235	0	5	0	127	-114	-444
33	0	1326	119	-218	0	4	0	127	-110	-449
33	0	1326	119	-218	0	4	0	127	-107	-453
33	0	1326	119	-218	0	4	0	127	-105	-458
33	0	1326	92	-228	0	3	2	126	-102	-463
33	0	1326	92	-228	0	3	2	126	-100	-467
33	0	1326	92	-228	0	3	2	126	-99	-472
33	0	1321	92	-181	0	2	3	126	-97	-477
33	0	1321	92	-181	0	2	3	126	-95	-481
33	0	1321	92	-181	0	2	3	126	-93	-484
33	0	1309	45	-172	0	1	4	126	-91	-488
33	0	1309	45	-172	0	1	4	126	-90	-492
33	0	1309	45	-172	0	1	4	126	-89	-495
33	0	1282	34	-124	0	0	5	125	-88	-499
33	0	1282	34	-124	0	0	5	125	-87	-502
33	0	1282	34	-124	0	0	5	125	-86	-504
33	0	1258	42	-116	0	0	4	125	-86	-507
33	0	1258	42	-116	0	0	4	125	-85	-509
33	0	1258	42	-116	0	0	4	125	-84	-512
33	0	1227	75	-105	0	0	3	124	-83	-514
33	0	1227	75	-105	0	0	3	124	-81	-516
33	0	1227	75	-105	0	0	3	124	-80	-519
33	0	1183	86	-91	0	0	3	124	-78	-521
33	0	1183	86	-91	0	0	3	124	-77	-523
33	0	1183	86	-91	0	0	3	124	-75	-525
33	0	1183	86	-91	0	0	3	124	-73	-527
33	0	1145	102	-96	0	0	2	124	-71	-529
33	0	1145	102	-96	0	0	2	124	-69	-531
33	0	1145	102	-96	0	0	2	124	-67	-533
33	0	1097	108	-84	0	-1	2	123	-65	-535
33	0	1097	108	-84	0	-1	2	123	-62	-536
33	0	1097	108	-84	0	-1	2	123	-60	-538
33	0	1050	118	-76	0	-1	3	123	-58	-540
33	0	1050	118	-76	0	-1	3	123	-55	-541
33	0	1050	118	-76	0	-1	3	123	-53	-543
33	0	1000	131	-51	0	-1	6	123	-50	-545
33	0	1000	131	-51	0	-1	6	123	-48	-546
33	0	1000	131	-51	0	-1	6	123	-45	-547
33	0	949	149	-2	0	-2	8	123	-42	-548
33	0	949	149	-2	0	-2	8	123	-39	-548
33	0	949	149	-2	0	-2	8	123	-36	-548
33	0	909	169	75	0	-2	9	123	-33	-548
33	0	909	169	75	0	-2	9	123	-29	-546
33	0	909	169	75	0	-2	9	123	-26	-545
33	0	882	192	177	0	-2	9	122	-22	-543
33	0	882	192	177	0	-2	9	122	-18	-540
33	0	882	192	177	0	-2	9	122	-14	-536
33	0	832	213	292	0	-2	6	122	-10	-532
33	0	832	213	292	0	-2	6	122	-5	-526
33	0	832	213	292	0	-2	6	122	-1	-520
33	0	784	251	389	0	-1	0	122	3	-514
33	0	784	251	389	0	-1	0	122	8	-505
33	0	784	251	389	0	-1	0	122	13	-497
33	0	0	0	0	0	-1	-2	123	19	-489
33	0	0	0	0	0	-1	-2	123	19	-489
33	0	0	0	0	0	-1	-2	123	19	-489
33	0	0	0	0	0	0	1	123	19	-489
33	0	0	0	0	0	0	1	123	19	-489
33	0	0	0	0	0	0	1	123	19	-489
33	0	0	0	0	0	-1	0	123	19	-489
33	0	0	0	0	0	-1	0	123	19	-489
33	0	0	0	0	0	-1	0	123	19	-489
33	0	0	0	0	0	-1	0	123	19	-489
33	0	0	0	0	0	-1	0	123	19	-489
33	0	0	0	0	0	-1	0	123	19	-489
33	0	0	0	0	0	-1	0	123	19	-489
33	0	0	0	0	0	-1	1	123	19	-489
33	0	0	0	0	0	-1	1	123	19	-489
33	0	0	0	0	0	-1	1	123	19	-489
33	0	0	0	0	0	-1	0	123	19	-489
33	0	0	0	0	0	-1	0	123	19	-489
33	0	0	0	0	0	-1	0	123	19	-489
33	0	0	0	0	0	-1	0	123	19	-489
33	0	0	0	0	0	-1	0	123	19	-489
33	0	0	0	0	0	-1	0	123	19	-489
33	0	0	0	0	0	-1	0	123	19	-489
33	0	0	0	0	0	-1	0	123	19	-489
33	0	0	0	0	0	-1	0	123	19	-489
33	0	0	0	0	0	-1	0	123	19	-489
33	0	0	0	0	0	-1	0	123	19	-489
33	0	0	0	0	0	-1	0	123	19	-489
33	0	0	0	0	0	-1	0	123	19	-489
33	0	0	0	0	0	-1	0	123	19	-489
33	0	0	0	0	0	-1	0	123	19	-489
33	0	0	0	0	0	-1	0	123	19	-489
33	0	0	0	0	0	-1	0	123	19	-489
33	0	0	0	0	0	-1	0	123	19	-489
33	0	0	0	0	0	-1	0	123	19	-489
33	0	0	0	0	0	-1	0	123	19	-489
33	0	0	0	0	0	-1	0	123	19	-489
33	0	0	0	0	0	-1	0	123	19	-489
33	0	0	0	0	0	-1	0	123	19	-489
33	0	0	0	0	0	-1	0	123	19	-489
33	0	0	0	0	0	-1	0	123	19	-489
33	0	0	0	0	0	-1	0	123	19	-489
33	0	0	0	0	0	-1	0	123	19	-489
33	0	0	0	0	0	-1	0	123	19	-489
33	0	0	0	0	0	-1	0	123	19	-489
33	0	0	0	0	0	-1	0	123	19	-489
33	0	0	0	0	0	-1	0	123	19	-489
33	0	0	0	0	0	-1	0	123	19	-489
33	0	0	0	0	0	-1	0	123	19	-489
33	0	0	0	0	0	-1	0	123	19	-489
33	0	0	0	0	0	-1	0	123	19	-489
33	0	0	0	0	0	-1	0	123	19	-489
33	0	0	0	0	0	-1	0	123	19	-489
33	0	0	0	0	0	-1	0	123	19	-489
33	0	0	0	0	0	-1	0	123	19	-489
33	0	0	0	0	0	-1	0	123	19	-489
33	0	0	0	0	0	-1	0	123	19	-489
33	0	0	0	0	0	-1	0	123	19	-489
33	0	0	0	0	0	-1	0	123	19	-489
33	0	0	0	0	0	-1	0	123	19	-489
33	0	0	0	0	0	-1	0	123	19	-489
33	0	0	0	0	0	-1	0	123	19	-489
33	0	0	0	0	0	-1	0	123	19	-489
33	0	0	0	0	0	-1	0	123	19	-489
33	0	0	0	0	0	-1	0	123	19	-489
33	0	0	0	0	0	-1	0	123	19	-489
33	0	0	0	0	0	-1	0	123	19	-489
33	0	0	0	0	0	-1	0	123	19	-489
33	0	0	0	0	0	-1	0	123	19	-489
33	0	0	0	0	0	-1	0	123	19	-489
33	0	0	0	0	0	-1	0	123	19	-489
33	0	0	0	0	0	-1	0	123	19	-489
33	0	0	0	0	0	-1	0	123	19	-489
33	0	0	0	0	0	-1	0	123	19	-489
33	0	0	0	0	0	-1	0	123	19	-489
33	0	0	0	0	0	-1	0	123	19	-489
33	0	0	0	0	0	-1	0	123	19	-489
33	0	0	0	0	0	-1	0	123	19	-489
33	0	0	0	0	0	-1	0	123	19	-489
33	0	0	0	0	0	-1	0	123	19	-489
33	0	0	0	0	0	-1	0	123	19	-489
33	0	0	0	0	0	-1	0	123	19	-489
33	0	0	0	0	0	-1	0	123	19	-489
33	0	0	0	0	0	-1	0	123	19	-489
33	0	0	0	0	0	-1	0	123	19	-489
33	0	0	0	0	0	-1	0	123	19	-489
33	0	0	0	0	0	-1	0	123	19	-489
33	0	0	0	0	0	-1	0	123	19	-489
33	0	0	0	0	0	-1	0	123	19	-489
33	0	0	0	0	0	-1	0	123	19	-489
33	0	0	0	0	0	-1	0	123	19	-489
33	0	0	0	0	0	-1	0	123	19	-489
33	0	0	0	0	0	-1	0	123	19	-489
33	0	0	0	0	0	-1	0	123	19	-489
33	0	0	0	0	0	-1	0	123	19	-489
33	0	0	0	0	0	-1	0	123	19	-489
33	0	0	0	0	0	-1	0	123	19	-489
33	0	0	0	0	0	-1	0	123	19	-489
33	0	0	0	0	0	-1	0	123	19	-489
33	0	0	0	0	0	-1	0	123	19	-489
33	0	0	0	0	0	-1	0	123	19	-489
33	0	0	0	0	0	-1	0	123	19	-489
33	0	0	0	0	0	-1	0	123	19	-489
33	0	0	0	0	0	-1	0	123	19	-489
33	0	0	0	0	0	-1	0	123	19	-489
33	0	0	0	0	0	-1	0	123	19	-489
33	0	0	0	0	0	-1	0	123	19	-489
33	0	0	0	0	0	-1	0	123	19	-489
33	0	0	0	0	0	-1	0	123	19	-489
33	0	0	0	0	0	-1	0	123	19	-489
33	0	0	0	0	0	-1	0	123	19	-489
33	0	0	0	0	0	-1	0	123	19	-489
33	0	0	0	0	0	-1	0	123	19	-489
33	0	0	0	0	0	-1	0	123	19	-489
33	0	0	0	0	0	-1	0	123	19	-489
33	0	0	0	0	0	-1	0	123	19	-489
33	0	0	0	0	0	-1	0	123	19	-489
33	0	0	0	0	0	-1	0	123	19	-489
33	0	0	0	0	0	-1	0	123	19	-489
33	0	0	0	0	0	-1	0	123	19	-489
33	0	0	0	0	0	-1	0	123	19	-489
33	0	0	0	0	0	-1	0	123	19	-489
33	0	0	0	0	0	-1	0	123	19	-489
33	0	0	0	0	0	-1	0	123	19	-489
33	0	0	0	0	0	-1	0	123	19	-489
33	0	0	0	0	0	-1	0	123	19	-489
33	0	0	0	0	0	-1	0	123	19	-489
33	0	0	0	0	0	-1	0	123	19	-489
33	0	0	0	0	0	-1	0	123	19	-489
33	0	0	0	0	0	-1	0	123	19	-489
33	0	0	0	0	0	-1	0	123	19	-489
33	0	0	0	0	0	-1	0	123	19	-489
33	0	0	0	0	0	-1	0	123	19	-489
33	0	0	0	0	0	-1	0	123	19	-489
33	0	0	0	0	0	-1	0	123	19	-489
33	0	0	0	0	0	-1	0	123	19	-489
33	0	0	0	0	0	-1	0	123	19	-489
33	0	0	0	0	0	-1	0	123	19	-489
33	0	0	0	0	0	-1	0	123	19	-489
