bat	flyst.	alt	vx	vy	vz	theta	phi	psi	px	py
0	0	0	0	0	0	0	0	0	0	0
0	0	0	0	0	0	0	0	0	0	0
0	0	0	0	0	0	0	0	0	0	0
0	0	0	0	0	0	0	0	0	0	0
0	0	0	0	0	0	0	0	0	0	0
0	0	0	0	0	0	0	0	0	0	0
0	0	0	0	0	0	0	0	0	0	0
0	0	0	0	0	0	0	0	0	0	0
0	0	0	0	0	0	0	0	0	0	0
0	0	0	0	0	0	0	0	0	0	0
0	0	0	0	0	0	0	0	0	0	0
0	0	0	0	0	0	0	0	0	0	0
0	0	0	0	0	0	0	0	0	0	0
0	0	0	0	0	0	0	0	0	0	0
0	0	0	0	0	0	0	0	0	0	0
0	0	0	0	0	0	0	0	0	0	0
0	0	0	0	0	0	0	0	0	0	0
0	0	0	0	0	0	0	0	0	0	0
0	0	0	0	0	0	0	0	0	0	0
0	0	0	0	0	0	0	0	0	0	0
0	0	0	0	0	0	0	0	0	0	0
0	0	0	0	0	0	0	0	0	0	0
0	0	0	0	0	0	0	0	0	0	0
0	0	0	0	0	0	0	0	0	0	0
0	0	0	0	0	0	0	0	0	0	0
0	0	0	0	0	0	0	0	0	0	0
0	0	0	0	0	0	0	0	0	0	0
0	0	0	0	0	0	0	0	0	0	0
0	0	0	0	0	0	0	0	0	0	0
0	0	0	0	0	0	0	0	0	0	0
0	0	0	0	0	0	0	0	0	0	0
0	0	0	0	0	0	0	0	0	0	0
0	0	0	0	0	0	0	0	0	0	0
0	0	0	0	0	0	0	0	0	0	0
0	0	0	0	0	0	0	0	0	0	0
0	0	0	0	0	0	0	0	0	0	0
0	0	0	0	0	0	0	0	0	0	0
0	0	0	0	0	0	0	0	0	0	0
0	0	0	0	0	0	0	0	0	0	0
0	0	0	0	0	0	0	0	0	0	0
0	0	0	0	0	0	0	0	0	0	0
0	0	0	0	0	0	0	0	0	0	0
0	0	0	0	0	0	0	0	0	0	0
0	0	0	0	0	0	0	0	0	0	0
0	0	0	0	0	0	0	0	0	0	0
0	0	0	0	0	0	0	0	0	0	0
0	0	0	0	0	0	0	0	0	0	0
0	0	0	0	0	0	0	0	0	0	0
0	0	0	0	0	0	0	0	0	0	0
0	0	0	0	0	0	0	0	0	0	0
0	0	0	0	0	0	0	0	0	0	0
0	0	0	0	0	0	0	0	0	0	0
0	0	0	0	0	0	0	0	0	0	0
0	0	0	0	0	0	0	0	0	0	0
0	0	0	0	0	0	0	0	0	0	0
0	0	0	0	0	0	0	0	0	0	0
0	0	0	0	0	0	0	0	0	0	0
91	0	0	0	0	0	1	1	-12	0	0
91	0	0	0	0	0	1	1	-12	0	0
91	0	0	0	0	0	1	1	-12	0	0
91	0	0	0	0	0	1	1	-12	0	0
91	0	0	0	0	0	1	1	-12	0	0
91	0	0	0	0	0	1	1	-12	0	0
91	0	0	0	0	0	1	1	-12	0	0
91	0	0	0	0	0	1	1	-12	0	0
91	0	0	0	0	0	1	1	-12	0	0
91	0	0	0	0	0	1	1	-12	0	0
91	0	0	0	0	0	1	1	-12	0	0
91	0	0	0	0	0	1	1	-12	0	0
91	0	0	0	0	0	1	1	-12	0	0
91	0	0	0	0	0	1	1	-12	0	0
91	0	0	0	0	0	1	1	-12	0	0
91	0	0	0	0	0	1	1	-12	0	0
92	0	0	0	0	0	1	1	-12	0	0
92	0	0	0	0	0	1	1	-12	0	0
92	0	0	0	0	0	1	1	-12	0	0
92	0	0	0	0	0	1	1	-12	0	0
92	0	0	0	0	0	1	1	-12	0	0
92	0	0	0	0	0	1	1	-12	0	0
92	0	0	0	0	0	1	1	-12	0	0
92	0	0	0	0	0	1	1	-12	0	0
92	0	0	0	0	0	1	1	-12	0	0
92	0	0	0	0	0	1	1	-12	0	0
92	0	0	0	0	0	1	1	-12	0	0
92	0	0	0	0	0	1	1	-12	0	0
92	0	0	0	0	0	1	1	-12	0	0
92	0	0	0	0	0	1	1	-12	0	0
92	0	0	0	0	0	1	1	-12	0	0
92	0	0	0	0	0	1	1	-12	0	0
92	0	0	0	0	0	1	1	-12	0	0
92	0	0	0	0	0	1	1	-12	0	0
92	0	0	0	0	0	1	1	-12	0	0
92	0	0	0	0	0	1	1	-12	0	0
92	0	0	0	0	0	1	1	-12	0	0
92	0	0	0	0	0	1	1	-12	0	0
92	0	0	0	0	0	1	1	-12	0	0
92	0	0	0	0	0	1	1	-12	0	0
92	0	0	0	0	0	1	1	-12	0	0
92	0	0	0	0	0	1	1	-12	0	0
92	0	0	0	0	0	1	1	-12	0	0
92	0	0	0	0	0	1	1	-12	0	0
92	0	0	0	0	0	1	1	-12	0	0
92	0	0	0	0	0	1	1	-12	0	0
92	0	0	0	0	0	1	1	-12	0	0
92	0	0	0	0	0	1	1	-12	0	0
92	0	0	0	0	0	1	1	-12	0	0
92	0	0	0	0	0	1	1	-12	0	0
92	0	0	0	0	0	1	1	-12	0	0
92	0	0	0	0	0	1	1	-12	0	0
92	0	0	0	0	0	1	1	-12	0	0
92	0	0	0	0	0	1	1	-12	0	0
92	0	0	0	0	0	1	1	-12	0	0
92	0	0	0	0	0	1	1	-12	0	0
92	0	0	0	0	0	1	1	-12	0	0
92	0	0	0	0	0	1	1	-12	0	0
92	0	0	0	0	0	1	1	-12	0	0
92	0	0	0	0	0	1	1	-12	0	0
92	0	0	0	0	0	1	1	-12	0	0
92	0	0	0	0	0	1	1	-12	0	0
92	0	0	0	0	0	1	1	-12	0	0
92	0	0	0	0	0	1	1	-12	0	0
92	0	0	0	0	0	1	1	-12	0	0
92	0	0	0	0	0	1	1	-12	0	0
92	0	0	0	0	0	1	1	-12	0	0
92	0	0	0	0	0	1	1	-12	0	0
92	0	0	0	0	0	1	1	-12	0	0
92	0	0	0	0	0	1	1	-12	0	0
92	0	0	0	0	0	1	1	-12	0	0
92	0	0	0	0	0	1	1	-12	0	0
92	0	0	0	0	0	1	1	-12	0	0
92	0	0	0	0	0	1	1	-12	0	0
92	0	0	0	0	0	1	1	-12	0	0
92	0	0	0	0	0	1	1	-12	0	0
92	0	0	0	0	0	1	1	-12	0	0
92	0	0	0	0	0	1	1	-12	0	0
92	0	0	0	0	0	1	1	-12	0	0
92	0	0	0	0	0	1	1	-12	0	0
92	0	0	0	0	0	1	1	-12	0	0
92	0	0	0	0	0	1	1	-12	0	0
92	0	0	0	0	0	1	1	-12	0	0
92	0	0	0	0	0	1	1	-12	0	0
92	0	0	0	0	0	1	1	-12	0	0
92	0	0	0	0	0	1	1	-12	0	0
92	0	0	0	0	0	1	1	-12	0	0
92	0	0	0	0	0	1	1	-12	0	0
92	0	0	0	0	0	1	1	-12	0	0
92	0	0	0	0	0	1	1	-12	0	0
92	0	0	0	0	0	1	1	-12	0	0
92	0	0	0	0	0	1	1	-12	0	0
92	0	0	0	0	0	1	1	-12	0	0
92	0	0	0	0	0	1	1	-12	0	0
92	0	0	0	0	0	1	1	-12	0	0
92	0	0	0	0	0	1	1	-12	0	0
92	0	0	0	0	0	1	1	-12	0	0
92	0	0	0	0	0	1	1	-12	0	0
92	0	0	0	0	0	1	1	-12	0	0
92	0	0	0	0	0	1	1	-12	0	0
92	0	0	0	0	0	1	1	-12	0	0
92	0	0	0	0	0	1	1	-12	0	0
92	0	0	0	0	0	1	1	-12	0	0
92	0	0	0	0	0	1	1	-12	0	0
92	0	0	0	0	0	1	1	-12	0	0
92	0	0	0	0	0	1	1	-12	0	0
92	0	0	0	0	0	1	1	-12	0	0
92	0	0	0	0	0	1	1	-12	0	0
92	0	0	0	0	0	1	1	-12	0	0
92	0	0	0	0	0	1	1	-12	0	0
92	0	0	0	0	0	1	1	-12	0	0
92	0	0	0	0	0	1	1	-12	0	0
92	0	0	0	0	0	1	1	-12	0	0
92	0	0	0	0	0	1	1	-12	0	0
92	0	0	0	0	0	1	1	-12	0	0
92	0	0	0	0	0	1	1	-12	0	0
92	0	0	0	0	0	1	1	-12	0	0
92	0	0	0	0	0	1	1	-12	0	0
92	0	0	0	0	0	1	1	-12	0	0
92	0	0	0	0	0	1	1	-12	0	0
92	0	0	0	0	0	1	1	-12	0	0
92	0	0	0	0	0	1	1	-12	0	0
92	0	0	0	0	0	1	1	-12	0	0
92	0	0	0	0	0	1	1	-12	0	0
92	0	0	0	0	0	1	1	-12	0	0
92	0	0	0	0	0	1	1	-12	0	0
92	0	0	0	0	0	1	1	-12	0	0
92	0	0	0	0	0	1	1	-12	0	0
92	0	0	0	0	0	1	1	-12	0	0
92	0	0	0	0	0	1	1	-12	0	0
92	0	0	0	0	0	1	1	-12	0	0
92	0	0	0	0	0	1	1	-12	0	0
92	0	0	0	0	0	1	1	-12	0	0
92	0	0	0	0	0	1	1	-12	0	0
92	0	0	0	0	0	1	1	-12	0	0
92	0	0	0	0	0	1	1	-12	0	0
92	0	0	0	0	0	1	1	-12	0	0
92	0	0	0	0	0	1	1	-12	0	0
92	0	0	0	0	0	1	1	-12	0	0
92	0	0	0	0	0	1	1	-12	0	0
92	0	0	0	0	0	1	1	-12	0	0
92	0	0	0	0	0	1	1	-12	0	0
92	0	0	0	0	0	1	1	-12	0	0
92	0	0	0	0	0	1	1	-12	0	0
92	0	0	0	0	0	1	1	-12	0	0
92	0	0	0	0	0	1	1	-12	0	0
92	0	0	0	0	0	1	1	-12	0	0
92	0	0	0	0	0	1	1	-12	0	0
0	0	0	0	0	0	0	0	0	0	0
0	0	0	0	0	0	0	0	0	0	0
0	0	0	0	0	0	0	0	0	0	0
92	0	0	-1	3	0	0	0	-12	0	0
92	0	0	-1	3	0	0	0	-12	0	0
92	0	0	-1	3	0	0	0	-12	0	0
92	0	0	0	0	0	0	0	-12	0	0
92	0	0	0	0	0	0	0	-12	0	0
92	0	0	0	0	0	0	0	-12	0	0
98	0	0	0	0	0	0	0	-12	0	0
98	0	0	0	0	0	0	0	-12	0	0
98	0	0	0	0	0	0	0	-12	0	0
98	0	0	0	0	0	0	0	-12	0	0
98	0	0	0	0	0	0	0	-12	0	0
98	0	0	0	0	0	0	0	-12	0	0
98	0	0	0	0	0	0	0	-12	0	0
98	0	0	0	0	0	0	0	-12	0	0
98	0	0	0	0	0	0	0	-12	0	0
98	0	0	0	0	0	0	0	-12	0	0
98	0	0	0	0	0	0	0	-12	0	0
98	0	0	0	0	0	0	0	-12	0	0
98	0	0	0	0	0	0	0	-12	0	0
98	0	0	0	0	0	0	0	-12	0	0
98	0	0	0	0	0	0	0	-12	0	0
98	0	0	0	0	0	0	0	-12	0	0
98	0	0	0	0	0	0	0	-12	0	0
98	0	0	0	0	0	0	0	-12	0	0
98	0	0	0	0	0	0	0	-12	0	0
98	0	0	0	0	0	0	0	-12	0	0
98	0	0	0	0	0	0	0	-12	0	0
98	0	0	0	0	0	0	0	-12	0	0
98	0	0	0	0	0	0	0	-12	0	0
98	0	0	0	0	0	0	0	-12	0	0
98	0	0	0	0	0	0	0	-12	0	0
98	0	0	1	0	0	0	0	-12	0	0
98	0	0	1	0	0	0	0	-12	0	0
98	0	0	1	0	0	0	0	-12	0	0
98	0	0	1	0	0	0	0	-12	0	0
98	0	0	0	0	0	0	0	-12	0	0
98	0	0	0	0	0	0	0	-12	0	0
98	0	0	0	0	0	0	0	-12	0	0
98	0	0	0	0	0	0	0	-12	0	0
98	0	0	0	0	0	0	0	-12	0	0
98	0	0	0	0	0	0	0	-12	0	0
98	0	0	0	0	0	0	0	-12	0	0
98	0	0	0	0	0	0	0	-12	0	0
98	0	0	0	0	0	0	0	-12	0	0
98	0	0	0	0	0	0	0	-12	0	0
98	0	0	0	0	0	0	0	-12	0	0
98	0	0	0	0	0	0	0	-12	0	0
98	0	0	0	0	0	0	0	-12	0	0
98	0	0	0	0	0	0	0	-12	0	0
98	0	0	0	0	0	0	0	-12	0	0
98	0	0	0	0	0	0	0	-12	0	0
98	0	0	0	0	0	0	0	-12	0	0
98	0	0	0	0	0	0	0	-12	0	0
98	0	0	0	0	0	0	0	-12	0	0
98	0	0	0	0	0	0	0	-12	0	0
100	0	0	0	-1	0	0	0	-12	0	0
100	0	0	0	-1	0	0	0	-12	0	0
100	0	0	0	-1	0	0	0	-12	0	0
100	0	0	0	1	0	0	0	-12	0	0
100	0	0	0	1	0	0	0	-12	0	0
100	0	0	0	1	0	0	0	-12	0	0
100	0	0	0	0	0	0	0	-12	0	0
100	0	0	0	0	0	0	0	-12	0	0
100	0	0	0	0	0	0	0	-12	0	0
100	0	0	0	0	0	0	0	-12	0	0
100	0	0	0	-2	0	0	0	-12	0	0
100	0	0	0	-2	0	0	0	-12	0	0
100	0	0	0	-2	0	0	0	-12	0	0
100	0	0	1	1	0	0	0	-12	0	0
100	0	0	1	1	0	0	0	-12	0	0
100	0	0	1	1	0	0	0	-12	0	0
100	0	0	0	-2	0	0	0	-12	0	0
100	0	0	0	-2	0	0	0	-12	0	0
100	0	0	0	-2	0	0	0	-12	0	0
100	0	0	0	0	0	0	0	-12	0	0
100	0	0	0	0	0	0	0	-12	0	0
100	0	0	0	0	0	0	0	-12	0	0
100	0	0	0	-2	0	0	0	-12	0	0
100	0	0	0	-2	0	0	0	-12	0	0
100	0	0	0	-2	0	0	0	-12	0	0
100	0	0	0	-1	0	0	0	-12	0	0
100	0	0	0	-1	0	0	0	-12	0	0
100	0	0	0	-1	0	0	0	-12	0	0
100	0	0	0	0	0	0	0	-12	0	0
100	0	0	0	0	0	0	0	-12	0	0
100	0	0	0	0	0	0	0	-12	0	0
100	0	0	0	-1	0	0	0	-12	0	0
100	0	0	0	-1	0	0	0	-12	0	0
100	0	0	0	-1	0	0	0	-12	0	0
100	0	0	1	-1	0	0	0	-12	0	0
100	0	0	1	-1	0	0	0	-12	0	0
100	0	0	1	-1	0	0	0	-12	0	0
100	0	0	0	0	0	0	0	-11	0	0
100	0	0	0	0	0	0	0	-11	0	0
100	0	0	0	0	0	0	0	-11	0	0
100	0	0	0	0	0	0	0	-11	0	0
100	0	0	0	0	0	0	0	-11	0	0
100	0	0	0	0	0	0	0	-11	0	0
100	0	0	2	-3	0	0	0	-11	0	0
100	0	0	2	-3	0	0	0	-11	0	0
100	0	0	2	-3	0	0	0	-11	0	0
100	0	0	2	-3	0	0	0	-11	0	0
100	0	0	0	-3	0	0	0	-11	0	0
100	0	0	0	-3	0	0	0	-11	0	0
100	0	0	0	-3	0	0	0	-11	0	0
100	0	0	0	0	0	0	0	-12	0	0
100	0	0	0	0	0	0	0	-12	0	0
100	0	0	0	0	0	0	0	-12	0	0
100	0	0	0	0	0	0	0	-12	0	0
100	0	0	0	0	0	0	0	-12	0	0
100	0	0	0	0	0	0	0	-12	0	0
100	0	0	1	-1	0	0	0	-12	0	0
100	0	0	1	-1	0	0	0	-12	0	0
100	0	0	1	-1	0	0	0	-12	0	0
100	0	0	0	-2	0	0	0	-12	0	0
100	0	0	0	-2	0	0	0	-12	0	0
100	0	0	0	-2	0	0	0	-12	0	0
100	0	0	0	-2	0	0	0	-12	0	0
100	0	0	0	-2	0	0	0	-12	0	-1
100	0	0	0	-2	0	0	0	-12	0	-1
100	0	0	-4	-2	0	0	0	-12	0	-1
100	0	0	-4	-2	0	0	0	-12	0	-1
100	0	0	-4	-2	0	0	0	-12	0	-1
100	0	0	-8	0	0	0	0	-12	0	-1
100	0	0	-8	0	0	0	0	-12	0	-1
100	0	0	-8	0	0	0	0	-12	0	-1
100	0	0	-12	0	0	0	0	-12	0	-1
100	0	0	-12	0	0	0	0	-12	0	-1
100	0	0	-12	0	0	0	0	-12	0	-1
100	0	0	-19	-2	0	0	0	-12	0	-1
100	0	0	-19	-2	0	0	0	-12	-1	-1
100	0	0	-19	-2	0	0	0	-12	-1	-1
100	0	0	-19	0	0	0	0	-12	-2	-1
100	0	0	-19	0	0	0	0	-12	-2	-1
100	0	0	-19	0	0	0	0	-12	-2	-1
100	0	0	-19	0	0	0	0	-12	-3	-1
100	0	0	-22	12	0	0	1	-11	-3	-1
100	0	0	-22	12	0	0	1	-11	-4	-1
100	0	0	-22	12	0	0	1	-11	-4	0
100	0	0	-21	29	0	0	1	-11	-5	0
100	0	0	-21	29	0	0	1	-11	-5	0
100	0	0	-21	29	0	0	1	-11	-5	0
100	0	0	-17	42	0	0	2	-11	-6	1
100	0	0	-17	42	0	0	2	-11	-6	2
100	0	0	-17	42	0	0	2	-11	-7	3
100	0	0	-11	58	0	0	2	-10	-7	3
100	0	0	-11	58	0	0	2	-10	-7	5
100	0	0	-11	58	0	0	2	-10	-8	6
95	0	0	-7	81	0	0	2	-10	-8	7
95	0	0	-7	81	0	0	2	-10	-8	9
95	0	0	-7	81	0	0	2	-10	-8	11
95	0	0	3	103	0	-1	2	-10	-8	12
95	0	0	3	103	0	-1	2	-10	-8	14
95	0	0	3	103	0	-1	2	-10	-8	17
95	0	0	16	118	0	-1	1	-9	-8	19
95	0	0	16	118	0	-1	1	-9	-8	21
95	0	0	16	118	0	-1	1	-9	-7	24
95	0	0	18	84	0	0	1	-9	-7	26
95	0	0	18	84	0	0	1	-9	-7	28
95	0	0	18	84	0	0	1	-9	-6	30
95	0	0	7	32	0	0	0	-9	-6	32
95	0	0	7	32	0	0	0	-9	-6	32
95	0	0	7	32	0	0	0	-9	-5	33
95	0	0	4	12	0	0	0	-9	-5	34
95	0	0	4	12	0	0	0	-9	-5	34
95	0	0	4	12	0	0	0	-9	-5	34
95	0	0	4	12	0	0	0	-9	-5	35
95	0	0	3	4	0	0	0	-10	-5	35
95	0	0	3	4	0	0	0	-10	-5	35
95	0	0	3	4	0	0	0	-10	-5	35
95	0	0	-6	3	0	1	0	-10	-5	35
95	0	0	-6	3	0	1	0	-10	-5	35
95	0	0	-6	3	0	1	0	-10	-5	35
95	0	0	-25	2	0	4	0	-10	-5	35
95	0	0	-25	2	0	4	0	-10	-6	35
95	0	0	-25	2	0	4	0	-10	-6	35
95	0	0	-60	0	0	6	0	-10	-7	35
95	0	0	-60	0	0	6	0	-10	-8	35
95	0	0	-60	0	0	6	0	-10	-9	35
95	0	0	-144	-4	0	8	0	-11	-11	35
95	0	0	-144	-4	0	8	0	-11	-14	35
95	0	0	-144	-4	0	8	0	-11	-17	35
95	0	0	-240	-14	0	8	0	-11	-20	35
95	0	0	-240	-14	0	8	0	-11	-25	35
95	0	0	-240	-14	0	8	0	-11	-30	35
95	0	0	-301	-23	0	4	0	-11	-35	34
95	0	0	-301	-23	0	4	0	-11	-41	34
95	0	0	-301	-23	0	4	0	-11	-48	33
95	0	245	-319	-31	0	0	0	-14	-54	33
95	0	245	-319	-31	0	0	0	-14	-61	32
95	0	245	-319	-31	0	0	0	-14	-68	31
95	0	250	-270	-35	0	-3	0	-14	-74	31
95	0	250	-270	-35	0	-3	0	-14	-80	30
95	0	250	-270	-35	0	-3	0	-14	-86	29
95	0	249	-204	-43	0	-5	0	-14	-91	28
95	0	249	-204	-43	0	-5	0	-14	-96	28
95	0	249	-204	-43	0	-5	0	-14	-100	27
81	0	266	-92	-62	0	-6	-1	-14	-105	26
81	0	266	-92	-62	0	-6	-1	-14	-106	24
81	0	266	-92	-62	0	-6	-1	-14	-108	23
81	0	281	7	-77	0	-6	-1	-14	-110	22
81	0	281	7	-77	0	-6	-1	-14	-110	20
81	0	281	7	-77	0	-6	-1	-14	-110	19
81	0	281	7	-77	0	-6	-1	-14	-110	17
81	0	314	95	-85	0	-5	0	-14	-110	15
81	0	314	95	-85	0	-5	0	-14	-108	13
81	0	314	95	-85	0	-5	0	-14	-106	12
81	0	342	141	-87	0	-4	0	-14	-104	10
81	0	342	141	-87	0	-4	0	-14	-101	8
81	0	342	141	-87	0	-4	0	-14	-98	6
81	0	382	91	-95	0	0	0	-14	-95	4
81	0	382	91	-95	0	0	0	-14	-93	2
81	0	382	91	-95	0	0	0	-14	-91	0
81	0	443	-40	-106	0	5	0	-14	-89	-1
81	0	443	-40	-106	0	5	0	-14	-90	-3
81	0	443	-40	-106	0	5	0	-14	-91	-5
81	0	491	-176	-100	0	8	0	-14	-91	-7
81	0	491	-176	-100	0	8	0	-14	-95	-9
81	0	491	-176	-100	0	8	0	-14	-99	-12
81	0	530	-220	-80	0	7	0	-14	-103	-14
81	0	530	-220	-80	0	7	0	-14	-107	-15
81	0	530	-220	-80	0	7	0	-14	-112	-17
81	0	566	-164	-53	0	3	1	-14	-116	-19
81	0	566	-164	-53	0	3	1	-14	-120	-20
81	0	566	-164	-53	0	3	1	-14	-123	-21
81	0	579	-231	-28	0	2	0	-14	-127	-22
81	0	579	-231	-28	0	2	0	-14	-132	-23
81	0	579	-231	-28	0	2	0	-14	-137	-23
81	0	595	-291	-25	0	5	0	-14	-141	-24
81	0	595	-291	-25	0	5	0	-14	-148	-24
81	0	595	-291	-25	0	5	0	-14	-154	-25
81	0	595	-291	-25	0	5	0	-14	-160	-26
81	0	603	-372	-26	0	7	0	-14	-166	-26
81	0	603	-372	-26	0	7	0	-14	-174	-27
81	0	603	-372	-26	0	7	0	-14	-182	-27
81	0	613	-402	-25	0	4	0	-14	-189	-28
81	0	613	-402	-25	0	4	0	-14	-198	-28
81	0	613	-402	-25	0	4	0	-14	-206	-29
81	0	622	-381	-23	0	0	0	-14	-215	-29
81	0	622	-381	-23	0	0	0	-14	-223	-30
81	0	622	-381	-23	0	0	0	-14	-231	-30
81	0	622	-345	-26	0	-4	0	-14	-239	-31
81	0	622	-345	-26	0	-4	0	-14	-246	-31
81	0	622	-345	-26	0	-4	0	-14	-254	-32
66	0	625	-293	-7	0	-5	0	-14	-261	-32
66	0	625	-293	-7	0	-5	0	-14	-267	-33
66	0	625	-293	-7	0	-5	0	-14	-273	-33
66	0	631	-224	43	0	-6	0	-15	-279	-33
66	0	631	-224	43	0	-6	0	-15	-284	-32
66	0	631	-224	43	0	-6	0	-15	-289	-31
66	0	639	-186	66	0	-6	0	-14	-294	-30
66	0	639	-186	66	0	-6	0	-14	-298	-29
66	0	639	-186	66	0	-6	0	-14	-302	-27
66	0	648	-126	67	0	-5	0	-14	-305	-26
66	0	648	-126	67	0	-5	0	-14	-308	-25
66	0	648	-126	67	0	-5	0	-14	-311	-23
66	0	655	-70	68	0	-4	0	-15	-314	-22
66	0	655	-70	68	0	-4	0	-15	-315	-20
66	0	655	-70	68	0	-4	0	-15	-317	-19
66	0	663	-38	68	0	-3	-1	-15	-318	-17
66	0	663	-38	68	0	-3	-1	-15	-319	-16
66	0	663	-38	68	0	-3	-1	-15	-320	-14
66	0	669	-2	67	0	-1	-1	-15	-321	-13
66	0	669	-2	67	0	-1	-1	-15	-321	-12
66	0	669	-2	67	0	-1	-1	-15	-321	-10
66	0	677	7	84	0	2	-2	-15	-321	-9
66	0	677	7	84	0	2	-2	-15	-321	-7
66	0	677	7	84	0	2	-2	-15	-320	-5
66	0	677	-80	55	0	5	-3	-15	-320	-3
66	0	688	-80	55	0	5	-3	-15	-322	-2
66	0	688	-80	55	0	5	-3	-15	-324	-1
66	0	688	-80	55	0	5	-3	-15	-325	0
66	0	695	-147	-1	0	6	-5	-15	-327	0
66	0	695	-147	-1	0	6	-5	-15	-330	0
66	0	695	-147	-1	0	6	-5	-15	-333	0
66	0	701	-209	-77	0	5	-6	-15	-336	0
66	0	701	-209	-77	0	5	-6	-15	-341	-1
66	0	701	-209	-77	0	5	-6	-15	-345	-2
66	0	703	-246	-132	0	2	-4	-14	-349	-4
66	0	703	-246	-132	0	2	-4	-14	-355	-7
66	0	703	-246	-132	0	2	-4	-14	-360	-9
66	0	703	-190	-116	0	0	0	-14	-365	-12
66	0	703	-190	-116	0	0	0	-14	-369	-15
66	0	703	-190	-116	0	0	0	-14	-373	-17
66	0	699	-145	-100	0	-2	1	-14	-377	-19
66	0	699	-145	-100	0	-2	1	-14	-380	-22
66	0	699	-145	-100	0	-2	1	-14	-383	-24
66	0	695	-109	-72	0	-2	2	-14	-386	-26
66	0	695	-109	-72	0	-2	2	-14	-389	-27
66	0	695	-109	-72	0	-2	2	-14	-391	-29
66	0	694	-121	-8	0	-2	2	-14	-393	-30
66	0	694	-121	-8	0	-2	2	-14	-396	-31
66	0	694	-121	-8	0	-2	2	-14	-398	-31
66	0	694	-121	-8	0	-2	2	-14	-401	-31
59	0	696	-117	-41	0	0	-1	-14	-403	-31
59	0	696	-117	-41	0	0	-1	-14	-406	-32
59	0	696	-117	-41	0	0	-1	-14	-408	-33
59	0	696	-117	-75	0	0	-5	-15	-411	-34
59	0	696	-117	-75	0	0	-5	-15	-413	-35
59	0	696	-117	-75	0	0	-5	-15	-416	-37
59	0	699	-116	-141	0	1	-8	-15	-418	-39
59	0	699	-116	-141	0	1	-8	-15	-421	-42
59	0	699	-116	-141	0	1	-8	-15	-423	-45
59	0	701	-112	-213	0	1	-9	-15	-426	-48
59	0	701	-112	-213	0	1	-9	-15	-428	-52
59	0	701	-112	-213	0	1	-9	-15	-430	-57
59	0	705	-118	-262	0	1	-9	-15	-433	-61
59	0	705	-118	-262	0	1	-9	-15	-435	-67
59	0	705	-118	-262	0	1	-9	-15	-438	-72
59	0	716	-140	-310	0	0	-8	-14	-440	-78
59	0	716	-140	-310	0	0	-8	-14	-443	-84
59	0	716	-140	-310	0	0	-8	-14	-446	-91
59	0	714	-139	-347	0	0	-8	-14	-449	-97
59	0	714	-139	-347	0	0	-8	-14	-452	-105
59	0	714	-139	-347	0	0	-8	-14	-455	-112
59	0	712	-119	-398	0	0	-8	-14	-458	-119
59	0	712	-119	-398	0	0	-8	-14	-460	-127
59	0	712	-119	-398	0	0	-8	-14	-463	-136
59	0	721	-119	-444	0	0	-7	-14	-465	-144
59	0	721	-119	-444	0	0	-7	-14	-468	-154
59	0	721	-119	-444	0	0	-7	-14	-470	-163
59	0	723	-114	-488	0	0	-7	-14	-473	-172
59	0	723	-114	-488	0	0	-7	-14	-475	-182
59	0	723	-114	-488	0	0	-7	-14	-478	-193
59	0	732	-92	-528	0	0	-7	-14	-480	-203
59	0	732	-92	-528	0	0	-7	-14	-482	-214
59	0	732	-92	-528	0	0	-7	-14	-484	-225
59	0	730	-78	-619	0	0	-6	-14	-486	-236
59	0	730	-78	-619	0	0	-6	-14	-488	-249
59	0	730	-78	-619	0	0	-6	-14	-489	-262
59	0	730	-78	-619	0	0	-6	-14	-491	-275
59	0	728	11	-604	0	0	1	-14	-493	-289
59	0	728	11	-604	0	0	1	-14	-492	-301
59	0	728	11	-604	0	0	1	-14	-492	-314
59	0	722	98	-529	0	-1	8	-14	-492	-326
59	0	722	98	-529	0	-1	8	-14	-490	-337
59	0	722	98	-529	0	-1	8	-14	-488	-349
59	0	714	126	-418	0	0	12	-14	-486	-360
59	0	714	126	-418	0	0	12	-14	-483	-369
59	0	714	126	-418	0	0	12	-14	-480	-377
55	0	705	90	-322	0	0	13	-14	-478	-386
55	0	705	90	-322	0	0	13	-14	-476	-393
55	0	705	90	-322	0	0	13	-14	-474	-400
55	0	703	44	-227	0	0	12	-14	-472	-406
55	0	703	44	-227	0	0	12	-14	-471	-413
55	0	703	44	-227	0	0	12	-14	-470	-418
55	0	695	8	-162	0	1	10	-14	-469	-423
55	0	695	8	-162	0	1	10	-14	-469	-426
55	0	695	8	-162	0	1	10	-14	-468	-430
55	0	692	-52	-149	0	1	8	-14	-468	-433
55	0	692	-52	-149	0	1	8	-14	-469	-436
55	0	692	-52	-149	0	1	8	-14	-470	-439
55	0	674	-88	-98	0	0	6	-14	-472	-442
55	0	674	-88	-98	0	0	6	-14	-473	-444
55	0	674	-88	-98	0	0	6	-14	-475	-447
55	0	666	-84	-2	0	0	5	-14	-477	-449
55	0	666	-84	-2	0	0	5	-14	-479	-449
55	0	666	-84	-2	0	0	5	-14	-481	-449
55	0	663	-57	60	0	0	4	-15	-482	-449
55	0	663	-57	60	0	0	4	-15	-484	-447
55	0	663	-57	60	0	0	4	-15	-485	-446
55	0	656	-54	96	0	0	2	-15	-486	-445
55	0	656	-54	96	0	0	2	-15	-487	-443
55	0	656	-54	96	0	0	2	-15	-488	-441
55	0	647	-34	101	0	-1	1	-15	-489	-439
55	0	647	-34	101	0	-1	1	-15	-490	-437
55	0	647	-34	101	0	-1	1	-15	-491	-435
55	0	641	-32	117	0	-1	0	-15	-492	-433
55	0	641	-32	117	0	-1	0	-15	-492	-430
55	0	641	-32	117	0	-1	0	-15	-493	-428
55	0	637	-18	120	0	-1	0	-15	-494	-425
55	0	637	-18	120	0	-1	0	-15	-494	-422
55	0	637	-18	120	0	-1	0	-15	-495	-420
55	0	637	-18	120	0	-1	0	-15	-495	-417
55	0	637	13	155	0	0	-1	-15	-495	-415
55	0	637	13	155	0	0	-1	-15	-495	-411
55	0	637	13	155	0	0	-1	-15	-495	-408
55	0	629	-34	131	0	0	-5	-15	-494	-405
55	0	629	-34	131	0	0	-5	-15	-495	-402
55	0	629	-34	131	0	0	-5	-15	-496	-399
55	0	621	-33	76	0	0	-5	-15	-497	-397
55	0	621	-33	76	0	0	-5	-15	-497	-395
55	0	621	-33	76	0	0	-5	-15	-498	-393
55	0	628	7	57	0	0	-3	-14	-499	-392
55	0	628	7	57	0	0	-3	-14	-499	-391
55	0	628	7	57	0	0	-3	-14	-498	-389
55	0	641	20	65	0	0	-1	-14	-498	-388
55	0	641	20	65	0	0	-1	-14	-498	-387
55	0	641	20	65	0	0	-1	-14	-497	-385
52	0	655	10	71	0	0	0	-14	-497	-384
52	0	655	10	71	0	0	0	-14	-497	-383
52	0	655	10	71	0	0	0	-14	-497	-381
52	0	660	-9	37	0	1	0	-14	-496	-380
52	0	660	-9	37	0	1	0	-14	-496	-379
52	0	660	-9	37	0	1	0	-14	-497	-378
52	0	675	-20	37	0	1	0	-15	-497	-377
52	0	675	-20	37	0	1	0	-15	-497	-376
52	0	675	-20	37	0	1	0	-15	-498	-376
52	0	693	-39	41	0	1	0	-15	-498	-375
52	0	693	-39	41	0	1	0	-15	-499	-374
52	0	693	-39	41	0	1	0	-15	-500	-373
52	0	711	-67	56	0	1	0	-15	-501	-372
52	0	711	-67	56	0	1	0	-15	-502	-371
52	0	711	-67	56	0	1	0	-15	-503	-370
52	0	711	-67	56	0	1	0	-15	-505	-369
52	0	725	-54	50	0	0	0	-15	-506	-367
52	0	725	-54	50	0	0	0	-15	-507	-366
52	0	756	-62	48	0	0	0	-15	-509	-365
52	0	756	-62	48	0	0	0	-15	-510	-364
52	0	756	-62	48	0	0	0	-15	-511	-363
52	0	756	-62	48	0	0	0	-15	-513	-362
52	0	774	-51	40	0	0	0	-15	-514	-361
52	0	774	-51	40	0	0	0	-15	-515	-360
52	0	774	-51	40	0	0	0	-15	-516	-360
52	0	795	-42	27	0	0	0	-15	-517	-359
52	0	795	-42	27	0	0	0	-15	-518	-358
52	0	795	-42	27	0	0	0	-15	-519	-358
52	0	816	-49	23	0	0	0	-15	-520	-357
52	0	816	-49	23	0	0	0	-15	-521	-357
52	0	816	-49	23	0	0	0	-15	-522	-356
52	0	837	-55	31	0	0	0	-15	-523	-356
52	0	837	-55	31	0	0	0	-15	-524	-355
52	0	837	-55	31	0	0	0	-15	-525	-354
52	0	853	-72	44	0	0	0	-15	-526	-354
52	0	853	-72	44	0	0	0	-15	-528	-353
52	0	853	-72	44	0	0	0	-15	-529	-352
52	0	861	-31	40	0	0	0	-15	-531	-351
52	0	861	-31	40	0	0	0	-15	-532	-350
52	0	861	-31	40	0	0	0	-15	-532	-349
52	0	868	-10	61	0	0	0	-15	-533	-348
52	0	868	-10	61	0	0	0	-15	-533	-347
52	0	868	-10	61	0	0	0	-15	-533	-346
52	0	874	5	65	0	0	-2	-15	-534	-344
52	0	874	5	65	0	0	-2	-15	-533	-343
52	0	874	5	65	0	0	-2	-15	-533	-342
52	0	879	0	15	0	0	-4	-15	-533	-340
49	0	879	0	15	0	0	-4	-15	-533	-340
49	0	879	0	15	0	0	-4	-15	-533	-340
49	0	879	0	15	0	0	-4	-15	-533	-339
49	0	886	21	-77	0	0	-4	-15	-533	-339
49	0	886	21	-77	0	0	-4	-15	-533	-340
49	0	886	21	-77	0	0	-4	-15	-532	-342
49	0	891	57	-47	0	0	-1	-15	-532	-344
49	0	891	57	-47	0	0	-1	-15	-531	-345
49	0	891	57	-47	0	0	-1	-15	-529	-346
49	0	896	52	-27	0	0	0	-15	-528	-347
49	0	896	52	-27	0	0	0	-15	-527	-347
49	0	896	52	-27	0	0	0	-15	-526	-348
49	0	898	51	-19	0	0	1	-15	-525	-349
49	0	898	51	-19	0	0	1	-15	-524	-349
49	0	898	51	-19	0	0	1	-15	-523	-349
49	0	891	23	-6	0	1	1	-15	-522	-350
49	0	891	23	-6	0	1	1	-15	-521	-350
49	0	891	23	-6	0	1	1	-15	-521	-350
49	0	885	0	-2	0	1	1	-15	-520	-350
49	0	885	0	-2	0	1	1	-15	-520	-350
49	0	885	0	-2	0	1	1	-15	-520	-350
49	0	886	-15	1	0	1	0	-15	-520	-350
49	0	886	-15	1	0	1	0	-15	-521	-350
49	0	886	-15	1	0	1	0	-15	-521	-350
49	0	889	-35	9	0	0	0	-15	-521	-350
49	0	889	-35	9	0	0	0	-15	-522	-350
49	0	889	-35	9	0	0	0	-15	-523	-350
49	0	887	-53	-16	0	0	-3	-15	-523	-350
49	0	887	-53	-16	0	0	-3	-15	-525	-350
49	0	887	-53	-16	0	0	-3	-15	-526	-350
49	0	887	-53	-16	0	0	-3	-15	-527	-351
49	0	889	-55	-63	0	0	-5	-15	-528	-351
49	0	889	-55	-63	0	0	-5	-15	-529	-352
49	0	889	-55	-63	0	0	-5	-15	-530	-354
49	0	891	-45	-151	0	0	-4	-14	-531	-355
49	0	891	-45	-151	0	0	-4	-14	-532	-358
49	0	891	-45	-151	0	0	-4	-14	-533	-361
49	0	899	34	-187	0	0	-1	-14	-534	-365
49	0	899	34	-187	0	0	-1	-14	-534	-369
49	0	899	34	-187	0	0	-1	-14	-533	-372
49	0	905	31	-127	0	0	1	-14	-532	-376
49	0	905	31	-127	0	0	1	-14	-531	-379
49	0	905	31	-127	0	0	1	-14	-531	-382
49	0	909	16	-79	0	0	2	-14	-530	-384
49	0	909	16	-79	0	0	2	-14	-530	-386
49	0	909	16	-79	0	0	2	-14	-529	-388
49	0	917	-8	-45	0	0	3	-14	-529	-389
49	0	917	-8	-45	0	0	3	-14	-529	-390
49	0	917	-8	-45	0	0	3	-14	-530	-391
46	0	918	-44	-26	0	0	2	-14	-530	-392
46	0	918	-44	-26	0	0	2	-14	-531	-393
46	0	918	-44	-26	0	0	2	-14	-532	-393
46	0	919	-51	-12	0	0	2	-14	-532	-394
46	0	919	-51	-12	0	0	2	-14	-534	-394
46	0	919	-51	-12	0	0	2	-14	-535	-395
46	0	920	-35	15	0	0	1	-14	-536	-395
46	0	920	-35	15	0	0	1	-14	-536	-394
46	0	920	-35	15	0	0	1	-14	-537	-394
46	0	927	-14	30	0	0	1	-14	-538	-394
46	0	927	-14	30	0	0	1	-14	-538	-393
46	0	927	-14	30	0	0	1	-14	-539	-393
46	0	927	-14	30	0	0	1	-14	-539	-392
46	0	927	2	52	0	0	0	-14	-539	-391
46	0	927	2	52	0	0	0	-14	-539	-390
46	0	927	2	52	0	0	0	-14	-539	-389
46	0	933	-9	46	0	0	-1	-14	-539	-388
46	0	933	-9	46	0	0	-1	-14	-539	-387
46	0	933	-9	46	0	0	-1	-14	-539	-386
46	0	935	-6	6	0	0	-4	-14	-540	-385
46	0	935	-6	6	0	0	-4	-14	-540	-385
46	0	935	-6	6	0	0	-4	-14	-540	-385
46	0	935	-32	-40	0	0	-6	-14	-540	-385
46	0	935	-32	-40	0	0	-6	-14	-541	-385
46	0	935	-32	-40	0	0	-6	-14	-541	-386
46	0	936	-19	-118	0	0	-8	-14	-542	-387
46	0	936	-19	-118	0	0	-8	-14	-543	-390
46	0	936	-19	-118	0	0	-8	-14	-543	-392
46	0	936	27	-202	0	0	-5	-14	-543	-395
46	0	936	27	-202	0	0	-5	-14	-543	-399
46	0	936	27	-202	0	0	-5	-14	-542	-403
46	0	936	96	-211	0	0	0	-14	-542	-407
46	0	936	96	-211	0	0	0	-14	-540	-412
46	0	936	96	-211	0	0	0	-14	-537	-416
46	0	934	78	-146	0	0	2	-14	-535	-421
46	0	934	78	-146	0	0	2	-14	-534	-424
46	0	934	78	-146	0	0	2	-14	-532	-427
46	0	936	36	-69	0	1	3	-14	-530	-430
46	0	936	36	-69	0	1	3	-14	-530	-432
46	0	936	36	-69	0	1	3	-14	-529	-433
46	0	919	-15	-45	0	1	1	-14	-528	-434
46	0	919	-15	-45	0	1	1	-14	-529	-435
46	0	919	-15	-45	0	1	1	-14	-529	-436
46	0	919	-15	-45	0	1	1	-14	-529	-437
46	0	913	-60	-87	0	1	-1	-14	-529	-438
46	0	913	-60	-87	0	1	-1	-14	-531	-440
46	0	913	-60	-87	0	1	-1	-14	-532	-442
45	0	917	-81	-131	0	0	-4	-15	-533	-444
45	0	917	-81	-131	0	0	-4	-15	-535	-447
45	0	918	-90	-180	0	0	-7	-15	-537	-449
45	0	918	-90	-180	0	0	-7	-15	-539	-454
45	0	918	-90	-180	0	0	-7	-15	-541	-458
45	0	924	-73	-295	0	0	-8	-14	-543	-462
45	0	924	-73	-295	0	0	-8	-14	-547	-476
45	0	925	-54	-351	0	0	-6	-14	-549	-487
45	0	925	-54	-351	0	0	-6	-14	-551	-500
45	0	926	0	-448	0	-1	-4	-14	-552	-506
45	0	926	0	-448	0	-1	-4	-14	-552	-516
45	0	926	0	-448	0	-1	-4	-14	-552	-525
45	0	934	-15	-467	0	-1	-2	-14	-552	-535
45	0	934	-15	-467	0	-1	-2	-14	-553	-544
45	0	934	-15	-467	0	-1	-2	-14	-553	-554
45	0	935	12	-441	0	-1	0	-14	-553	-564
45	0	935	12	-441	0	-1	0	-14	-553	-573
45	0	935	12	-441	0	-1	0	-14	-553	-582
45	0	954	25	-437	0	0	2	-14	-553	-591
45	0	954	25	-437	0	0	2	-14	-552	-601
45	0	954	25	-437	0	0	2	-14	-552	-610
45	0	954	25	-437	0	0	2	-14	-551	-619
45	0	961	23	-396	0	0	4	-14	-550	-628
45	0	961	23	-396	0	0	4	-14	-550	-637
45	0	961	23	-396	0	0	4	-14	-550	-645
45	0	962	49	-309	0	0	6	-14	-549	-653
45	0	962	49	-309	0	0	6	-14	-548	-660
45	0	926	37	-186	0	0	6	-14	-547	-666
45	0	926	37	-186	0	0	6	-14	-546	-670
45	0	926	37	-186	0	0	6	-14	-545	-674
45	0	926	37	-186	0	0	6	-14	-545	-678
45	0	904	11	-125	0	0	5	-14	-544	-682
45	0	904	11	-125	0	0	5	-14	-544	-685
45	0	904	11	-125	0	0	5	-14	-543	-687
45	0	906	-13	-90	0	0	4	-14	-543	-690
45	0	906	-13	-90	0	0	4	-14	-543	-692
45	0	906	-13	-90	0	0	4	-14	-544	-694
45	0	900	-44	-64	0	0	2	-14	-544	-696
45	0	900	-44	-64	0	0	2	-14	-545	-697
45	0	900	-44	-64	0	0	2	-14	-546	-698
45	0	895	-55	-36	0	0	1	-14	-547	-700
45	0	895	-55	-36	0	0	1	-14	-548	-700
45	0	895	-55	-36	0	0	1	-14	-549	-701
45	0	896	-40	-27	0	0	0	-15	-550	-702
45	0	896	-40	-27	0	0	0	-15	-551	-703
45	0	896	-40	-27	0	0	0	-15	-552	-703
43	0	899	-28	9	0	-1	0	-15	-553	-704
43	0	899	-28	9	0	-1	0	-15	-553	-704
43	0	899	-28	9	0	-1	0	-15	-554	-703
43	0	904	-23	17	0	-1	0	-15	-555	-703
43	0	904	-23	17	0	-1	0	-15	-555	-703
43	0	904	-23	17	0	-1	0	-15	-556	-702
43	0	917	-7	23	0	-1	0	-15	-556	-702
43	0	917	-7	23	0	-1	0	-15	-556	-702
43	0	917	-7	23	0	-1	0	-15	-556	-701
43	0	937	13	-73	0	0	0	2	-557	-701
43	0	937	13	-73	0	0	0	2	-551	-730
43	0	937	13	-73	0	0	0	2	-551	-732
43	0	937	13	-73	0	0	0	2	-551	-734
43	0	939	16	-76	0	0	0	6	-550	-735
43	0	939	16	-76	0	0	0	6	-550	-737
43	0	939	16	-76	0	0	0	6	-550	-738
43	0	943	36	-63	0	0	0	10	-549	-740
43	0	943	36	-63	0	0	0	10	-548	-741
43	0	943	36	-63	0	0	0	10	-548	-743
43	0	949	22	-56	0	0	0	15	-547	-744
43	0	949	22	-56	0	0	0	15	-546	-745
43	0	949	22	-56	0	0	0	15	-546	-746
43	0	959	20	-59	0	0	0	19	-545	-747
43	0	959	20	-59	0	0	0	19	-545	-749
43	0	959	20	-59	0	0	0	19	-545	-750
43	0	974	35	-62	0	0	0	23	-544	-751
43	0	974	35	-62	0	0	0	23	-543	-753
43	0	974	35	-62	0	0	0	23	-543	-754
41	0	974	88	-83	0	0	-1	27	-542	-755
41	0	974	88	-83	0	0	-1	27	-540	-757
41	0	974	88	-83	0	0	-1	27	-538	-759
41	0	976	161	-96	0	0	-1	32	-536	-761
41	0	976	161	-96	0	0	-1	32	-533	-763
41	0	976	161	-96	0	0	-1	32	-530	-765
41	0	976	161	-96	0	0	-1	32	-526	-767
41	0	967	132	-92	0	0	-1	36	-523	-769
41	0	967	132	-92	0	0	-1	36	-520	-771
41	0	967	132	-92	0	0	-1	36	-517	-773
41	0	987	164	-53	0	0	-1	40	-514	-774
41	0	987	164	-53	0	0	-1	40	-511	-776
41	0	987	164	-53	0	0	-1	40	-508	-777
41	0	983	271	-4	0	0	-1	44	-504	-778
41	0	983	271	-4	0	0	-1	44	-498	-778
41	0	983	271	-4	0	0	-1	44	-493	-778
41	0	980	346	-55	0	0	-1	49	-487	-778
41	0	980	346	-55	0	0	-1	49	-480	-779
41	0	980	346	-55	0	0	-1	49	-473	-780
41	0	994	346	-49	0	0	-1	53	-465	-782
41	0	994	346	-49	0	0	-1	53	-458	-783
41	0	994	346	-49	0	0	-1	53	-451	-784
41	0	991	352	-46	0	0	0	57	-443	-785
41	0	991	352	-46	0	0	0	57	-436	-786
41	0	991	352	-46	0	0	0	57	-428	-787
41	0	990	328	-98	0	0	0	61	-421	-788
41	0	990	328	-98	0	0	0	61	-414	-790
41	0	990	328	-98	0	0	0	61	-407	-792
41	0	990	331	-107	0	0	0	66	-400	-794
41	0	990	331	-107	0	0	0	66	-393	-796
41	0	990	331	-107	0	0	0	66	-386	-798
41	0	991	342	-124	0	0	0	70	-379	-801
41	0	991	342	-124	0	0	0	70	-372	-803
41	0	991	342	-124	0	0	0	70	-365	-806
41	0	999	325	-144	0	0	0	74	-357	-809
41	0	999	325	-144	0	0	0	74	-351	-812
41	0	999	325	-144	0	0	0	74	-344	-815
41	0	999	325	-144	0	0	0	74	-337	-818
41	0	997	314	-146	0	1	0	79	-330	-821
41	0	997	314	-146	0	1	0	79	-323	-824
41	0	997	314	-146	0	1	0	79	-316	-827
41	0	994	380	-188	0	1	0	83	-310	-830
41	0	994	380	-188	0	1	0	83	-302	-834
41	0	994	380	-188	0	1	0	83	-294	-838
41	0	990	342	-177	0	1	0	87	-286	-842
41	0	990	342	-177	0	1	0	87	-279	-846
41	0	990	342	-177	0	1	0	87	-272	-850
41	0	985	318	-167	0	1	0	92	-264	-853
41	0	985	318	-167	0	1	0	92	-258	-857
41	0	985	318	-167	0	1	0	92	-251	-860
41	0	978	367	-208	0	1	0	96	-244	-864
41	0	978	367	-208	0	1	0	96	-237	-868
41	0	978	367	-208	0	1	0	96	-229	-873
41	0	973	387	-222	0	1	0	101	-221	-877
41	0	973	387	-222	0	1	0	101	-213	-882
41	0	973	387	-222	0	1	0	101	-205	-886
41	0	968	329	-191	0	1	0	105	-196	-891
41	0	968	329	-191	0	1	0	105	-189	-895
41	0	968	329	-191	0	1	0	105	-183	-899
41	0	960	334	-195	0	1	0	109	-176	-903
41	0	960	334	-195	0	1	0	109	-169	-907
41	0	960	334	-195	0	1	0	109	-162	-911
41	0	955	335	-204	0	1	0	114	-154	-916
41	0	955	335	-204	0	1	0	114	-147	-920
41	0	955	335	-204	0	1	0	114	-140	-924
41	0	944	342	-232	0	1	0	118	-133	-928
41	0	944	342	-232	0	1	0	118	-126	-933
41	0	944	342	-232	0	1	0	118	-119	-938
41	0	940	355	-240	0	1	0	123	-112	-943
41	0	940	355	-240	0	1	0	123	-104	-948
41	0	940	355	-240	0	1	0	123	-97	-953
41	0	942	353	-239	0	1	0	127	-89	-958
41	0	942	353	-239	0	1	0	127	-82	-963
41	0	942	353	-239	0	1	0	127	-75	-968
41	0	949	366	-238	0	1	1	132	-67	-973
41	0	949	366	-238	0	1	1	132	-60	-978
41	0	949	366	-238	0	1	1	132	-52	-983
41	0	949	366	-238	0	1	1	132	-44	-988
41	0	941	350	-239	0	1	0	136	-36	-994
41	0	941	350	-239	0	1	0	136	-29	-999
41	0	941	350	-239	0	1	0	136	-21	-1004
41	0	934	397	-277	0	0	0	140	-14	-1009
41	0	934	397	-277	0	0	0	140	-6	-1014
41	0	934	397	-277	0	0	0	140	2	-1020
41	0	933	412	-301	0	0	0	145	10	-1026
41	0	933	412	-301	0	0	0	145	19	-1033
41	0	933	412	-301	0	0	0	145	28	-1039
41	0	936	421	-302	0	0	0	149	37	-1045
41	0	936	421	-302	0	0	0	149	46	-1052
41	0	936	421	-302	0	0	0	149	54	-1058
41	0	932	448	-372	0	0	0	154	64	-1065
41	0	932	448	-372	0	0	0	154	74	-1074
41	0	932	448	-372	0	0	0	154	83	-1081
41	0	929	452	-367	0	1	0	158	92	-1089
41	0	929	452	-367	0	1	0	158	102	-1096
41	0	929	452	-367	0	1	0	158	111	-1104
41	0	925	438	-359	0	1	0	162	121	-1112
41	0	925	438	-359	0	1	0	162	130	-1119
41	0	925	438	-359	0	1	0	162	139	-1127
41	0	923	422	-302	0	1	0	167	148	-1134
41	0	923	422	-302	0	1	0	167	157	-1141
41	0	923	422	-302	0	1	0	167	166	-1147
41	0	922	428	-283	0	1	0	171	175	-1154
41	0	922	428	-283	0	1	0	171	184	-1159
41	0	922	428	-283	0	1	0	171	193	-1165
41	0	923	442	-268	0	1	0	176	202	-1171
41	0	923	442	-268	0	1	0	176	211	-1177
41	0	923	442	-268	0	1	0	176	221	-1183
41	0	923	450	-267	0	1	1	-179	230	-1188
41	0	923	450	-267	0	1	1	-179	239	-1194
41	0	923	450	-267	0	1	1	-179	249	-1200
41	0	923	450	-267	0	1	1	-179	258	-1205
41	0	929	443	-264	0	1	1	-174	268	-1211
41	0	929	443	-264	0	1	1	-174	277	-1216
41	0	929	443	-264	0	1	1	-174	286	-1222
41	0	936	458	-272	0	1	1	-170	296	-1227
41	0	936	458	-272	0	1	1	-170	305	-1233
41	0	936	458	-272	0	1	1	-170	315	-1239
41	0	918	438	-273	0	1	1	-166	325	-1245
41	0	918	438	-273	0	1	1	-166	334	-1250
41	0	918	438	-273	0	1	1	-166	343	-1256
41	0	908	416	-273	0	1	1	-161	352	-1262
41	0	908	416	-273	0	1	1	-161	361	-1268
41	0	908	416	-273	0	1	1	-161	370	-1273
41	0	914	405	-292	0	1	1	-157	378	-1279
41	0	914	405	-292	0	1	1	-157	387	-1285
41	0	914	405	-292	0	1	1	-157	396	-1291
41	0	912	399	-277	0	0	1	-152	404	-1298
41	0	912	399	-277	0	0	1	-152	413	-1303
41	0	912	399	-277	0	0	1	-152	421	-1309
41	0	896	381	-271	0	0	1	-148	429	-1315
41	0	896	381	-271	0	0	1	-148	437	-1321
41	0	896	381	-271	0	0	1	-148	445	-1326
41	0	871	348	-270	0	0	1	-144	453	-1332
41	0	871	348	-270	0	0	1	-144	461	-1338
41	0	871	348	-270	0	0	1	-144	468	-1344
41	0	856	347	-286	0	0	1	-139	475	-1349
41	0	856	347	-286	0	0	1	-139	483	-1355
41	0	856	347	-286	0	0	1	-139	490	-1361
41	0	844	326	-303	0	0	0	-135	497	-1367
41	0	844	326	-303	0	0	0	-135	504	-1374
41	0	844	326	-303	0	0	0	-135	511	-1380
41	0	844	326	-303	0	0	0	-135	518	-1386
39	0	834	302	-309	0	0	0	-130	525	-1393
39	0	834	302	-309	0	0	0	-130	531	-1400
39	0	834	302	-309	0	0	0	-130	538	-1406
39	0	829	297	-300	0	0	0	-126	544	-1413
39	0	829	297	-300	0	0	0	-126	550	-1419
39	0	829	297	-300	0	0	0	-126	556	-1425
39	0	825	297	-312	0	0	0	-122	563	-1431
39	0	825	297	-312	0	0	0	-122	569	-1438
39	0	825	297	-312	0	0	0	-122	575	-1445
39	0	832	283	-302	0	0	0	-117	582	-1451
39	0	832	283	-302	0	0	0	-117	587	-1457
39	0	832	283	-302	0	0	0	-117	593	-1464
39	0	836	278	-295	0	0	0	-113	599	-1470
39	0	836	278	-295	0	0	0	-113	605	-1476
39	0	836	278	-295	0	0	0	-113	611	-1483
39	0	846	293	-259	0	0	0	-109	617	-1489
39	0	846	293	-259	0	0	0	-109	623	-1494
39	0	846	293	-259	0	0	0	-109	629	-1500
39	0	859	311	-245	0	0	0	-104	636	-1505
39	0	859	311	-245	0	0	0	-104	642	-1510
39	0	859	311	-245	0	0	0	-104	649	-1516
39	0	870	298	-274	0	0	0	-100	655	-1521
39	0	870	298	-274	0	0	0	-100	662	-1527
39	0	870	298	-274	0	0	0	-100	668	-1532
39	0	885	299	-306	0	0	0	-95	674	-1538
39	0	885	299	-306	0	0	0	-95	680	-1545
39	0	885	299	-306	0	0	0	-95	687	-1551
39	0	893	288	-323	0	0	0	-91	693	-1558
39	0	893	288	-323	0	0	0	-91	699	-1564
39	0	893	288	-323	0	0	0	-91	705	-1571
39	0	893	283	-324	0	0	0	-86	711	-1578
39	0	908	283	-324	0	0	0	-86	717	-1585
39	0	908	283	-324	0	0	0	-86	723	-1592
39	0	908	283	-324	0	0	0	-86	729	-1598
39	0	912	291	-351	0	0	0	-82	735	-1605
39	0	912	291	-351	0	0	0	-82	741	-1613
39	0	912	291	-351	0	0	0	-82	747	-1620
39	0	919	290	-358	0	0	0	-78	753	-1627
39	0	919	290	-358	0	0	0	-78	760	-1635
39	0	919	290	-358	0	0	0	-78	766	-1642
39	0	931	275	-371	0	0	0	-73	772	-1650
39	0	931	275	-371	0	0	0	-73	778	-1658
39	0	931	275	-371	0	0	0	-73	783	-1666
39	0	943	288	-397	0	0	0	-69	789	-1673
39	0	943	288	-397	0	0	0	-69	795	-1682
39	0	943	288	-397	0	0	0	-69	801	-1690
39	0	951	284	-411	0	0	0	-64	807	-1698
39	0	951	284	-411	0	0	0	-64	813	-1707
39	0	951	284	-411	0	0	0	-64	819	-1716
39	0	954	295	-423	0	0	0	-60	825	-1724
39	0	954	295	-423	0	0	0	-60	831	-1733
39	0	954	295	-423	0	0	0	-60	838	-1742
39	0	955	306	-438	0	0	0	-55	844	-1751
39	0	955	306	-438	0	0	0	-55	850	-1760
39	0	955	306	-438	0	0	0	-55	857	-1770
39	0	956	306	-434	0	0	0	-51	863	-1779
39	0	956	306	-434	0	0	0	-51	870	-1788
39	0	956	306	-434	0	0	0	-51	876	-1797
39	0	953	302	-416	0	0	0	-46	882	-1806
39	0	953	302	-416	0	0	0	-46	889	-1815
39	0	953	302	-416	0	0	0	-46	895	-1824
39	0	953	302	-416	0	0	0	-46	901	-1832
39	0	937	310	-427	0	0	1	-42	908	-1841
39	0	937	310	-427	0	0	1	-42	914	-1850
39	0	937	310	-427	0	0	1	-42	921	-1859
39	0	924	332	-364	0	0	2	-39	927	-1868
39	0	924	332	-364	0	0	2	-39	934	-1876
39	0	924	332	-364	0	0	2	-39	941	-1883
39	0	922	355	-312	0	1	3	-37	948	-1891
39	0	922	355	-312	0	1	3	-37	956	-1897
39	0	922	355	-312	0	1	3	-37	963	-1904
39	0	923	349	-249	0	2	4	-35	971	-1911
39	0	923	349	-249	0	2	4	-35	978	-1916
39	0	923	349	-249	0	2	4	-35	985	-1921
39	0	921	333	-202	0	2	4	-34	993	-1926
39	0	921	333	-202	0	2	4	-34	1000	-1930
39	0	921	333	-202	0	2	4	-34	1007	-1935
39	0	923	322	-130	0	2	3	-33	1013	-1939
39	0	923	322	-130	0	2	3	-33	1020	-1942
39	0	923	322	-130	0	2	3	-33	1027	-1944
39	0	923	322	-130	0	2	3	-33	1034	-1947
39	0	925	328	-81	0	2	3	-32	1041	-1950
39	0	925	328	-81	0	2	3	-32	1047	-1952
39	0	929	332	-41	0	1	2	-32	1054	-1953
39	0	929	332	-41	0	1	2	-32	1061	-1954
39	0	929	332	-41	0	1	2	-32	1068	-1955
39	0	929	389	15	0	2	1	-32	1075	-1956
39	0	929	389	15	0	2	1	-32	1083	-1956
39	0	929	389	15	0	2	1	-32	1091	-1955
39	0	932	351	44	0	4	0	-31	1100	-1955
39	0	932	351	44	0	4	0	-31	1107	-1954
39	0	932	351	44	0	4	0	-31	1114	-1953
39	0	932	351	44	0	4	0	-31	1122	-1952
39	0	945	290	30	0	4	0	-31	1129	-1951
39	0	945	290	30	0	4	0	-31	1135	-1951
39	0	945	290	30	0	4	0	-31	1141	-1950
39	0	946	273	29	0	2	0	-31	1147	-1949
39	0	946	273	29	0	2	0	-31	1153	-1949
39	0	946	273	29	0	2	0	-31	1159	-1948
39	0	950	302	26	0	0	0	-31	1165	-1947
39	0	950	302	26	0	0	0	-31	1171	-1947
39	0	950	302	26	0	0	0	-31	1177	-1946
39	0	948	332	22	0	-2	0	-31	1184	-1946
39	0	948	332	22	0	-2	0	-31	1191	-1945
39	0	948	332	22	0	-2	0	-31	1198	-1945
39	0	949	412	33	0	-3	0	-31	1205	-1944
39	0	949	412	33	0	-3	0	-31	1213	-1944
39	0	949	412	33	0	-3	0	-31	1222	-1943
39	0	927	495	97	0	-2	0	-31	1231	-1942
39	0	927	495	97	0	-2	0	-31	1241	-1940
39	0	927	495	97	0	-2	0	-31	1252	-1938
39	0	923	503	135	0	1	-1	-31	1262	-1936
39	0	923	503	135	0	1	-1	-31	1273	-1933
39	0	923	503	135	0	1	-1	-31	1283	-1930
39	0	921	462	143	0	5	-2	-31	1294	-1928
39	0	921	462	143	0	5	-2	-31	1303	-1924
39	0	921	462	143	0	5	-2	-31	1313	-1921
39	0	921	381	108	0	7	-3	-31	1323	-1918
39	0	921	381	108	0	7	-3	-31	1331	-1916
39	0	921	381	108	0	7	-3	-31	1339	-1914
39	0	920	326	93	0	8	-3	-31	1347	-1912
39	0	920	326	93	0	8	-3	-31	1354	-1910
39	0	920	326	93	0	8	-3	-31	1361	-1908
39	0	920	326	93	0	8	-3	-31	1367	-1906
39	0	926	253	62	0	7	-3	-31	1374	-1904
39	0	926	253	62	0	7	-3	-31	1380	-1902
39	0	926	253	62	0	7	-3	-31	1385	-1901
39	0	927	194	37	0	6	-2	-31	1390	-1900
39	0	927	194	37	0	6	-2	-31	1394	-1899
39	0	927	194	37	0	6	-2	-31	1398	-1898
39	0	935	126	-4	0	5	-2	-31	1403	-1897
39	0	935	126	-4	0	5	-2	-31	1405	-1898
39	0	935	126	-4	0	5	-2	-31	1408	-1898
39	0	936	59	-12	0	4	-1	-31	1411	-1898
39	0	936	59	-12	0	4	-1	-31	1412	-1898
39	0	936	59	-12	0	4	-1	-31	1413	-1898
39	0	930	32	-8	0	3	-1	-31	1414	-1898
39	0	930	32	-8	0	3	-1	-31	1415	-1899
39	0	930	32	-8	0	3	-1	-31	1416	-1899
39	0	931	-3	-33	0	2	0	-31	1416	-1899
39	0	931	-3	-33	0	2	0	-31	1416	-1900
39	0	931	-3	-33	0	2	0	-31	1416	-1900
39	0	931	-2	-29	0	1	0	-31	1416	-1901
39	0	931	-2	-29	0	1	0	-31	1416	-1902
39	0	931	-2	-29	0	1	0	-31	1416	-1902
38	0	929	-15	-34	0	0	0	-31	1416	-1903
38	0	929	-15	-34	0	0	0	-31	1416	-1904
38	0	929	-15	-34	0	0	0	-31	1415	-1904
38	0	917	-40	-19	0	0	0	-31	1415	-1905
38	0	917	-40	-19	0	0	0	-31	1414	-1905
38	0	917	-40	-19	0	0	0	-31	1413	-1906
38	0	917	-40	-19	0	0	0	-31	1412	-1906
38	0	913	-42	-3	0	0	0	-31	1412	-1907
38	0	913	-42	-3	0	0	0	-31	1411	-1907
38	0	913	-42	-3	0	0	0	-31	1410	-1907
38	0	916	-47	4	0	0	0	-31	1409	-1907
38	0	916	-47	4	0	0	0	-31	1408	-1907
38	0	916	-47	4	0	0	0	-31	1407	-1907
38	0	898	-46	0	0	0	0	-31	1406	-1907
38	0	898	-46	0	0	0	0	-31	1405	-1907
38	0	898	-46	0	0	0	0	-31	1404	-1907
38	0	913	-41	-12	0	0	0	-31	1403	-1907
38	0	913	-41	-12	0	0	0	-31	1402	-1907
38	0	913	-41	-12	0	0	0	-31	1401	-1907
38	0	932	-37	-10	0	0	0	-31	1400	-1907
38	0	932	-37	-10	0	0	0	-31	1400	-1908
38	0	932	-37	-10	0	0	0	-31	1399	-1908
38	0	944	-25	-25	0	0	0	-31	1398	-1908
38	0	944	-25	-25	0	0	0	-31	1397	-1909
38	0	944	-25	-25	0	0	0	-31	1397	-1909
38	0	961	-5	-22	0	-1	0	-31	1396	-1910
38	0	961	-5	-22	0	-1	0	-31	1396	-1910
38	0	961	-5	-22	0	-1	0	-31	1396	-1911
38	0	959	-8	-3	0	-1	0	-31	1396	-1911
38	0	959	-8	-3	0	-1	0	-31	1396	-1911
38	0	959	-8	-3	0	-1	0	-31	1396	-1911
38	0	975	19	12	0	-1	0	-31	1396	-1911
38	0	975	19	12	0	-1	0	-31	1396	-1911
38	0	975	19	12	0	-1	0	-31	1396	-1911
38	0	975	19	12	0	-1	0	-31	1397	-1911
38	0	984	20	25	0	-1	0	-31	1397	-1910
38	0	984	20	25	0	-1	0	-31	1398	-1910
38	0	984	20	25	0	-1	0	-31	1398	-1909
38	0	982	35	43	0	-1	0	-31	1398	-1909
38	0	982	35	43	0	-1	0	-31	1399	-1908
38	0	982	35	43	0	-1	0	-31	1400	-1907
38	0	987	30	51	0	-1	0	-31	1401	-1906
38	0	987	30	51	0	-1	0	-31	1401	-1905
38	0	987	30	51	0	-1	0	-31	1402	-1904
38	0	994	42	45	0	0	0	-31	1403	-1903
38	0	994	42	45	0	0	0	-31	1403	-1902
38	0	994	42	45	0	0	0	-31	1404	-1901
38	0	997	65	34	0	0	0	-31	1405	-1900
38	0	997	65	34	0	0	0	-31	1407	-1899
38	0	997	65	34	0	0	0	-31	1408	-1898
38	0	991	69	46	0	0	0	-31	1409	-1898
38	0	991	69	46	0	0	0	-31	1411	-1897
38	0	991	69	46	0	0	0	-31	1412	-1896
38	0	994	74	62	0	0	0	-31	1414	-1895
38	0	994	74	62	0	0	0	-31	1415	-1893
38	0	994	74	62	0	0	0	-31	1417	-1892
38	0	984	84	72	0	0	0	-31	1419	-1891
38	0	984	84	72	0	0	0	-31	1420	-1889
38	0	984	84	72	0	0	0	-31	1422	-1888
38	0	985	75	91	0	0	0	-31	1424	-1886
38	0	985	75	91	0	0	0	-31	1425	-1884
38	0	985	75	91	0	0	0	-31	1427	-1882
38	0	983	104	86	0	0	0	-31	1429	-1880
38	0	983	104	86	0	0	0	-31	1431	-1879
38	0	983	104	86	0	0	0	-31	1433	-1877
38	0	960	108	92	0	0	0	-31	1435	-1875
38	0	960	108	92	0	0	0	-31	1437	-1873
38	0	960	108	92	0	0	0	-31	1440	-1871
38	0	960	108	92	0	0	0	-31	1442	-1869
38	0	957	127	99	0	0	0	-31	1444	-1867
38	0	957	127	99	0	0	0	-31	1447	-1865
38	0	957	127	99	0	0	0	-31	1450	-1863
38	0	945	109	119	0	0	0	-31	1452	-1861
38	0	945	109	119	0	0	0	-31	1455	-1858
38	0	945	109	119	0	0	0	-31	1457	-1856
38	0	928	138	147	0	0	0	-31	1459	-1853
38	0	928	138	147	0	0	0	-31	1462	-1850
38	0	928	138	147	0	0	0	-31	1465	-1847
38	0	920	116	131	0	1	-1	-31	1468	-1844
38	0	920	116	131	0	1	-1	-31	1470	-1841
38	0	920	116	131	0	1	-1	-31	1473	-1839
38	0	896	111	114	0	1	-1	-31	1475	-1836
38	0	896	111	114	0	1	-1	-31	1478	-1833
38	0	896	111	114	0	1	-1	-31	1480	-1831
38	0	895	99	107	0	1	-1	-31	1482	-1829
38	0	895	99	107	0	1	-1	-31	1484	-1826
38	0	895	99	107	0	1	-1	-31	1486	-1824
38	0	883	72	84	0	2	-1	-31	1489	-1822
38	0	883	72	84	0	2	-1	-31	1490	-1820
38	0	883	72	84	0	2	-1	-31	1492	-1818
38	0	880	50	66	0	1	-1	-31	1493	-1816
38	0	880	50	66	0	1	-1	-31	1494	-1815
38	0	880	50	66	0	1	-1	-31	1495	-1814
38	0	867	18	45	0	1	-1	-31	1496	-1812
38	0	867	18	45	0	1	-1	-31	1497	-1811
38	0	867	18	45	0	1	-1	-31	1497	-1810
38	0	867	18	45	0	1	-1	-31	1498	-1809
38	0	852	21	25	0	0	-1	-30	1498	-1808
38	0	852	21	25	0	0	-1	-30	1498	-1808
38	0	852	21	25	0	0	-1	-30	1499	-1807
38	0	834	23	21	0	0	0	-30	1499	-1807
38	0	834	23	21	0	0	0	-30	1500	-1806
38	0	834	23	21	0	0	0	-30	1500	-1806
38	0	831	10	8	0	0	0	-30	1501	-1805
38	0	831	10	8	0	0	0	-30	1501	-1805
38	0	831	10	8	0	0	0	-30	1501	-1805
38	0	809	-1	13	0	0	0	-30	1501	-1805
38	0	809	-1	13	0	0	0	-30	1501	-1805
38	0	809	-1	13	0	0	0	-30	1501	-1804
38	0	782	-6	17	0	0	0	-30	1501	-1804
38	0	782	-6	17	0	0	0	-30	1501	-1804
38	0	782	-6	17	0	0	0	-30	1501	-1803
38	0	759	-11	18	0	0	0	-30	1501	-1803
38	0	759	-11	18	0	0	0	-30	1501	-1803
38	0	759	-11	18	0	0	0	-30	1500	-1802
38	0	742	-16	12	0	0	0	-30	1500	-1802
38	0	742	-16	12	0	0	0	-30	1500	-1801
38	0	742	-16	12	0	0	0	-30	1500	-1801
38	0	732	-16	-2	0	0	0	-30	1499	-1801
38	0	732	-16	-2	0	0	0	-30	1498	-1801
38	0	724	-4	-6	0	0	0	-30	1498	-1801
38	0	724	-4	-6	0	0	0	-30	1498	-1801
38	0	724	-4	-6	0	0	0	-30	1498	-1801
38	0	712	-20	-18	0	0	0	-30	1498	-1801
38	0	712	-20	-18	0	0	0	-30	1497	-1802
38	0	712	-20	-18	0	0	0	-30	1497	-1802
38	0	704	-12	-27	0	0	0	-30	1496	-1803
38	0	704	-12	-27	0	0	0	-30	1496	-1803
38	0	704	-12	-27	0	0	0	-30	1496	-1804
38	0	693	-17	-29	0	0	0	-30	1496	-1804
38	0	693	-17	-29	0	0	0	-30	1495	-1805
38	0	693	-17	-29	0	0	0	-30	1495	-1806
38	0	676	-21	-40	0	0	0	-30	1494	-1806
38	0	676	-21	-40	0	0	0	-30	1494	-1807
38	0	676	-21	-40	0	0	0	-30	1494	-1808
38	0	661	-19	-60	0	0	0	-30	1493	-1809
38	0	661	-19	-60	0	0	0	-30	1493	-1810
38	0	661	-19	-60	0	0	0	-30	1492	-1811
38	0	653	-38	-76	0	0	0	-27	1492	-1813
38	0	653	-38	-76	0	0	0	-27	1491	-1814
38	0	653	-38	-76	0	0	0	-27	1490	-1816
38	0	653	-38	-76	0	0	0	-27	1489	-1817
38	0	641	-49	-79	0	0	1	-24	1489	-1819
38	0	641	-49	-79	0	0	1	-24	1488	-1821
38	0	641	-49	-79	0	0	1	-24	1487	-1822
38	0	629	-33	-55	0	-1	1	-20	1486	-1824
38	0	629	-33	-55	0	-1	1	-20	1485	-1825
38	0	629	-33	-55	0	-1	1	-20	1484	-1826
38	0	625	-32	-67	0	0	0	-16	1483	-1828
38	0	625	-32	-67	0	0	0	-16	1483	-1829
38	0	625	-32	-67	0	0	0	-16	1482	-1830
38	0	617	-28	-63	0	0	0	-12	1481	-1832
38	0	617	-28	-63	0	0	0	-12	1481	-1833
38	0	617	-28	-63	0	0	0	-12	1480	-1834
38	0	618	-19	-60	0	0	0	-7	1480	-1836
38	0	618	-19	-60	0	0	0	-7	1479	-1837
38	0	618	-19	-60	0	0	0	-7	1479	-1838
38	0	614	-1	-55	0	0	0	-3	1478	-1840
38	0	614	-1	-55	0	0	0	-3	1478	-1841
38	0	614	-1	-55	0	0	0	-3	1478	-1842
38	0	618	-8	-57	0	0	0	1	1478	-1843
38	0	618	-8	-57	0	0	0	1	1478	-1844
38	0	618	-8	-57	0	0	0	1	1478	-1846
38	0	617	-9	-52	0	0	0	5	1478	-1847
38	0	617	-9	-52	0	0	0	5	1477	-1848
38	0	617	-9	-52	0	0	0	5	1477	-1849
38	0	623	-9	-41	0	0	0	9	1477	-1850
38	0	623	-9	-41	0	0	0	9	1477	-1851
38	0	623	-9	-41	0	0	0	9	1477	-1852
38	0	623	-9	-41	0	0	0	9	1477	-1853
38	0	620	6	4	0	0	0	12	1476	-1853
38	0	620	6	4	0	0	0	12	1476	-1853
38	0	620	6	4	0	0	0	12	1477	-1853
38	0	623	-6	35	0	0	0	14	1477	-1853
38	0	623	-6	35	0	0	0	14	1477	-1852
38	0	623	-6	35	0	0	0	14	1476	-1851
38	0	623	-21	42	0	0	0	15	1476	-1851
38	0	623	-21	42	0	0	0	15	1476	-1850
38	0	626	-20	26	0	0	-1	16	1475	-1849
38	0	626	-20	26	0	0	-1	16	1475	-1848
38	0	626	-20	26	0	0	-1	16	1475	-1848
38	0	626	-20	26	0	0	-1	16	1474	-1847
38	0	624	-8	13	0	-2	-1	17	1474	-1847
38	0	624	-8	13	0	-2	-1	17	1473	-1846
38	0	624	-8	13	0	-2	-1	17	1473	-1846
38	0	625	48	10	0	-5	0	18	1473	-1846
38	0	625	48	10	0	-5	0	18	1474	-1846
38	0	625	48	10	0	-5	0	18	1475	-1845
38	0	629	136	19	0	-7	0	19	1476	-1845
38	0	629	136	19	0	-7	0	19	1479	-1845
38	0	629	136	19	0	-7	0	19	1482	-1844
37	0	633	217	27	0	-9	0	19	1485	-1844
37	0	633	217	27	0	-9	0	19	1489	-1843
37	0	633	217	27	0	-9	0	19	1494	-1843
37	0	637	318	40	0	-10	0	20	1499	-1842
37	0	637	318	40	0	-10	0	20	1505	-1841
37	0	637	318	40	0	-10	0	20	1512	-1841
37	0	648	433	48	0	-10	0	20	1519	-1840
37	0	648	433	48	0	-10	0	20	1528	-1839
37	0	648	433	48	0	-10	0	20	1537	-1838
37	0	662	581	91	0	-8	0	20	1546	-1837
37	0	662	581	91	0	-8	0	20	1558	-1835
37	0	662	581	91	0	-8	0	20	1570	-1833
37	0	671	680	131	0	-4	0	20	1583	-1831
37	0	671	680	131	0	-4	0	20	1597	-1828
37	0	671	680	131	0	-4	0	20	1611	-1825
37	0	679	726	155	0	0	0	20	1625	-1823
37	0	679	726	155	0	0	0	20	1641	-1819
37	0	679	726	155	0	0	0	20	1656	-1816
37	0	679	726	155	0	0	0	20	1671	-1813
37	0	688	696	169	0	3	-1	19	1686	-1810
37	0	688	696	169	0	3	-1	19	1701	-1806
37	0	688	696	169	0	3	-1	19	1715	-1803
37	0	695	679	181	0	5	-1	19	1730	-1799
37	0	695	679	181	0	5	-1	19	1744	-1795
37	0	695	679	181	0	5	-1	19	1758	-1791
37	0	706	613	163	0	7	-1	19	1773	-1788
37	0	706	613	163	0	7	-1	19	1786	-1784
37	0	706	613	163	0	7	-1	19	1798	-1781
37	0	714	518	144	0	8	-1	19	1811	-1777
37	0	714	518	144	0	8	-1	19	1822	-1774
37	0	714	518	144	0	8	-1	19	1833	-1771
37	0	716	375	134	0	9	-1	19	1844	-1768
37	0	716	375	134	0	9	-1	19	1852	-1765
37	0	716	375	134	0	9	-1	19	1860	-1763
37	0	720	347	124	0	9	-2	19	1868	-1760
37	0	720	347	124	0	9	-2	19	1875	-1757
37	0	720	347	124	0	9	-2	19	1882	-1754
37	0	723	253	96	0	7	-2	19	1890	-1752
37	0	723	253	96	0	7	-2	19	1895	-1750
37	0	723	253	96	0	7	-2	19	1900	-1748
37	0	727	145	56	0	4	-2	19	1905	-1746
37	0	727	145	56	0	4	-2	19	1909	-1745
37	0	727	145	56	0	4	-2	19	1912	-1743
37	0	727	145	56	0	4	-2	19	1914	-1742
37	0	727	145	52	0	1	-1	20	1918	-1741
37	0	727	145	52	0	1	-1	20	1921	-1740
37	0	727	145	52	0	1	-1	20	1924	-1739
37	0	727	154	38	0	0	0	20	1927	-1738
37	0	727	154	38	0	0	0	20	1930	-1737
37	0	727	154	38	0	0	0	20	1933	-1736
37	0	716	160	28	0	-1	0	20	1937	-1735
37	0	716	160	28	0	-1	0	20	1940	-1735
37	0	716	160	28	0	-1	0	20	1943	-1734
37	0	706	191	15	0	-1	0	19	1947	-1733
37	0	706	191	15	0	-1	0	19	1951	-1733
37	0	706	191	15	0	-1	0	19	1955	-1733
37	0	691	281	19	0	-1	0	19	1959	-1732
37	0	691	281	19	0	-1	0	19	1965	-1732
37	0	691	281	19	0	-1	0	19	1971	-1732
37	0	671	308	6	0	-1	0	19	1977	-1731
37	0	671	308	6	0	-1	0	19	1983	-1731
37	0	671	308	6	0	-1	0	19	1990	-1731
37	0	643	351	0	0	0	0	19	1996	-1731
37	0	643	351	0	0	0	0	19	2003	-1731
37	0	643	351	0	0	0	0	19	2011	-1731
37	0	618	359	-12	0	0	0	19	2018	-1731
37	0	618	359	-12	0	0	0	19	2026	-1731
37	0	618	359	-12	0	0	0	19	2033	-1731
37	0	595	337	4	0	0	0	19	2041	-1732
37	0	595	337	4	0	0	0	19	2048	-1731
37	0	595	337	4	0	0	0	19	2055	-1731
37	0	578	291	9	0	1	0	19	2062	-1731
37	0	578	291	9	0	1	0	19	2068	-1731
37	0	578	291	9	0	1	0	19	2074	-1731
37	0	570	201	24	0	1	0	19	2080	-1731
37	0	570	201	24	0	1	0	19	2085	-1730
37	0	570	201	24	0	1	0	19	2089	-1730
37	0	558	144	52	0	2	0	19	2093	-1729
37	0	558	144	52	0	2	0	19	2096	-1728
37	0	558	144	52	0	2	0	19	2099	-1727
37	0	558	144	52	0	2	0	19	2102	-1726
37	0	549	78	54	0	2	0	19	2105	-1725
37	0	549	78	54	0	2	0	19	2107	-1724
37	0	549	78	54	0	2	0	19	2108	-1723
37	0	542	19	32	0	1	0	19	2110	-1721
37	0	542	19	32	0	1	0	19	2110	-1721
37	0	542	19	32	0	1	0	19	2111	-1720
37	0	535	-2	15	0	-1	0	19	2111	-1719
37	0	535	-2	15	0	-1	0	19	2111	-1719
37	0	535	-2	15	0	-1	0	19	2111	-1719
37	0	536	18	10	0	-4	0	19	2111	-1718
37	0	536	18	10	0	-4	0	19	2111	-1718
37	0	536	18	10	0	-4	0	19	2112	-1718
37	0	539	56	15	0	-7	0	19	2112	-1718
37	0	539	56	15	0	-7	0	19	2113	-1717
37	0	539	56	15	0	-7	0	19	2115	-1717
37	0	537	166	23	0	-9	0	19	2116	-1717
37	0	537	166	23	0	-9	0	19	2119	-1716
37	0	537	166	23	0	-9	0	19	2123	-1716
37	0	538	279	43	0	-10	0	19	2126	-1715
37	0	538	279	43	0	-10	0	19	2132	-1714
37	0	538	279	43	0	-10	0	19	2138	-1713
37	0	538	279	43	0	-10	0	19	2144	-1713
37	0	540	418	66	0	-11	0	19	2150	-1712
37	0	540	418	66	0	-11	0	19	2159	-1710
37	0	541	567	79	0	-11	0	19	2169	-1709
37	0	541	567	79	0	-11	0	19	2181	-1707
37	0	541	567	79	0	-11	0	19	2193	-1705
37	0	541	750	92	0	-10	0	19	2205	-1704
37	0	541	750	92	0	-10	0	19	2221	-1702
37	0	541	750	92	0	-10	0	19	2236	-1700
37	0	541	750	92	0	-10	0	19	2252	-1698
37	0	543	858	125	0	-6	-1	19	2268	-1696
37	0	543	858	125	0	-6	-1	19	2286	-1693
37	0	543	858	125	0	-6	-1	19	2304	-1691
37	0	546	826	137	0	-1	-1	19	2322	-1688
37	0	546	826	137	0	-1	-1	19	2339	-1685
37	0	546	826	137	0	-1	-1	19	2357	-1682
37	0	553	876	53	0	2	-1	19	2374	-1679
37	0	553	876	53	0	2	-1	19	2392	-1678
37	0	553	876	53	0	2	-1	19	2411	-1677
37	0	559	918	12	0	5	-1	18	2429	-1676
37	0	559	918	12	0	5	-1	18	2449	-1676
37	0	559	918	12	0	5	-1	18	2468	-1675
37	0	565	770	-10	0	7	0	18	2487	-1675
37	0	565	770	-10	0	7	0	18	2503	-1675
37	0	565	770	-10	0	7	0	18	2520	-1676
37	0	559	533	-38	0	9	0	18	2536	-1676
37	0	559	533	-38	0	9	0	18	2547	-1677
37	0	559	533	-38	0	9	0	18	2558	-1677
37	0	556	370	-59	0	10	0	19	2569	-1678
37	0	556	370	-59	0	10	0	19	2577	-1679
37	0	556	370	-59	0	10	0	19	2585	-1681
37	0	549	248	-45	0	8	0	19	2593	-1682
37	0	549	248	-45	0	8	0	19	2598	-1683
37	0	549	248	-45	0	8	0	19	2603	-1684
37	0	537	183	-40	0	6	1	19	2608	-1685
37	0	537	183	-40	0	6	1	19	2612	-1686
37	0	537	183	-40	0	6	1	19	2616	-1686
37	0	519	108	-36	0	4	1	19	2620	-1687
37	0	519	108	-36	0	4	1	19	2622	-1688
37	0	519	108	-36	0	4	1	19	2625	-1689
37	0	519	108	-36	0	4	1	19	2627	-1690
36	0	501	65	-19	0	2	1	19	2629	-1690
36	0	501	65	-19	0	2	1	19	2630	-1691
36	0	501	65	-19	0	2	1	19	2632	-1691
36	0	484	24	-6	0	0	1	19	2633	-1692
36	0	484	24	-6	0	0	1	19	2634	-1692
36	0	484	24	-6	0	0	1	19	2634	-1692
36	0	465	16	0	0	0	1	18	2635	-1692
36	0	465	16	0	0	0	1	18	2635	-1692
36	0	465	16	0	0	0	1	18	2635	-1692
36	0	443	0	2	0	-1	0	18	2636	-1692
36	0	443	0	2	0	-1	0	18	2636	-1692
36	0	443	0	2	0	-1	0	18	2636	-1692
36	0	421	4	7	0	-1	0	18	2636	-1692
36	0	421	4	7	0	-1	0	18	2636	-1692
36	0	421	4	7	0	-1	0	18	2636	-1691
36	0	400	11	10	0	-1	0	18	2636	-1691
36	0	400	11	10	0	-1	0	18	2636	-1691
36	0	400	11	10	0	-1	0	18	2637	-1691
36	0	381	15	10	0	-1	0	18	2637	-1691
36	0	381	15	10	0	-1	0	18	2637	-1690
36	0	381	15	10	0	-1	0	18	2637	-1690
36	0	381	15	10	0	-1	0	18	2638	-1690
36	0	361	26	2	0	-1	0	18	2638	-1690
36	0	361	26	2	0	-1	0	18	2639	-1690
36	0	342	33	-4	0	-1	0	18	2639	-1690
36	0	342	33	-4	0	-1	0	18	2640	-1690
36	0	342	33	-4	0	-1	0	18	2641	-1690
36	0	342	33	-4	0	-1	0	18	2641	-1690
36	0	326	37	-4	0	-1	0	18	2642	-1690
36	0	326	37	-4	0	-1	0	18	2643	-1690
36	0	326	37	-4	0	-1	0	18	2643	-1690
36	0	312	27	13	0	-2	0	18	2644	-1690
36	0	312	27	13	0	-2	0	18	2645	-1690
36	0	312	27	13	0	-2	0	18	2645	-1690
36	0	299	47	5	0	-4	0	18	2646	-1689
36	0	299	47	5	0	-4	0	18	2647	-1689
36	0	299	47	5	0	-4	0	18	2648	-1689
36	0	288	125	13	0	-5	0	18	2649	-1689
36	0	288	125	13	0	-5	0	18	2652	-1689
36	0	288	125	13	0	-5	0	18	2654	-1689
36	0	279	172	30	0	-3	0	18	2657	-1688
36	0	279	172	30	0	-3	0	18	2661	-1688
36	0	279	172	30	0	-3	0	18	2664	-1687
36	0	275	179	31	0	0	0	18	2668	-1686
36	0	275	179	31	0	0	0	18	2672	-1686
36	0	275	179	31	0	0	0	18	2675	-1685
36	0	272	156	14	0	1	0	19	2679	-1684
36	0	272	156	14	0	1	0	19	2682	-1684
36	0	272	156	14	0	1	0	19	2686	-1684
35	0	272	129	7	0	2	0	19	2689	-1683
35	0	272	129	7	0	2	0	19	2692	-1683
35	0	272	129	7	0	2	0	19	2694	-1683
35	0	273	94	2	0	2	0	19	2697	-1683
35	0	273	94	2	0	2	0	19	2699	-1683
35	0	273	94	2	0	2	0	19	2701	-1683
35	0	276	73	0	0	0	0	19	2703	-1683
35	0	276	73	0	0	0	0	19	2705	-1683
35	0	276	73	0	0	0	0	19	2706	-1683
35	0	276	73	0	0	0	0	19	2708	-1683
35	0	271	86	2	0	-2	0	19	2709	-1683
35	0	271	86	2	0	-2	0	19	2711	-1683
35	0	271	86	2	0	-2	0	19	2713	-1683
35	0	269	94	17	0	-5	0	18	2715	-1683
35	0	269	94	17	0	-5	0	18	2717	-1682
35	0	269	94	17	0	-5	0	18	2719	-1682
35	0	268	164	30	0	-5	0	18	2721	-1681
35	0	268	164	30	0	-5	0	18	2724	-1681
35	0	268	164	30	0	-5	0	18	2728	-1680
35	0	271	205	34	0	-3	0	18	2731	-1680
35	0	271	205	34	0	-3	0	18	2735	-1679
35	0	271	205	34	0	-3	0	18	2740	-1678
35	0	273	196	23	0	0	0	18	2744	-1677
35	0	273	196	23	0	0	0	18	2748	-1677
35	0	273	196	23	0	0	0	18	2752	-1676
35	0	278	172	15	0	2	0	18	2756	-1676
35	0	278	172	15	0	2	0	18	2760	-1676
35	0	278	172	15	0	2	0	18	2764	-1675
35	0	284	131	7	0	3	0	18	2767	-1675
35	0	284	131	7	0	3	0	18	2770	-1675
35	0	284	131	7	0	3	0	18	2773	-1675
35	0	284	131	7	0	3	0	18	2776	-1674
35	0	290	85	1	0	3	0	18	2778	-1674
35	0	290	85	1	0	3	0	18	2780	-1674
35	0	294	41	-1	0	3	0	18	2782	-1674
35	0	294	41	-1	0	3	0	18	2783	-1674
35	0	294	41	-1	0	3	0	18	2784	-1674
35	0	299	4	0	0	2	0	18	2784	-1674
35	0	299	4	0	0	2	0	18	2785	-1674
35	0	299	4	0	0	2	0	18	2785	-1674
35	0	299	4	0	0	2	0	18	2785	-1674
35	0	301	-22	0	0	2	0	18	2785	-1674
35	0	301	-22	0	0	2	0	18	2784	-1674
35	0	301	-22	0	0	2	0	18	2784	-1674
35	0	304	-37	3	0	1	0	19	2783	-1674
35	0	304	-37	3	0	1	0	19	2783	-1674
35	0	304	-37	3	0	1	0	19	2782	-1674
35	0	283	-40	4	0	0	0	19	2781	-1674
35	0	283	-40	4	0	0	0	19	2780	-1674
35	0	283	-40	4	0	0	0	19	2779	-1674
35	0	261	-51	9	0	0	0	19	2778	-1674
35	0	261	-51	9	0	0	0	19	2777	-1674
35	0	261	-51	9	0	0	0	19	2776	-1673
35	0	225	-55	11	0	0	0	19	2775	-1673
35	0	225	-55	11	0	0	0	19	2774	-1673
35	0	225	-55	11	0	0	0	19	2773	-1673
35	0	198	-55	11	0	0	0	19	2772	-1673
35	0	198	-55	11	0	0	0	19	2771	-1672
35	0	198	-55	11	0	0	0	19	2769	-1672
35	0	167	-47	6	0	0	0	19	2768	-1672
35	0	167	-47	6	0	0	0	19	2767	-1672
35	0	167	-47	6	0	0	0	19	2766	-1672
35	0	124	-37	3	0	0	0	19	2765	-1671
35	0	124	-37	3	0	0	0	19	2764	-1671
35	0	124	-37	3	0	0	0	19	2764	-1671
35	0	91	-28	0	0	0	0	19	2763	-1671
35	0	91	-28	0	0	0	0	19	2762	-1671
35	0	91	-28	0	0	0	0	19	2762	-1671
35	0	52	-20	-1	0	0	0	19	2761	-1671
35	0	52	-20	-1	0	0	0	19	2761	-1671
35	0	52	-20	-1	0	0	0	19	2760	-1671
35	0	52	-20	-1	0	0	0	19	2760	-1671
35	0	33	-11	-7	0	0	0	19	2759	-1671
35	0	33	-11	-7	0	0	0	19	2759	-1671
35	0	33	-11	-7	0	0	0	19	2759	-1672
35	0	5	-10	-11	0	0	0	19	2759	-1672
35	0	5	-10	-11	0	0	0	19	2758	-1672
35	0	5	-10	-11	0	0	0	19	2758	-1672
35	0	4294967248	-16	-13	0	0	0	19	2758	-1673
35	0	4294967248	-16	-13	0	0	0	19	2758	-1673
35	0	4294967248	-16	-13	0	0	0	19	2757	-1673
35	0	0	0	0	0	-1	0	19	2757	-1673
35	0	0	0	0	0	-1	0	19	2757	-1673
35	0	0	0	0	0	-1	0	19	2757	-1673
35	0	0	0	0	0	-1	0	19	2757	-1673
35	0	0	0	0	0	-1	0	19	2757	-1673
35	0	0	0	0	0	-1	0	19	2757	-1673
35	0	0	0	0	0	-1	0	19	2757	-1673
35	0	0	0	0	0	-1	0	19	2757	-1673
35	0	0	0	0	0	-1	0	19	2757	-1673
35	0	0	0	0	0	-1	0	19	2757	-1673
35	0	0	0	0	0	-1	0	19	2757	-1673
35	0	0	0	0	0	-1	0	19	2757	-1673
35	0	0	0	0	0	-1	0	19	2757	-1673
35	0	0	0	0	0	-1	0	19	2757	-1673
35	0	0	0	0	0	-1	0	19	2757	-1673
35	0	0	0	0	0	-1	0	19	2757	-1673
35	0	0	0	0	0	-1	0	19	2757	-1673
35	0	0	0	0	0	-1	0	19	2757	-1673
35	0	0	0	0	0	-1	0	19	2757	-1673
35	0	0	0	0	0	-1	0	19	2757	-1673
35	0	0	0	0	0	-1	0	19	2757	-1673
35	0	0	0	0	0	-1	0	19	2757	-1673
35	0	0	0	0	0	-1	0	19	2757	-1673
35	0	0	0	0	0	-1	0	19	2757	-1673
35	0	0	0	0	0	-1	0	19	2757	-1673
35	0	0	0	0	0	-1	0	19	2757	-1673
35	0	0	0	0	0	-1	0	19	2757	-1673
35	0	0	0	0	0	-1	0	19	2757	-1673
35	0	0	0	0	0	-1	0	19	2757	-1673
35	0	0	0	0	0	-1	0	19	2757	-1673
35	0	0	0	0	0	-1	0	19	2757	-1673
35	0	0	0	0	0	-1	0	19	2757	-1673
35	0	0	0	0	0	-1	0	19	2757	-1673
35	0	0	0	0	0	-1	0	19	2757	-1673
35	0	0	0	0	0	-1	0	19	2757	-1673
35	0	0	0	0	0	-1	0	19	2757	-1673
35	0	0	0	0	0	-1	0	19	2757	-1673
35	0	0	0	0	0	-1	0	19	2757	-1673
35	0	0	0	0	0	-1	0	19	2757	-1673
35	0	0	0	0	0	-1	0	19	2757	-1673
35	0	0	0	0	0	-1	0	19	2757	-1673
35	0	0	0	0	0	-1	0	19	2757	-1673
35	0	0	0	0	0	-1	0	19	2757	-1673
35	0	0	0	0	0	-1	0	19	2757	-1673
35	0	0	0	0	0	-1	0	19	2757	-1673
35	0	0	0	0	0	-1	0	19	2757	-1673
35	0	0	0	0	0	-1	0	19	2757	-1673
35	0	0	0	0	0	-1	0	19	2757	-1673
35	0	0	0	0	0	-1	0	19	2757	-1673
35	0	0	0	0	0	-1	0	19	2757	-1673
35	0	0	0	0	0	-1	0	19	2757	-1673
35	0	0	0	0	0	-1	0	19	2757	-1673
35	0	0	0	0	0	-1	0	19	2757	-1673
35	0	0	0	0	0	-1	0	19	2757	-1673
35	0	0	0	0	0	-1	0	19	2757	-1673
35	0	0	0	0	0	-1	0	19	2757	-1673
35	0	0	0	0	0	-1	0	19	2757	-1673
35	0	0	0	0	0	-1	0	19	2757	-1673
35	0	0	0	0	0	-1	0	19	2757	-1673
35	0	0	0	0	0	-1	0	19	2757	-1673
35	0	0	0	0	0	-1	0	19	2757	-1673
35	0	0	0	0	0	-1	0	19	2757	-1673
35	0	0	0	0	0	-1	0	19	2757	-1673
35	0	0	0	0	0	-1	0	19	2757	-1673
35	0	0	0	0	0	-1	0	19	2757	-1673
35	0	0	0	0	0	-1	0	19	2757	-1673
35	0	0	0	0	0	-1	0	19	2757	-1673
35	0	0	0	0	0	-1	0	19	2757	-1673
35	0	0	0	0	0	-1	0	19	2757	-1673
35	0	0	0	0	0	-1	0	19	2757	-1673
35	0	0	0	0	0	-1	0	19	2757	-1673
35	0	0	0	0	0	-1	0	19	2757	-1673
35	0	0	0	0	0	-1	0	19	2757	-1673
35	0	0	0	0	0	-1	0	19	2757	-1673
35	0	0	0	0	0	-1	0	19	2757	-1673
35	0	0	0	0	0	-1	0	19	2757	-1673
35	0	0	0	0	0	-1	0	19	2757	-1673
35	0	0	0	0	0	-1	0	19	2757	-1673
35	0	0	0	0	0	-1	0	19	2757	-1673
35	0	0	0	0	0	-1	0	19	2757	-1673
35	0	0	0	0	0	-1	0	19	2757	-1673
35	0	0	0	0	0	-1	0	19	2757	-1673
35	0	0	0	0	0	-1	0	19	2757	-1673
35	0	0	0	0	0	-1	0	19	2757	-1673
35	0	0	0	0	0	-1	0	19	2757	-1673
35	0	0	0	0	0	-1	0	19	2757	-1673
35	0	0	0	0	0	-1	0	19	2757	-1673
35	0	0	0	0	0	-1	0	19	2757	-1673
35	0	0	0	0	0	-1	0	19	2757	-1673
35	0	0	0	0	0	-1	0	19	2757	-1673
35	0	0	0	0	0	-1	0	19	2757	-1673
35	0	0	0	0	0	-1	0	19	2757	-1673
35	0	0	0	0	0	-1	0	19	2757	-1673
35	0	0	0	0	0	-1	0	19	2757	-1673
35	0	0	0	0	0	-1	0	19	2757	-1673
35	0	0	0	0	0	-1	0	19	2757	-1673
35	0	0	0	0	0	-1	0	19	2757	-1673
35	0	0	0	0	0	-1	0	19	2757	-1673
35	0	0	0	0	0	-1	0	19	2757	-1673
35	0	0	0	0	0	-1	0	19	2757	-1673
35	0	0	0	0	0	-1	0	19	2757	-1673
35	0	0	0	0	0	-1	0	19	2757	-1673
35	0	0	0	0	0	-1	0	19	2757	-1673
35	0	0	0	0	0	-1	0	19	2757	-1673
35	0	0	0	0	0	-1	0	19	2757	-1673
35	0	0	0	0	0	-1	0	19	2757	-1673
35	0	0	0	0	0	-1	0	19	2757	-1673
35	0	0	0	0	0	-1	0	19	2757	-1673
35	0	0	0	0	0	-1	0	19	2757	-1673
35	0	0	0	0	0	-1	0	19	2757	-1673
35	0	0	0	0	0	-1	0	19	2757	-1673
35	0	0	0	0	0	-1	0	19	2757	-1673
35	0	0	0	0	0	-1	0	19	2757	-1673
35	0	0	0	0	0	-1	0	19	2757	-1673
35	0	0	0	0	0	-1	0	19	2757	-1673
35	0	0	0	0	0	-1	0	19	2757	-1673
35	0	0	0	0	0	-1	0	19	2757	-1673
35	0	0	0	0	0	-1	0	19	2757	-1673
35	0	0	0	0	0	-1	0	19	2757	-1673
35	0	0	0	0	0	-1	0	19	2757	-1673
35	0	0	0	0	0	-1	0	19	2757	-1673
35	0	0	0	0	0	-1	0	19	2757	-1673
35	0	0	0	0	0	-1	0	19	2757	-1673
35	0	0	0	0	0	-1	0	19	2757	-1673
35	0	0	0	0	0	-1	0	19	2757	-1673
35	0	0	0	0	0	-1	0	19	2757	-1673
35	0	0	0	0	0	-1	0	19	2757	-1673
35	0	0	0	0	0	-1	0	19	2757	-1673
35	0	0	0	0	0	-1	0	19	2757	-1673
35	0	0	0	0	0	-1	0	19	2757	-1673
35	0	0	0	0	0	-1	0	19	2757	-1673
35	0	0	0	0	0	-1	0	19	2757	-1673
35	0	0	0	0	0	-1	0	19	2757	-1673
35	0	0	0	0	0	-1	0	19	2757	-1673
35	0	0	0	0	0	-1	0	19	2757	-1673
35	0	0	0	0	0	-1	0	19	2757	-1673
35	0	0	0	0	0	-1	0	19	2757	-1673
35	0	0	0	0	0	-1	0	19	2757	-1673
35	0	0	0	0	0	-1	0	19	2757	-1673
35	0	0	0	0	0	-1	0	19	2757	-1673
35	0	0	0	0	0	-1	0	19	2757	-1673
35	0	0	0	0	0	-1	0	19	2757	-1673
35	0	0	0	0	0	-1	0	19	2757	-1673
35	0	0	0	0	0	-1	0	19	2757	-1673
35	0	0	0	0	0	-1	0	19	2757	-1673
35	0	0	0	0	0	-1	0	19	2757	-1673
35	0	0	0	0	0	-1	0	19	2757	-1673
35	0	0	0	0	0	-1	0	19	2757	-1673
35	0	0	0	0	0	-1	0	19	2757	-1673
35	0	0	0	0	0	-1	0	19	2757	-1673
35	0	0	0	0	0	-1	0	19	2757	-1673
35	0	0	0	0	0	-1	0	19	2757	-1673
35	0	0	0	0	0	0	0	19	2757	-1673
35	0	0	0	0	0	0	0	19	2757	-1673
35	0	0	0	0	0	0	0	19	2757	-1673
35	0	0	0	0	0	0	0	19	2757	-1673
